standEta_V_abscissa,standEta_V_cdf,standEta_Cl_abscissa,standEta_Cl_cdf,split
-4,0,-4,0,All
-3.86915,0.000999001,-3.8617,0.000999001,All
-3.02369,0.001998,-3.13152,0.001998,All
-2.54317,0.002997,-2.92961,0.002997,All
-2.3455,0.003996,-2.41225,0.003996,All
-2.24018,0.004995,-2.37298,0.004995,All
-2.18453,0.00599401,-2.32803,0.00599401,All
-2.0627,0.00699301,-2.19615,0.00699301,All
-2.02838,0.00799201,-2.16689,0.00799201,All
-1.96742,0.00899101,-2.15919,0.00899101,All
-1.90302,0.00999001,-2.0534,0.00999001,All
-1.82744,0.010989,-2.01527,0.010989,All
-1.75941,0.011988,-2.00075,0.011988,All
-1.74555,0.012987,-1.9119,0.012987,All
-1.59579,0.013986,-1.90725,0.013986,All
-1.58131,0.014985,-1.83276,0.014985,All
-1.57382,0.015984,-1.82488,0.015984,All
-1.5673,0.016983,-1.80678,0.016983,All
-1.55655,0.017982,-1.78438,0.017982,All
-1.53497,0.018981,-1.78313,0.018981,All
-1.52129,0.01998,-1.77881,0.01998,All
-1.51112,0.020979,-1.77081,0.020979,All
-1.508,0.021978,-1.7644,0.021978,All
-1.50525,0.022977,-1.75576,0.022977,All
-1.48053,0.023976,-1.69468,0.023976,All
-1.46964,0.024975,-1.6113,0.024975,All
-1.46277,0.025974,-1.5967,0.025974,All
-1.35307,0.026973,-1.58357,0.026973,All
-1.34778,0.027972,-1.56806,0.027972,All
-1.31737,0.028971,-1.41664,0.028971,All
-1.30402,0.02997,-1.3942,0.02997,All
-1.29544,0.030969,-1.3734,0.030969,All
-1.28975,0.031968,-1.36409,0.031968,All
-1.28063,0.032967,-1.31181,0.032967,All
-1.2534,0.033966,-1.30801,0.033966,All
-1.24281,0.034965,-1.30799,0.034965,All
-1.22478,0.035964,-1.30341,0.035964,All
-1.22303,0.036963,-1.22936,0.036963,All
-1.22143,0.037962,-1.21309,0.037962,All
-1.21249,0.038961,-1.1882,0.038961,All
-1.20977,0.03996,-1.17183,0.03996,All
-1.20379,0.040959,-1.13652,0.040959,All
-1.19287,0.041958,-1.11997,0.041958,All
-1.17431,0.042957,-1.11584,0.042957,All
-1.17337,0.043956,-1.09431,0.043956,All
-1.13711,0.044955,-1.06552,0.044955,All
-1.12592,0.045954,-1.06438,0.045954,All
-1.12207,0.046953,-1.0627,0.046953,All
-1.10922,0.047952,-1.05554,0.047952,All
-1.10781,0.048951,-1.04742,0.048951,All
-1.10083,0.04995,-1.03944,0.04995,All
-1.09007,0.0509491,-1.03351,0.0509491,All
-1.08659,0.0519481,-1.01013,0.0519481,All
-1.08176,0.0529471,-1.0019,0.0529471,All
-1.07603,0.0539461,-0.990175,0.0539461,All
-1.07602,0.0549451,-0.985581,0.0549451,All
-1.06032,0.0559441,-0.983428,0.0559441,All
-1.04338,0.0569431,-0.981734,0.0569431,All
-1.03976,0.0579421,-0.972647,0.0579421,All
-1.02863,0.0589411,-0.969097,0.0589411,All
-1.02656,0.0599401,-0.946482,0.0599401,All
-1.01816,0.0609391,-0.93595,0.0609391,All
-1.00251,0.0619381,-0.909657,0.0619381,All
-1.00051,0.0629371,-0.89696,0.0629371,All
-0.99451,0.0639361,-0.892862,0.0639361,All
-0.988854,0.0649351,-0.872831,0.0649351,All
-0.983357,0.0659341,-0.866156,0.0659341,All
-0.973776,0.0669331,-0.854404,0.0669331,All
-0.973715,0.0679321,-0.849102,0.0679321,All
-0.96491,0.0689311,-0.842884,0.0689311,All
-0.960996,0.0699301,-0.825025,0.0699301,All
-0.94753,0.0709291,-0.823815,0.0709291,All
-0.942982,0.0719281,-0.822953,0.0719281,All
-0.930711,0.0729271,-0.822114,0.0729271,All
-0.924687,0.0739261,-0.811698,0.0739261,All
-0.923497,0.0749251,-0.811251,0.0749251,All
-0.917883,0.0759241,-0.808254,0.0759241,All
-0.899501,0.0769231,-0.808052,0.0769231,All
-0.896052,0.0779221,-0.807065,0.0779221,All
-0.893496,0.0789211,-0.800362,0.0789211,All
-0.890581,0.0799201,-0.797162,0.0799201,All
-0.890186,0.0809191,-0.785291,0.0809191,All
-0.862122,0.0819181,-0.78389,0.0819181,All
-0.858443,0.0829171,-0.779532,0.0829171,All
-0.85553,0.0839161,-0.779226,0.0839161,All
-0.852411,0.0849151,-0.777937,0.0849151,All
-0.852234,0.0859141,-0.775857,0.0859141,All
-0.850038,0.0869131,-0.771977,0.0869131,All
-0.848015,0.0879121,-0.770347,0.0879121,All
-0.845983,0.0889111,-0.767456,0.0889111,All
-0.839885,0.0899101,-0.76352,0.0899101,All
-0.830655,0.0909091,-0.760476,0.0909091,All
-0.82478,0.0919081,-0.754565,0.0919081,All
-0.796474,0.0929071,-0.747509,0.0929071,All
-0.786913,0.0939061,-0.746125,0.0939061,All
-0.784523,0.0949051,-0.733181,0.0949051,All
-0.782955,0.0959041,-0.731701,0.0959041,All
-0.782942,0.0969031,-0.720043,0.0969031,All
-0.780752,0.0979021,-0.706848,0.0979021,All
-0.771216,0.0989011,-0.697043,0.0989011,All
-0.769733,0.0999001,-0.6934,0.0999001,All
-0.769025,0.100899,-0.689232,0.100899,All
-0.763612,0.101898,-0.687659,0.101898,All
-0.759825,0.102897,-0.683933,0.102897,All
-0.757926,0.103896,-0.678992,0.103896,All
-0.755857,0.104895,-0.678697,0.104895,All
-0.75167,0.105894,-0.677255,0.105894,All
-0.74834,0.106893,-0.66851,0.106893,All
-0.746772,0.107892,-0.656505,0.107892,All
-0.745337,0.108891,-0.654277,0.108891,All
-0.745239,0.10989,-0.651623,0.10989,All
-0.741077,0.110889,-0.642279,0.110889,All
-0.727535,0.111888,-0.634396,0.111888,All
-0.71743,0.112887,-0.631471,0.112887,All
-0.699287,0.113886,-0.631405,0.113886,All
-0.687927,0.114885,-0.631222,0.114885,All
-0.677781,0.115884,-0.629731,0.115884,All
-0.675069,0.116883,-0.629294,0.116883,All
-0.674122,0.117882,-0.624565,0.117882,All
-0.664484,0.118881,-0.62152,0.118881,All
-0.660996,0.11988,-0.619577,0.11988,All
-0.657869,0.120879,-0.613368,0.120879,All
-0.653004,0.121878,-0.601203,0.121878,All
-0.648384,0.122877,-0.600224,0.122877,All
-0.644264,0.123876,-0.599288,0.123876,All
-0.636972,0.124875,-0.595856,0.124875,All
-0.635479,0.125874,-0.589293,0.125874,All
-0.631393,0.126873,-0.582329,0.126873,All
-0.630311,0.127872,-0.573803,0.127872,All
-0.628181,0.128871,-0.566167,0.128871,All
-0.624378,0.12987,-0.558763,0.12987,All
-0.623845,0.130869,-0.556311,0.130869,All
-0.61781,0.131868,-0.548849,0.131868,All
-0.617172,0.132867,-0.546638,0.132867,All
-0.613708,0.133866,-0.544675,0.133866,All
-0.611307,0.134865,-0.542774,0.134865,All
-0.597667,0.135864,-0.538826,0.135864,All
-0.593811,0.136863,-0.538431,0.136863,All
-0.589175,0.137862,-0.537514,0.137862,All
-0.588413,0.138861,-0.537227,0.138861,All
-0.584373,0.13986,-0.534556,0.13986,All
-0.583864,0.140859,-0.531158,0.140859,All
-0.581648,0.141858,-0.530512,0.141858,All
-0.581601,0.142857,-0.530023,0.142857,All
-0.579536,0.143856,-0.529189,0.143856,All
-0.5777,0.144855,-0.52617,0.144855,All
-0.577464,0.145854,-0.523688,0.145854,All
-0.577216,0.146853,-0.520309,0.146853,All
-0.571844,0.147852,-0.516267,0.147852,All
-0.570522,0.148851,-0.510423,0.148851,All
-0.567594,0.14985,-0.503955,0.14985,All
-0.567585,0.150849,-0.498411,0.150849,All
-0.567489,0.151848,-0.496872,0.151848,All
-0.566136,0.152847,-0.496726,0.152847,All
-0.566061,0.153846,-0.491564,0.153846,All
-0.565739,0.154845,-0.49037,0.154845,All
-0.565119,0.155844,-0.490022,0.155844,All
-0.564998,0.156843,-0.482094,0.156843,All
-0.562577,0.157842,-0.478688,0.157842,All
-0.561256,0.158841,-0.477238,0.158841,All
-0.559732,0.15984,-0.475905,0.15984,All
-0.558063,0.160839,-0.467661,0.160839,All
-0.555949,0.161838,-0.466684,0.161838,All
-0.553734,0.162837,-0.457636,0.162837,All
-0.550992,0.163836,-0.445855,0.163836,All
-0.546694,0.164835,-0.444785,0.164835,All
-0.542423,0.165834,-0.433596,0.165834,All
-0.541973,0.166833,-0.432335,0.166833,All
-0.540668,0.167832,-0.431112,0.167832,All
-0.536134,0.168831,-0.429584,0.168831,All
-0.534648,0.16983,-0.428201,0.16983,All
-0.533881,0.170829,-0.423216,0.170829,All
-0.53311,0.171828,-0.411187,0.171828,All
-0.531026,0.172827,-0.409182,0.172827,All
-0.525236,0.173826,-0.402967,0.173826,All
-0.524432,0.174825,-0.401991,0.174825,All
-0.521159,0.175824,-0.40172,0.175824,All
-0.517934,0.176823,-0.401141,0.176823,All
-0.513293,0.177822,-0.398548,0.177822,All
-0.508859,0.178821,-0.392866,0.178821,All
-0.506045,0.17982,-0.392043,0.17982,All
-0.503777,0.180819,-0.391771,0.180819,All
-0.500218,0.181818,-0.386278,0.181818,All
-0.498183,0.182817,-0.384342,0.182817,All
-0.497206,0.183816,-0.383698,0.183816,All
-0.493084,0.184815,-0.383689,0.184815,All
-0.490544,0.185814,-0.382514,0.185814,All
-0.489431,0.186813,-0.376184,0.186813,All
-0.488821,0.187812,-0.376107,0.187812,All
-0.487581,0.188811,-0.375346,0.188811,All
-0.482998,0.18981,-0.374231,0.18981,All
-0.482143,0.190809,-0.370227,0.190809,All
-0.479795,0.191808,-0.364555,0.191808,All
-0.479608,0.192807,-0.363201,0.192807,All
-0.479532,0.193806,-0.360724,0.193806,All
-0.476112,0.194805,-0.359755,0.194805,All
-0.476053,0.195804,-0.359622,0.195804,All
-0.47,0.196803,-0.351551,0.196803,All
-0.469107,0.197802,-0.350301,0.197802,All
-0.467084,0.198801,-0.346798,0.198801,All
-0.461009,0.1998,-0.337176,0.1998,All
-0.452449,0.200799,-0.334843,0.200799,All
-0.450791,0.201798,-0.330534,0.201798,All
-0.443677,0.202797,-0.324566,0.202797,All
-0.440456,0.203796,-0.324453,0.203796,All
-0.438909,0.204795,-0.31892,0.204795,All
-0.436619,0.205794,-0.314683,0.205794,All
-0.433517,0.206793,-0.313638,0.206793,All
-0.430503,0.207792,-0.313174,0.207792,All
-0.426283,0.208791,-0.31231,0.208791,All
-0.42599,0.20979,-0.310148,0.20979,All
-0.424332,0.210789,-0.309141,0.210789,All
-0.419737,0.211788,-0.295546,0.211788,All
-0.41957,0.212787,-0.292833,0.212787,All
-0.416888,0.213786,-0.280537,0.213786,All
-0.415925,0.214785,-0.279731,0.214785,All
-0.415629,0.215784,-0.279353,0.215784,All
-0.411659,0.216783,-0.278049,0.216783,All
-0.411371,0.217782,-0.277289,0.217782,All
-0.409541,0.218781,-0.275934,0.218781,All
-0.407284,0.21978,-0.273514,0.21978,All
-0.407211,0.220779,-0.273052,0.220779,All
-0.400635,0.221778,-0.272611,0.221778,All
-0.38873,0.222777,-0.269982,0.222777,All
-0.387609,0.223776,-0.265381,0.223776,All
-0.385873,0.224775,-0.26232,0.224775,All
-0.384171,0.225774,-0.261103,0.225774,All
-0.383991,0.226773,-0.260996,0.226773,All
-0.383689,0.227772,-0.260775,0.227772,All
-0.382922,0.228771,-0.259183,0.228771,All
-0.381077,0.22977,-0.251771,0.22977,All
-0.374657,0.230769,-0.251304,0.230769,All
-0.374631,0.231768,-0.250889,0.231768,All
-0.373046,0.232767,-0.244424,0.232767,All
-0.372595,0.233766,-0.242592,0.233766,All
-0.372322,0.234765,-0.232772,0.234765,All
-0.372102,0.235764,-0.232367,0.235764,All
-0.371357,0.236763,-0.231884,0.236763,All
-0.368383,0.237762,-0.231531,0.237762,All
-0.364211,0.238761,-0.228328,0.238761,All
-0.363435,0.23976,-0.22756,0.23976,All
-0.3585,0.240759,-0.226134,0.240759,All
-0.358016,0.241758,-0.225296,0.241758,All
-0.357318,0.242757,-0.225003,0.242757,All
-0.355971,0.243756,-0.221381,0.243756,All
-0.355757,0.244755,-0.218674,0.244755,All
-0.355693,0.245754,-0.215369,0.245754,All
-0.355302,0.246753,-0.215191,0.246753,All
-0.355061,0.247752,-0.213983,0.247752,All
-0.352438,0.248751,-0.213809,0.248751,All
-0.351847,0.24975,-0.209173,0.24975,All
-0.349038,0.250749,-0.207706,0.250749,All
-0.344207,0.251748,-0.203747,0.251748,All
-0.341351,0.252747,-0.19789,0.252747,All
-0.340879,0.253746,-0.194072,0.253746,All
-0.340458,0.254745,-0.187108,0.254745,All
-0.337718,0.255744,-0.186725,0.255744,All
-0.335202,0.256743,-0.18266,0.256743,All
-0.33354,0.257742,-0.181999,0.257742,All
-0.33191,0.258741,-0.177243,0.258741,All
-0.331851,0.25974,-0.173012,0.25974,All
-0.331413,0.260739,-0.171019,0.260739,All
-0.33108,0.261738,-0.170604,0.261738,All
-0.328863,0.262737,-0.168176,0.262737,All
-0.328636,0.263736,-0.167475,0.263736,All
-0.327187,0.264735,-0.166379,0.264735,All
-0.326589,0.265734,-0.165057,0.265734,All
-0.323449,0.266733,-0.163722,0.266733,All
-0.318498,0.267732,-0.161707,0.267732,All
-0.313908,0.268731,-0.161541,0.268731,All
-0.311489,0.26973,-0.160836,0.26973,All
-0.30949,0.270729,-0.158502,0.270729,All
-0.306466,0.271728,-0.158073,0.271728,All
-0.305526,0.272727,-0.155537,0.272727,All
-0.305273,0.273726,-0.154436,0.273726,All
-0.304915,0.274725,-0.154327,0.274725,All
-0.304643,0.275724,-0.154256,0.275724,All
-0.304217,0.276723,-0.153617,0.276723,All
-0.304092,0.277722,-0.150465,0.277722,All
-0.303034,0.278721,-0.145408,0.278721,All
-0.30272,0.27972,-0.143865,0.27972,All
-0.301077,0.280719,-0.142862,0.280719,All
-0.300249,0.281718,-0.141308,0.281718,All
-0.299991,0.282717,-0.140376,0.282717,All
-0.29784,0.283716,-0.13951,0.283716,All
-0.297576,0.284715,-0.13894,0.284715,All
-0.29527,0.285714,-0.133951,0.285714,All
-0.293604,0.286713,-0.132889,0.286713,All
-0.290693,0.287712,-0.131534,0.287712,All
-0.289538,0.288711,-0.130637,0.288711,All
-0.283964,0.28971,-0.129431,0.28971,All
-0.281444,0.290709,-0.124192,0.290709,All
-0.28067,0.291708,-0.122951,0.291708,All
-0.278398,0.292707,-0.122732,0.292707,All
-0.277847,0.293706,-0.118906,0.293706,All
-0.277211,0.294705,-0.118083,0.294705,All
-0.277184,0.295704,-0.117062,0.295704,All
-0.277045,0.296703,-0.1143,0.296703,All
-0.273844,0.297702,-0.113978,0.297702,All
-0.273066,0.298701,-0.113844,0.298701,All
-0.272786,0.2997,-0.112941,0.2997,All
-0.272486,0.300699,-0.110351,0.300699,All
-0.271833,0.301698,-0.10957,0.301698,All
-0.271395,0.302697,-0.10948,0.302697,All
-0.267217,0.303696,-0.109177,0.303696,All
-0.266013,0.304695,-0.100387,0.304695,All
-0.264879,0.305694,-0.100252,0.305694,All
-0.263495,0.306693,-0.100238,0.306693,All
-0.263311,0.307692,-0.0994181,0.307692,All
-0.263161,0.308691,-0.0979783,0.308691,All
-0.263125,0.30969,-0.0962045,0.30969,All
-0.262905,0.310689,-0.0958655,0.310689,All
-0.260938,0.311688,-0.0936483,0.311688,All
-0.25948,0.312687,-0.0928122,0.312687,All
-0.257838,0.313686,-0.0918976,0.313686,All
-0.257439,0.314685,-0.0848423,0.314685,All
-0.256672,0.315684,-0.0809084,0.315684,All
-0.255494,0.316683,-0.0805163,0.316683,All
-0.255152,0.317682,-0.0800079,0.317682,All
-0.252809,0.318681,-0.0796101,0.318681,All
-0.251978,0.31968,-0.0789622,0.31968,All
-0.251673,0.320679,-0.0778699,0.320679,All
-0.250234,0.321678,-0.0749668,0.321678,All
-0.248529,0.322677,-0.0735516,0.322677,All
-0.247855,0.323676,-0.0727354,0.323676,All
-0.24777,0.324675,-0.0686172,0.324675,All
-0.246418,0.325674,-0.0679616,0.325674,All
-0.244753,0.326673,-0.0679159,0.326673,All
-0.241087,0.327672,-0.0669536,0.327672,All
-0.240282,0.328671,-0.0639064,0.328671,All
-0.240091,0.32967,-0.0578082,0.32967,All
-0.234505,0.330669,-0.0577902,0.330669,All
-0.233228,0.331668,-0.0569863,0.331668,All
-0.232778,0.332667,-0.0562469,0.332667,All
-0.232641,0.333666,-0.0526942,0.333666,All
-0.231765,0.334665,-0.0493133,0.334665,All
-0.230768,0.335664,-0.0486567,0.335664,All
-0.229841,0.336663,-0.0473502,0.336663,All
-0.227045,0.337662,-0.0469419,0.337662,All
-0.226539,0.338661,-0.0468983,0.338661,All
-0.223318,0.33966,-0.0442797,0.33966,All
-0.222831,0.340659,-0.0423492,0.340659,All
-0.221992,0.341658,-0.0361793,0.341658,All
-0.219798,0.342657,-0.0353644,0.342657,All
-0.217918,0.343656,-0.0345718,0.343656,All
-0.217889,0.344655,-0.0343735,0.344655,All
-0.217308,0.345654,-0.0341607,0.345654,All
-0.216133,0.346653,-0.033657,0.346653,All
-0.211888,0.347652,-0.0329613,0.347652,All
-0.211794,0.348651,-0.027216,0.348651,All
-0.208551,0.34965,-0.0268571,0.34965,All
-0.20729,0.350649,-0.025618,0.350649,All
-0.206869,0.351648,-0.018792,0.351648,All
-0.206439,0.352647,-0.0176782,0.352647,All
-0.206063,0.353646,-0.0114617,0.353646,All
-0.196694,0.354645,-0.0114239,0.354645,All
-0.195437,0.355644,-0.010813,0.355644,All
-0.194405,0.356643,-0.0103157,0.356643,All
-0.194272,0.357642,0.000843602,0.357642,All
-0.192789,0.358641,0.00186074,0.358641,All
-0.192248,0.35964,0.00276757,0.35964,All
-0.19205,0.360639,0.0028629,0.360639,All
-0.19203,0.361638,0.00290877,0.361638,All
-0.191413,0.362637,0.00683941,0.362637,All
-0.191381,0.363636,0.0136558,0.363636,All
-0.189852,0.364635,0.0145835,0.364635,All
-0.189704,0.365634,0.0150256,0.365634,All
-0.189079,0.366633,0.018404,0.366633,All
-0.188769,0.367632,0.0202591,0.367632,All
-0.188372,0.368631,0.0227827,0.368631,All
-0.183521,0.36963,0.0278664,0.36963,All
-0.183491,0.370629,0.0325258,0.370629,All
-0.182698,0.371628,0.0328875,0.371628,All
-0.179606,0.372627,0.0346053,0.372627,All
-0.179151,0.373626,0.0376238,0.373626,All
-0.178933,0.374625,0.03847,0.374625,All
-0.178567,0.375624,0.0449484,0.375624,All
-0.177378,0.376623,0.0450998,0.376623,All
-0.17343,0.377622,0.0486309,0.377622,All
-0.173325,0.378621,0.0493071,0.378621,All
-0.172008,0.37962,0.0493385,0.37962,All
-0.169714,0.380619,0.0502515,0.380619,All
-0.166957,0.381618,0.0524408,0.381618,All
-0.166625,0.382617,0.0542164,0.382617,All
-0.166619,0.383616,0.0544557,0.383616,All
-0.164953,0.384615,0.0551782,0.384615,All
-0.164768,0.385614,0.0565126,0.385614,All
-0.162537,0.386613,0.0571265,0.386613,All
-0.159616,0.387612,0.0610892,0.387612,All
-0.159298,0.388611,0.0613938,0.388611,All
-0.158312,0.38961,0.0653101,0.38961,All
-0.157652,0.390609,0.0659729,0.390609,All
-0.153132,0.391608,0.0663147,0.391608,All
-0.152249,0.392607,0.0680878,0.392607,All
-0.151325,0.393606,0.0690049,0.393606,All
-0.149846,0.394605,0.0711633,0.394605,All
-0.148946,0.395604,0.0717064,0.395604,All
-0.146961,0.396603,0.0737,0.396603,All
-0.146439,0.397602,0.0744009,0.397602,All
-0.145191,0.398601,0.0746025,0.398601,All
-0.144722,0.3996,0.0777546,0.3996,All
-0.144477,0.400599,0.0780895,0.400599,All
-0.143448,0.401598,0.0829725,0.401598,All
-0.143318,0.402597,0.0832587,0.402597,All
-0.141806,0.403596,0.083514,0.403596,All
-0.140944,0.404595,0.0849693,0.404595,All
-0.140802,0.405594,0.0865045,0.405594,All
-0.140066,0.406593,0.0890293,0.406593,All
-0.139842,0.407592,0.0942521,0.407592,All
-0.138864,0.408591,0.0971406,0.408591,All
-0.138154,0.40959,0.100449,0.40959,All
-0.137964,0.410589,0.101607,0.410589,All
-0.137478,0.411588,0.102623,0.411588,All
-0.137127,0.412587,0.102673,0.412587,All
-0.135322,0.413586,0.106333,0.413586,All
-0.135194,0.414585,0.107425,0.414585,All
-0.134834,0.415584,0.111157,0.415584,All
-0.134493,0.416583,0.113092,0.416583,All
-0.13444,0.417582,0.115287,0.417582,All
-0.134155,0.418581,0.115956,0.418581,All
-0.132583,0.41958,0.116626,0.41958,All
-0.131094,0.420579,0.11683,0.420579,All
-0.129358,0.421578,0.118139,0.421578,All
-0.128951,0.422577,0.118569,0.422577,All
-0.12788,0.423576,0.11872,0.423576,All
-0.127423,0.424575,0.119204,0.424575,All
-0.123892,0.425574,0.119317,0.425574,All
-0.123443,0.426573,0.122859,0.426573,All
-0.121522,0.427572,0.125472,0.427572,All
-0.117711,0.428571,0.126655,0.428571,All
-0.117612,0.42957,0.128757,0.42957,All
-0.115117,0.430569,0.12888,0.430569,All
-0.114987,0.431568,0.129246,0.431568,All
-0.112816,0.432567,0.130187,0.432567,All
-0.112292,0.433566,0.131658,0.433566,All
-0.108291,0.434565,0.131883,0.434565,All
-0.107761,0.435564,0.132403,0.435564,All
-0.106668,0.436563,0.132632,0.436563,All
-0.106246,0.437562,0.133023,0.437562,All
-0.106175,0.438561,0.133102,0.438561,All
-0.104789,0.43956,0.133837,0.43956,All
-0.104389,0.440559,0.13471,0.440559,All
-0.104207,0.441558,0.138067,0.441558,All
-0.1012,0.442557,0.144541,0.442557,All
-0.101102,0.443556,0.14571,0.443556,All
-0.0980268,0.444555,0.146646,0.444555,All
-0.097511,0.445554,0.148354,0.445554,All
-0.0962711,0.446553,0.154672,0.446553,All
-0.0959193,0.447552,0.156753,0.447552,All
-0.0956135,0.448551,0.15954,0.448551,All
-0.0950534,0.44955,0.161687,0.44955,All
-0.0945879,0.450549,0.162523,0.450549,All
-0.0910775,0.451548,0.163513,0.451548,All
-0.0901627,0.452547,0.1642,0.452547,All
-0.0881882,0.453546,0.169002,0.453546,All
-0.0879104,0.454545,0.171947,0.454545,All
-0.0870393,0.455544,0.173662,0.455544,All
-0.0870168,0.456543,0.173698,0.456543,All
-0.0869058,0.457542,0.17453,0.457542,All
-0.086205,0.458541,0.175342,0.458541,All
-0.0862014,0.45954,0.175359,0.45954,All
-0.085246,0.460539,0.17705,0.460539,All
-0.0843028,0.461538,0.179494,0.461538,All
-0.0842366,0.462537,0.180097,0.462537,All
-0.0835053,0.463536,0.180701,0.463536,All
-0.0831506,0.464535,0.181915,0.464535,All
-0.0819562,0.465534,0.182272,0.465534,All
-0.0816976,0.466533,0.184292,0.466533,All
-0.079718,0.467532,0.18629,0.467532,All
-0.07959,0.468531,0.186601,0.468531,All
-0.0795869,0.46953,0.190303,0.46953,All
-0.0782342,0.470529,0.192687,0.470529,All
-0.0777194,0.471528,0.193907,0.471528,All
-0.0769763,0.472527,0.195435,0.472527,All
-0.0764795,0.473526,0.195912,0.473526,All
-0.0756171,0.474525,0.197771,0.474525,All
-0.0747411,0.475524,0.201048,0.475524,All
-0.0734919,0.476523,0.201816,0.476523,All
-0.0734059,0.477522,0.201994,0.477522,All
-0.0719018,0.478521,0.203443,0.478521,All
-0.0697078,0.47952,0.207163,0.47952,All
-0.0689735,0.480519,0.207508,0.480519,All
-0.0678148,0.481518,0.208053,0.481518,All
-0.0667164,0.482517,0.208972,0.482517,All
-0.0663867,0.483516,0.209232,0.483516,All
-0.0655395,0.484515,0.209788,0.484515,All
-0.0653064,0.485514,0.213616,0.485514,All
-0.0628982,0.486513,0.216385,0.486513,All
-0.062021,0.487512,0.217389,0.487512,All
-0.0610717,0.488511,0.21874,0.488511,All
-0.0605781,0.48951,0.221133,0.48951,All
-0.0599398,0.490509,0.224377,0.490509,All
-0.0587837,0.491508,0.225422,0.491508,All
-0.0586497,0.492507,0.226176,0.492507,All
-0.0575542,0.493506,0.22745,0.493506,All
-0.0570882,0.494505,0.228141,0.494505,All
-0.0542739,0.495504,0.22822,0.495504,All
-0.0537673,0.496503,0.228342,0.496503,All
-0.0531752,0.497502,0.229397,0.497502,All
-0.0525202,0.498501,0.231611,0.498501,All
-0.0520352,0.4995,0.231758,0.4995,All
-0.0505881,0.5005,0.231921,0.5005,All
-0.0494984,0.501499,0.235048,0.501499,All
-0.048683,0.502498,0.23641,0.502498,All
-0.0486057,0.503497,0.236704,0.503497,All
-0.0484253,0.504496,0.237359,0.504496,All
-0.0481788,0.505495,0.238273,0.505495,All
-0.0462832,0.506494,0.238347,0.506494,All
-0.046028,0.507493,0.245932,0.507493,All
-0.0445802,0.508492,0.246526,0.508492,All
-0.0437314,0.509491,0.247074,0.509491,All
-0.0429044,0.51049,0.250997,0.51049,All
-0.0424359,0.511489,0.251632,0.511489,All
-0.0398893,0.512488,0.25411,0.512488,All
-0.0395065,0.513487,0.254158,0.513487,All
-0.0378094,0.514486,0.257149,0.514486,All
-0.036796,0.515485,0.259719,0.515485,All
-0.0367712,0.516484,0.260662,0.516484,All
-0.0366204,0.517483,0.26141,0.517483,All
-0.0364507,0.518482,0.26433,0.518482,All
-0.0346828,0.519481,0.26485,0.519481,All
-0.0341808,0.52048,0.265637,0.52048,All
-0.033631,0.521479,0.266397,0.521479,All
-0.0331261,0.522478,0.266704,0.522478,All
-0.03241,0.523477,0.267635,0.523477,All
-0.0318241,0.524476,0.272248,0.524476,All
-0.0301187,0.525475,0.27256,0.525475,All
-0.0295467,0.526474,0.272934,0.526474,All
-0.0268322,0.527473,0.273504,0.527473,All
-0.0260439,0.528472,0.27419,0.528472,All
-0.0259366,0.529471,0.274371,0.529471,All
-0.0251551,0.53047,0.277543,0.53047,All
-0.023999,0.531469,0.279183,0.531469,All
-0.023076,0.532468,0.279961,0.532468,All
-0.021767,0.533467,0.283609,0.533467,All
-0.0214974,0.534466,0.284769,0.534466,All
-0.0214351,0.535465,0.286523,0.535465,All
-0.0207072,0.536464,0.289176,0.536464,All
-0.0194112,0.537463,0.291068,0.537463,All
-0.0189013,0.538462,0.293694,0.538462,All
-0.0185034,0.539461,0.294188,0.539461,All
-0.0183606,0.54046,0.296488,0.54046,All
-0.0171448,0.541459,0.299041,0.541459,All
-0.0168351,0.542458,0.299258,0.542458,All
-0.0153949,0.543457,0.300272,0.543457,All
-0.0151995,0.544456,0.301145,0.544456,All
-0.0151229,0.545455,0.301557,0.545455,All
-0.0141274,0.546454,0.30285,0.546454,All
-0.0141215,0.547453,0.303125,0.547453,All
-0.0130219,0.548452,0.303656,0.548452,All
-0.012009,0.549451,0.303839,0.549451,All
-0.0111316,0.55045,0.303871,0.55045,All
-0.00957079,0.551449,0.306809,0.551449,All
-0.00956533,0.552448,0.309032,0.552448,All
-0.00928275,0.553447,0.309621,0.553447,All
-0.00892113,0.554446,0.309898,0.554446,All
-0.00891904,0.555445,0.310063,0.555445,All
-0.00873315,0.556444,0.310708,0.556444,All
-0.0057386,0.557443,0.312115,0.557443,All
-0.00382185,0.558442,0.314266,0.558442,All
-0.00379585,0.559441,0.316699,0.559441,All
-0.00323811,0.56044,0.317062,0.56044,All
-1.92544e-05,0.561439,0.317975,0.561439,All
0.000320099,0.562438,0.318861,0.562438,All
0.000805474,0.563437,0.324591,0.563437,All
0.00177037,0.564436,0.329603,0.564436,All
0.00178896,0.565435,0.33056,0.565435,All
0.00215649,0.566434,0.334795,0.566434,All
0.0023949,0.567433,0.336417,0.567433,All
0.00262923,0.568432,0.337209,0.568432,All
0.0028859,0.569431,0.338516,0.569431,All
0.00294295,0.57043,0.33949,0.57043,All
0.00384958,0.571429,0.340102,0.571429,All
0.0041067,0.572428,0.341472,0.572428,All
0.00422319,0.573427,0.343166,0.573427,All
0.00546566,0.574426,0.345824,0.574426,All
0.00772539,0.575425,0.348022,0.575425,All
0.00958635,0.576424,0.348178,0.576424,All
0.0100245,0.577423,0.348523,0.577423,All
0.0124574,0.578422,0.348586,0.578422,All
0.0127663,0.579421,0.350101,0.579421,All
0.015833,0.58042,0.35058,0.58042,All
0.0161619,0.581419,0.350904,0.581419,All
0.0163967,0.582418,0.351829,0.582418,All
0.0165071,0.583417,0.351964,0.583417,All
0.0167684,0.584416,0.355259,0.584416,All
0.016936,0.585415,0.356399,0.585415,All
0.0169533,0.586414,0.357632,0.586414,All
0.0180292,0.587413,0.358409,0.587413,All
0.0183965,0.588412,0.360838,0.588412,All
0.0186287,0.589411,0.361152,0.589411,All
0.0201564,0.59041,0.362151,0.59041,All
0.0211101,0.591409,0.364384,0.591409,All
0.0239264,0.592408,0.365978,0.592408,All
0.024487,0.593407,0.370092,0.593407,All
0.0246104,0.594406,0.373694,0.594406,All
0.0250022,0.595405,0.374932,0.595405,All
0.0253698,0.596404,0.375931,0.596404,All
0.0255072,0.597403,0.379678,0.597403,All
0.02607,0.598402,0.381531,0.598402,All
0.0265432,0.599401,0.383481,0.599401,All
0.0269896,0.6004,0.385335,0.6004,All
0.028089,0.601399,0.385601,0.601399,All
0.0293441,0.602398,0.387936,0.602398,All
0.0302594,0.603397,0.389737,0.603397,All
0.0311396,0.604396,0.393703,0.604396,All
0.0330717,0.605395,0.393956,0.605395,All
0.0345612,0.606394,0.398791,0.606394,All
0.0349869,0.607393,0.399262,0.607393,All
0.0370188,0.608392,0.401429,0.608392,All
0.037185,0.609391,0.415601,0.609391,All
0.0416431,0.61039,0.417013,0.61039,All
0.0426406,0.611389,0.41775,0.611389,All
0.0446472,0.612388,0.42115,0.612388,All
0.0458661,0.613387,0.421264,0.613387,All
0.0458851,0.614386,0.421932,0.614386,All
0.0462392,0.615385,0.422244,0.615385,All
0.0486069,0.616384,0.424289,0.616384,All
0.048625,0.617383,0.427158,0.617383,All
0.0494244,0.618382,0.428737,0.618382,All
0.0545322,0.619381,0.430151,0.619381,All
0.0570213,0.62038,0.431009,0.62038,All
0.059528,0.621379,0.4313,0.621379,All
0.0608535,0.622378,0.434318,0.622378,All
0.0613655,0.623377,0.435934,0.623377,All
0.0624653,0.624376,0.439395,0.624376,All
0.0639832,0.625375,0.439567,0.625375,All
0.0647582,0.626374,0.439686,0.626374,All
0.0647674,0.627373,0.440185,0.627373,All
0.0652002,0.628372,0.445224,0.628372,All
0.0659983,0.629371,0.452778,0.629371,All
0.0682573,0.63037,0.453598,0.63037,All
0.068943,0.631369,0.454364,0.631369,All
0.0718589,0.632368,0.460226,0.632368,All
0.072315,0.633367,0.471181,0.633367,All
0.0736832,0.634366,0.474349,0.634366,All
0.0748543,0.635365,0.478329,0.635365,All
0.0772908,0.636364,0.47962,0.636364,All
0.0774302,0.637363,0.480656,0.637363,All
0.079209,0.638362,0.481152,0.638362,All
0.0798719,0.639361,0.481966,0.639361,All
0.0875877,0.64036,0.482552,0.64036,All
0.0876962,0.641359,0.484571,0.641359,All
0.087751,0.642358,0.484966,0.642358,All
0.0886461,0.643357,0.485625,0.643357,All
0.0897458,0.644356,0.487212,0.644356,All
0.0909139,0.645355,0.490106,0.645355,All
0.0923915,0.646354,0.490443,0.646354,All
0.0926578,0.647353,0.493147,0.647353,All
0.0931814,0.648352,0.494493,0.648352,All
0.0941474,0.649351,0.495595,0.649351,All
0.0986072,0.65035,0.499233,0.65035,All
0.100694,0.651349,0.504467,0.651349,All
0.101436,0.652348,0.510247,0.652348,All
0.104208,0.653347,0.512192,0.653347,All
0.105031,0.654346,0.513427,0.654346,All
0.105652,0.655345,0.513893,0.655345,All
0.10723,0.656344,0.515949,0.656344,All
0.107441,0.657343,0.51649,0.657343,All
0.10781,0.658342,0.52078,0.658342,All
0.108188,0.659341,0.5223,0.659341,All
0.10869,0.66034,0.522656,0.66034,All
0.109437,0.661339,0.523059,0.661339,All
0.109838,0.662338,0.526393,0.662338,All
0.111663,0.663337,0.533325,0.663337,All
0.113369,0.664336,0.535545,0.664336,All
0.11431,0.665335,0.537841,0.665335,All
0.114324,0.666334,0.537926,0.666334,All
0.115603,0.667333,0.542633,0.667333,All
0.117307,0.668332,0.54364,0.668332,All
0.117492,0.669331,0.54364,0.669331,All
0.120323,0.67033,0.544701,0.67033,All
0.128879,0.671329,0.546153,0.671329,All
0.129842,0.672328,0.547234,0.672328,All
0.130922,0.673327,0.550121,0.673327,All
0.132248,0.674326,0.550177,0.674326,All
0.13228,0.675325,0.550756,0.675325,All
0.137086,0.676324,0.552389,0.676324,All
0.139241,0.677323,0.553534,0.677323,All
0.141257,0.678322,0.560983,0.678322,All
0.145274,0.679321,0.562888,0.679321,All
0.145452,0.68032,0.564388,0.68032,All
0.145493,0.681319,0.571792,0.681319,All
0.148451,0.682318,0.571866,0.682318,All
0.14999,0.683317,0.57224,0.683317,All
0.150836,0.684316,0.574102,0.684316,All
0.152815,0.685315,0.574266,0.685315,All
0.1536,0.686314,0.574838,0.686314,All
0.153974,0.687313,0.577149,0.687313,All
0.156387,0.688312,0.577957,0.688312,All
0.156781,0.689311,0.582261,0.689311,All
0.159492,0.69031,0.584857,0.69031,All
0.159735,0.691309,0.585297,0.691309,All
0.160123,0.692308,0.59492,0.692308,All
0.162004,0.693307,0.595504,0.693307,All
0.16211,0.694306,0.5964,0.694306,All
0.164804,0.695305,0.597428,0.695305,All
0.166065,0.696304,0.600974,0.696304,All
0.169099,0.697303,0.602979,0.697303,All
0.172202,0.698302,0.604711,0.698302,All
0.173628,0.699301,0.608931,0.699301,All
0.173727,0.7003,0.612927,0.7003,All
0.178765,0.701299,0.615824,0.701299,All
0.178873,0.702298,0.617043,0.702298,All
0.17995,0.703297,0.621536,0.703297,All
0.183565,0.704296,0.621828,0.704296,All
0.186049,0.705295,0.626481,0.705295,All
0.186312,0.706294,0.626678,0.706294,All
0.187337,0.707293,0.626682,0.707293,All
0.18847,0.708292,0.626935,0.708292,All
0.18947,0.709291,0.629784,0.709291,All
0.190591,0.71029,0.636388,0.71029,All
0.190928,0.711289,0.637267,0.711289,All
0.19162,0.712288,0.637389,0.712288,All
0.194534,0.713287,0.642381,0.713287,All
0.194562,0.714286,0.643506,0.714286,All
0.195845,0.715285,0.644513,0.715285,All
0.197882,0.716284,0.646545,0.716284,All
0.198032,0.717283,0.646575,0.717283,All
0.202079,0.718282,0.651066,0.718282,All
0.203828,0.719281,0.653494,0.719281,All
0.206269,0.72028,0.653865,0.72028,All
0.207941,0.721279,0.654568,0.721279,All
0.209968,0.722278,0.659628,0.722278,All
0.210903,0.723277,0.663433,0.723277,All
0.213531,0.724276,0.663609,0.724276,All
0.213774,0.725275,0.672235,0.725275,All
0.216315,0.726274,0.673805,0.726274,All
0.217168,0.727273,0.675479,0.727273,All
0.218055,0.728272,0.682699,0.728272,All
0.22205,0.729271,0.691653,0.729271,All
0.222458,0.73027,0.696138,0.73027,All
0.225937,0.731269,0.699611,0.731269,All
0.226613,0.732268,0.703639,0.732268,All
0.227143,0.733267,0.704589,0.733267,All
0.230102,0.734266,0.705051,0.734266,All
0.231328,0.735265,0.70778,0.735265,All
0.232619,0.736264,0.711958,0.736264,All
0.233534,0.737263,0.713795,0.737263,All
0.23369,0.738262,0.717236,0.738262,All
0.235451,0.739261,0.732106,0.739261,All
0.236899,0.74026,0.735965,0.74026,All
0.23795,0.741259,0.74747,0.741259,All
0.240803,0.742258,0.747986,0.742258,All
0.241123,0.743257,0.748462,0.743257,All
0.242261,0.744256,0.752562,0.744256,All
0.24359,0.745255,0.754375,0.745255,All
0.245997,0.746254,0.754703,0.746254,All
0.24664,0.747253,0.754844,0.747253,All
0.24928,0.748252,0.755816,0.748252,All
0.250148,0.749251,0.756632,0.749251,All
0.253305,0.75025,0.757888,0.75025,All
0.255783,0.751249,0.758403,0.751249,All
0.257798,0.752248,0.759505,0.752248,All
0.258994,0.753247,0.760683,0.753247,All
0.259519,0.754246,0.762992,0.754246,All
0.261698,0.755245,0.765024,0.755245,All
0.262141,0.756244,0.766496,0.756244,All
0.263223,0.757243,0.766848,0.757243,All
0.263251,0.758242,0.768914,0.758242,All
0.268302,0.759241,0.77074,0.759241,All
0.272018,0.76024,0.770844,0.76024,All
0.272976,0.761239,0.771986,0.761239,All
0.277346,0.762238,0.772258,0.762238,All
0.278604,0.763237,0.773094,0.763237,All
0.278764,0.764236,0.77372,0.764236,All
0.280329,0.765235,0.77668,0.765235,All
0.280359,0.766234,0.77925,0.766234,All
0.283173,0.767233,0.780258,0.767233,All
0.28582,0.768232,0.780773,0.768232,All
0.288183,0.769231,0.781035,0.769231,All
0.288223,0.77023,0.784332,0.77023,All
0.288592,0.771229,0.784559,0.771229,All
0.288967,0.772228,0.787251,0.772228,All
0.291185,0.773227,0.787686,0.773227,All
0.291361,0.774226,0.789124,0.774226,All
0.291549,0.775225,0.790601,0.775225,All
0.292713,0.776224,0.793882,0.776224,All
0.295973,0.777223,0.802204,0.777223,All
0.29691,0.778222,0.807829,0.778222,All
0.298916,0.779221,0.809953,0.779221,All
0.299366,0.78022,0.810905,0.78022,All
0.310115,0.781219,0.813941,0.781219,All
0.311827,0.782218,0.813989,0.782218,All
0.311878,0.783217,0.81429,0.783217,All
0.312545,0.784216,0.818219,0.784216,All
0.315506,0.785215,0.818347,0.785215,All
0.315749,0.786214,0.820925,0.786214,All
0.317843,0.787213,0.825149,0.787213,All
0.320817,0.788212,0.827112,0.788212,All
0.321278,0.789211,0.828965,0.789211,All
0.323238,0.79021,0.829028,0.79021,All
0.327659,0.791209,0.831704,0.791209,All
0.328488,0.792208,0.839972,0.792208,All
0.328741,0.793207,0.842292,0.793207,All
0.331158,0.794206,0.847137,0.794206,All
0.333472,0.795205,0.84978,0.795205,All
0.337517,0.796204,0.852035,0.796204,All
0.341802,0.797203,0.856725,0.797203,All
0.342296,0.798202,0.863377,0.798202,All
0.344442,0.799201,0.865826,0.799201,All
0.344769,0.8002,0.874176,0.8002,All
0.345212,0.801199,0.87932,0.801199,All
0.347679,0.802198,0.879958,0.802198,All
0.350051,0.803197,0.88038,0.803197,All
0.351555,0.804196,0.881782,0.804196,All
0.35413,0.805195,0.884381,0.805195,All
0.356727,0.806194,0.885529,0.806194,All
0.358205,0.807193,0.888697,0.807193,All
0.359359,0.808192,0.892038,0.808192,All
0.360143,0.809191,0.893728,0.809191,All
0.362528,0.81019,0.89664,0.81019,All
0.363397,0.811189,0.905743,0.811189,All
0.364958,0.812188,0.911394,0.812188,All
0.371509,0.813187,0.916254,0.813187,All
0.376043,0.814186,0.918117,0.814186,All
0.377379,0.815185,0.928661,0.815185,All
0.380208,0.816184,0.929352,0.816184,All
0.383027,0.817183,0.938039,0.817183,All
0.385418,0.818182,0.943696,0.818182,All
0.386263,0.819181,0.943745,0.819181,All
0.386588,0.82018,0.946346,0.82018,All
0.388369,0.821179,0.949376,0.821179,All
0.389109,0.822178,0.955593,0.822178,All
0.391088,0.823177,0.956939,0.823177,All
0.392049,0.824176,0.957359,0.824176,All
0.398761,0.825175,0.962725,0.825175,All
0.39967,0.826174,0.97242,0.826174,All
0.404838,0.827173,0.983188,0.827173,All
0.406361,0.828172,0.983305,0.828172,All
0.411221,0.829171,0.984958,0.829171,All
0.415563,0.83017,0.98512,0.83017,All
0.417193,0.831169,0.989956,0.831169,All
0.418184,0.832168,0.994564,0.832168,All
0.421466,0.833167,0.997826,0.833167,All
0.421852,0.834166,1.00045,0.834166,All
0.422032,0.835165,1.0018,0.835165,All
0.424191,0.836164,1.0069,0.836164,All
0.424363,0.837163,1.00864,0.837163,All
0.430239,0.838162,1.01513,0.838162,All
0.430853,0.839161,1.02369,0.839161,All
0.431427,0.84016,1.02496,0.84016,All
0.441974,0.841159,1.02779,0.841159,All
0.445409,0.842158,1.0289,0.842158,All
0.448223,0.843157,1.03274,0.843157,All
0.460135,0.844156,1.04022,0.844156,All
0.460877,0.845155,1.04588,0.845155,All
0.468536,0.846154,1.04642,0.846154,All
0.469589,0.847153,1.05174,0.847153,All
0.473931,0.848152,1.06715,0.848152,All
0.479621,0.849151,1.07475,0.849151,All
0.48567,0.85015,1.07672,0.85015,All
0.487155,0.851149,1.07795,0.851149,All
0.494013,0.852148,1.08753,0.852148,All
0.496872,0.853147,1.09178,0.853147,All
0.497687,0.854146,1.09363,0.854146,All
0.499297,0.855145,1.09504,0.855145,All
0.501488,0.856144,1.09535,0.856144,All
0.506159,0.857143,1.09846,0.857143,All
0.506191,0.858142,1.10156,0.858142,All
0.51285,0.859141,1.10858,0.859141,All
0.515056,0.86014,1.1172,0.86014,All
0.516251,0.861139,1.12163,0.861139,All
0.516644,0.862138,1.12217,0.862138,All
0.518324,0.863137,1.13193,0.863137,All
0.518671,0.864136,1.13237,0.864136,All
0.518715,0.865135,1.13736,0.865135,All
0.520288,0.866134,1.14664,0.866134,All
0.525073,0.867133,1.14979,0.867133,All
0.534357,0.868132,1.15646,0.868132,All
0.534806,0.869131,1.16588,0.869131,All
0.536796,0.87013,1.16852,0.87013,All
0.539155,0.871129,1.16913,0.871129,All
0.547383,0.872128,1.16974,0.872128,All
0.549289,0.873127,1.17085,0.873127,All
0.550405,0.874126,1.1731,0.874126,All
0.555531,0.875125,1.17806,0.875125,All
0.556625,0.876124,1.17897,0.876124,All
0.557605,0.877123,1.17953,0.877123,All
0.557652,0.878122,1.1828,0.878122,All
0.562493,0.879121,1.18403,0.879121,All
0.574729,0.88012,1.18455,0.88012,All
0.577833,0.881119,1.18763,0.881119,All
0.581812,0.882118,1.19009,0.882118,All
0.582957,0.883117,1.19011,0.883117,All
0.584586,0.884116,1.19259,0.884116,All
0.592196,0.885115,1.19508,0.885115,All
0.595675,0.886114,1.19989,0.886114,All
0.596491,0.887113,1.20414,0.887113,All
0.596555,0.888112,1.20442,0.888112,All
0.597056,0.889111,1.20493,0.889111,All
0.59868,0.89011,1.20555,0.89011,All
0.605809,0.891109,1.21309,0.891109,All
0.608799,0.892108,1.21587,0.892108,All
0.613911,0.893107,1.21715,0.893107,All
0.614863,0.894106,1.23257,0.894106,All
0.615127,0.895105,1.23396,0.895105,All
0.626312,0.896104,1.23599,0.896104,All
0.637891,0.897103,1.24298,0.897103,All
0.64244,0.898102,1.24429,0.898102,All
0.64246,0.899101,1.25525,0.899101,All
0.645911,0.9001,1.25708,0.9001,All
0.645991,0.901099,1.25961,0.901099,All
0.652405,0.902098,1.26212,0.902098,All
0.665878,0.903097,1.26872,0.903097,All
0.671533,0.904096,1.27073,0.904096,All
0.681164,0.905095,1.27551,0.905095,All
0.684406,0.906094,1.27556,0.906094,All
0.686686,0.907093,1.28939,0.907093,All
0.689687,0.908092,1.29196,0.908092,All
0.690123,0.909091,1.30056,0.909091,All
0.701711,0.91009,1.31345,0.91009,All
0.706241,0.911089,1.3217,0.911089,All
0.707219,0.912088,1.32359,0.912088,All
0.709789,0.913087,1.33502,0.913087,All
0.715287,0.914086,1.33543,0.914086,All
0.722326,0.915085,1.34313,0.915085,All
0.726549,0.916084,1.34757,0.916084,All
0.737348,0.917083,1.35392,0.917083,All
0.742715,0.918082,1.36083,0.918082,All
0.748471,0.919081,1.36106,0.919081,All
0.750515,0.92008,1.3622,0.92008,All
0.755194,0.921079,1.36455,0.921079,All
0.763931,0.922078,1.36947,0.922078,All
0.770538,0.923077,1.38551,0.923077,All
0.778393,0.924076,1.39741,0.924076,All
0.784286,0.925075,1.40448,0.925075,All
0.785612,0.926074,1.4204,0.926074,All
0.794726,0.927073,1.43995,0.927073,All
0.794751,0.928072,1.44022,0.928072,All
0.803466,0.929071,1.44864,0.929071,All
0.815279,0.93007,1.44913,0.93007,All
0.821022,0.931069,1.46427,0.931069,All
0.836327,0.932068,1.46825,0.932068,All
0.838279,0.933067,1.47959,0.933067,All
0.844029,0.934066,1.48225,0.934066,All
0.850404,0.935065,1.48353,0.935065,All
0.86512,0.936064,1.50993,0.936064,All
0.869858,0.937063,1.52496,0.937063,All
0.874327,0.938062,1.53088,0.938062,All
0.892934,0.939061,1.5313,0.939061,All
0.894975,0.94006,1.53399,0.94006,All
0.901247,0.941059,1.5342,0.941059,All
0.902196,0.942058,1.54153,0.942058,All
0.91238,0.943057,1.54593,0.943057,All
0.926803,0.944056,1.55459,0.944056,All
0.927123,0.945055,1.55908,0.945055,All
0.933311,0.946054,1.56671,0.946054,All
0.938969,0.947053,1.57746,0.947053,All
0.956935,0.948052,1.57813,0.948052,All
0.957573,0.949051,1.57848,0.949051,All
0.980653,0.95005,1.58483,0.95005,All
0.990045,0.951049,1.58577,0.951049,All
0.996406,0.952048,1.59099,0.952048,All
0.997844,0.953047,1.59147,0.953047,All
1.00178,0.954046,1.59282,0.954046,All
1.05401,0.955045,1.61,0.955045,All
1.06423,0.956044,1.62692,0.956044,All
1.06954,0.957043,1.63879,0.957043,All
1.06973,0.958042,1.64621,0.958042,All
1.11782,0.959041,1.64908,0.959041,All
1.13437,0.96004,1.6709,0.96004,All
1.14006,0.961039,1.67262,0.961039,All
1.16597,0.962038,1.67726,0.962038,All
1.18228,0.963037,1.68084,0.963037,All
1.21155,0.964036,1.68574,0.964036,All
1.21713,0.965035,1.6861,0.965035,All
1.21866,0.966034,1.69375,0.966034,All
1.22046,0.967033,1.71906,0.967033,All
1.22544,0.968032,1.73004,0.968032,All
1.22758,0.969031,1.7315,0.969031,All
1.25672,0.97003,1.73645,0.97003,All
1.27832,0.971029,1.74977,0.971029,All
1.30057,0.972028,1.75022,0.972028,All
1.30244,0.973027,1.75165,0.973027,All
1.3046,0.974026,1.75265,0.974026,All
1.31082,0.975025,1.76378,0.975025,All
1.35526,0.976024,1.76841,0.976024,All
1.35789,0.977023,1.77056,0.977023,All
1.35917,0.978022,1.80526,0.978022,All
1.36758,0.979021,1.81608,0.979021,All
1.37067,0.98002,1.85277,0.98002,All
1.38343,0.981019,1.86015,0.981019,All
1.42785,0.982018,1.86574,0.982018,All
1.43917,0.983017,1.87752,0.983017,All
1.50867,0.984016,1.88478,0.984016,All
1.52383,0.985015,1.88745,0.985015,All
1.61806,0.986014,1.9099,0.986014,All
1.62735,0.987013,1.92665,0.987013,All
1.63163,0.988012,1.92695,0.988012,All
1.6449,0.989011,1.9495,0.989011,All
1.6548,0.99001,1.97256,0.99001,All
1.66278,0.991009,1.98491,0.991009,All
1.69998,0.992008,1.99207,0.992008,All
1.72813,0.993007,1.99771,0.993007,All
1.79068,0.994006,2.00421,0.994006,All
1.86234,0.995005,2.02522,0.995005,All
1.96,0.996004,2.03259,0.996004,All
2.0019,0.997003,2.06811,0.997003,All
2.01397,0.998002,2.16959,0.998002,All
2.15448,0.999001,2.32624,0.999001,All
2.36754,1,2.52178,1,All
4,1,4,1,All
