id,importanceSampling
1,5.993733
2,9.387136
3,6.617757
4,14.366992
5,14.592304
6,6.666251
7,7.672599
8,7.619857
9,5.175075
10,15.627120
11,14.293614
12,4.888301
13,6.103795
14,10.568051
15,10.908814
16,10.724672
17,11.252738
18,13.036932
19,12.141632
20,6.854495
21,12.664932
22,8.422639
23,6.212770
24,6.530783
25,6.460698
26,7.090802
27,6.509634
28,11.580324
29,4.915404
30,16.282428
31,6.159491
32,6.865563
33,4.962025
34,6.399480
35,10.863523
36,6.399971
37,15.381291
38,5.996502
39,5.168339
40,18.905297
41,14.308817
42,8.676046
43,24.353858
44,8.300864
45,5.210983
46,7.388041
47,5.034692
48,5.827087
49,12.775284
50,5.689725
51,13.600516
52,6.789519
53,26.152537
54,26.344152
55,6.627175
56,4.736862
57,15.172106
58,11.579481
59,7.882728
60,5.250929
61,11.530446
62,6.093089
63,16.631889
64,6.750332
65,6.097749
66,12.496975
67,7.992611
68,17.686558
69,12.911730
70,12.787877
71,6.610231
72,22.160748
73,6.048003
74,6.352630
75,20.719947
76,21.702684
77,6.891538
78,6.687154
79,6.985368
80,24.207403
81,12.299797
82,5.317757
83,5.966454
84,21.274511
85,5.710366
86,6.634699
87,11.194169
88,13.879888
89,8.479908
90,7.733916
91,12.698693
92,6.414772
93,10.615125
94,5.095335
95,6.097837
96,22.851811
97,5.746420
98,7.535364
99,4.931594
100,8.889696
101,10.904953
102,20.707024
103,21.891052
104,18.358985
105,16.835121
106,11.529804
107,10.870975
108,8.932865
109,6.970888
110,7.350234
111,13.888084
112,11.614386
113,12.185781
114,4.913115
115,18.698030
116,6.823813
117,6.512855
118,7.381228
119,11.317348
120,6.936145
121,11.705566
122,6.483804
123,18.447237
124,4.359756
125,10.908725
126,5.900818
127,8.407850
128,6.367294
129,9.548393
130,5.794011
131,20.407702
132,6.928787
133,6.956711
134,12.353041
135,11.844796
136,10.233458
137,5.831655
138,7.525261
139,18.523830
140,5.852651
141,13.704779
142,17.803940
143,17.917798
144,13.767555
145,7.146384
146,20.856809
147,18.867253
148,11.828635
149,6.732049
150,15.355435
151,20.319245
152,14.809137
153,14.453290
154,6.217416
155,6.726370
156,11.148826
157,13.164876
158,11.271239
159,7.385634
160,6.774815
161,14.204302
162,7.439444
163,6.707900
164,5.576604
165,6.429693
166,6.314379
167,9.487109
168,8.226576
169,5.379770
170,13.326403
171,5.826580
172,9.470119
173,6.692495
174,7.969939
175,5.728240
176,10.752433
177,4.658374
178,6.467709
179,11.425589
180,13.883713
181,8.577869
182,5.911292
183,7.561390
184,11.896147
185,6.600038
186,6.400577
187,5.857795
188,6.734253
189,6.284785
190,5.776689
191,17.533110
192,13.472342
193,6.227431
194,4.112678
195,8.311644
196,14.947852
197,5.034454
198,17.659947
199,5.534903
200,5.901274
201,7.095162
202,5.628945
203,5.854987
204,13.849790
205,13.663196
206,7.459530
207,13.195818
208,5.800023
209,5.536613
210,11.455337
211,17.475945
212,9.501207
213,9.093768
214,13.555350
215,6.900252
216,13.596328
217,10.255780
218,14.924350
219,8.775018
220,10.892034
221,12.862810
222,4.551354
223,6.449216
224,5.530263
225,19.043259
226,6.683913
227,8.819463
228,7.162741
229,4.925168
230,5.119878
231,6.760530
232,16.578856
233,15.931964
234,4.651553
235,5.616773
236,13.077606
237,21.553583
238,26.616632
239,14.929595
240,11.846157
241,6.916422
242,5.545999
243,6.842716
244,19.838256
245,6.384235
246,7.123578
247,5.513320
248,11.644088
249,16.935120
250,5.774596
251,8.406180
252,7.192202
253,6.365419
254,5.339207
255,12.806419
256,6.329934
257,19.272552
258,5.804708
259,16.535421
260,7.667862
261,17.984778
262,17.899357
263,6.287974
264,13.957185
265,5.914951
266,15.860592
267,4.427010
268,6.466674
269,7.044787
270,6.941878
271,9.627027
272,11.765598
273,19.632672
274,5.324395
275,6.355732
276,23.718477
277,11.906318
278,6.968319
279,7.130734
280,6.261409
281,5.182170
282,20.518647
283,17.755478
284,7.669446
285,6.413982
286,11.680601
287,5.247954
288,13.988329
289,18.211136
290,10.426813
291,25.657686
292,27.404425
293,5.575593
294,5.433012
295,8.452258
296,11.897103
297,4.669322
298,6.434061
299,7.786528
300,10.516117
301,19.809485
302,5.000606
303,9.930126
304,15.065404
305,34.319083
306,10.008937
307,6.804784
308,28.032056
309,24.623991
310,11.141523
311,11.626478
312,4.694377
313,11.802235
314,13.043249
315,6.170504
316,4.852842
317,14.902890
318,15.663111
319,13.343655
320,18.507695
321,25.861994
322,8.539542
323,13.526132
324,9.976496
325,31.556440
326,4.212946
327,4.741537
328,12.248871
329,11.507024
330,18.554299
331,14.255122
332,13.568633
333,5.617041
334,5.823532
335,9.143654
336,7.419012
337,9.126338
338,5.007784
339,6.591187
340,20.374305
341,12.098455
342,5.746306
343,6.130109
344,5.038430
345,4.059882
346,6.923229
347,9.655165
348,5.682356
349,27.658930
350,6.140344
351,5.369209
352,6.688172
353,5.651791
354,6.950824
355,5.193510
356,7.256356
357,6.939475
358,5.710415
359,15.130499
360,11.017166
361,25.506011
362,13.342602
363,6.477883
364,5.287112
365,30.353144
366,5.674436
367,12.594660
368,6.244685
369,8.197273
370,13.275917
371,12.381039
372,6.955630
373,14.323666
374,7.935692
375,6.634441
376,6.575712
377,6.576869
378,12.726662
379,6.827348
380,6.497402
381,14.439673
382,7.446663
383,6.214342
384,11.833873
385,13.258662
386,7.881116
387,6.820274
388,4.593883
389,11.265403
390,4.566736
391,6.131972
392,19.936565
393,21.684018
394,14.874902
395,13.385617
396,6.914641
397,6.039068
398,4.483399
399,6.317780
400,5.201396
401,6.547465
402,15.203455
403,6.229102
404,13.844530
405,13.486706
406,7.112438
407,17.328440
408,6.404163
409,5.243635
410,7.036040
411,6.341949
412,4.954014
413,8.894693
414,13.088118
415,7.371555
416,6.227453
417,5.752209
418,14.479394
419,15.787640
420,5.565597
421,4.235112
422,11.340255
423,18.483174
424,19.436610
425,19.474306
426,6.812392
427,20.649345
428,5.068270
429,5.905425
430,4.099407
431,6.219837
432,14.047069
433,13.276941
434,8.706769
435,11.300255
436,31.330552
437,5.587924
438,9.750921
439,10.715018
440,14.176079
441,13.459570
442,6.228173
443,9.018966
444,7.194302
445,10.687533
446,6.720516
447,6.668892
448,22.059078
449,5.519604
450,6.582249
451,25.079271
452,6.204251
453,10.572923
454,6.550956
455,12.753309
456,10.116995
457,17.954417
458,6.181334
459,6.814198
460,6.749168
461,10.239070
462,12.309767
463,22.803074
464,13.400898
465,6.644860
466,5.877914
467,10.986740
468,17.154473
469,14.592886
470,13.175679
471,5.349483
472,14.587011
473,17.390247
474,5.967670
475,18.707131
476,6.941738
477,6.282048
478,6.784482
479,8.681681
480,15.082048
482,5.505886
483,16.399094
484,7.108643
485,6.036241
486,14.910355
487,7.624953
488,13.883275
489,5.613653
490,10.618872
491,7.272625
492,9.061287
493,13.114595
494,4.894345
495,14.025464
496,9.973408
497,5.353184
498,7.924904
499,12.274807
500,6.458416
501,22.125459
502,14.182735
503,19.723366
504,7.451641
505,6.463454
506,27.141707
507,6.311560
508,7.865853
509,7.075497
510,7.074645
511,16.464056
512,7.715269
513,35.330778
514,12.005762
515,7.016467
516,12.463661
517,12.580146
518,11.855269
519,12.598872
520,8.257330
521,6.826284
522,11.998001
523,10.493199
524,6.813386
525,6.942919
526,18.036114
527,7.634035
528,6.427550
529,5.586642
530,6.200910
531,6.781117
532,5.956294
533,15.464870
534,5.072413
535,11.972663
536,15.793368
537,4.452343
538,17.255573
539,16.419267
540,7.088139
541,8.164751
542,9.450481
543,7.695162
544,11.592282
545,16.486430
546,6.658216
547,67.785183
548,9.949389
549,19.690483
550,8.952863
551,15.394597
552,6.832698
553,20.330934
554,16.397831
555,15.328022
556,5.503628
557,8.534437
558,11.436816
559,29.190081
560,10.588197
561,6.388977
562,14.927865
563,7.051885
564,5.441394
565,13.812165
566,5.180616
567,13.322177
568,6.600302
569,5.921758
570,7.218561
571,16.557837
572,6.043459
573,11.762188
574,6.040790
575,7.206557
576,6.397004
577,21.062206
578,6.235514
579,8.421584
580,6.864006
581,4.382557
582,4.461975
583,21.013172
584,7.036164
585,14.719508
586,5.042643
587,5.635301
588,8.398549
589,5.711490
590,13.026307
591,6.346764
592,4.809352
593,6.196012
594,6.619050
595,4.449358
596,18.062180
597,9.926380
598,8.100943
599,6.349861
600,9.945323
601,6.082779
602,13.239274
603,6.114301
604,9.432822
605,5.958852
606,5.911776
607,21.343375
608,7.024539
609,15.951367
610,19.454663
611,5.940398
612,12.280874
613,7.834101
614,7.049308
615,7.100920
616,14.403164
617,7.308319
618,14.742653
619,13.306143
620,6.406584
621,17.194145
622,4.824725
623,13.145349
624,5.349340
625,27.101339
626,5.646776
627,7.136930
628,5.370704
629,13.068027
630,6.070614
631,5.632728
632,19.902692
633,12.073857
634,14.184740
635,5.488621
636,7.213922
637,10.468265
638,8.508118
639,6.280658
640,21.402586
641,7.680892
642,6.938615
643,8.104980
644,11.945715
645,14.425514
646,5.376682
647,12.225909
648,13.603740
649,6.570595
650,11.075337
651,5.739328
652,13.939655
653,6.137169
654,14.488220
655,8.509282
656,4.679697
657,6.134026
658,7.883271
659,5.750247
660,5.409634
661,16.605808
662,6.260153
663,5.698170
664,11.608018
665,7.908856
666,6.620047
667,4.607131
668,12.973636
669,12.056327
670,9.848091
671,8.518250
672,8.599580
673,12.701944
674,5.502375
675,19.883557
676,6.267041
677,7.188748
678,7.422715
679,7.276556
680,6.746912
681,13.128592
682,14.806389
683,10.319241
684,9.892401
685,5.585180
686,6.103944
687,12.645344
688,14.962356
689,20.112013
690,6.790078
691,7.288681
692,5.538636
693,7.215351
694,12.650240
695,18.517992
696,6.654159
697,6.418496
698,13.849797
699,7.240418
700,23.138747
701,14.008576
702,4.969758
703,4.105840
704,13.514122
705,8.980026
706,11.722036
707,12.551289
708,9.806601
709,7.133306
710,14.304626
711,6.911925
712,6.171299
713,18.972068
714,6.709318
715,36.040721
716,6.670828
717,5.535878
718,14.966883
719,5.471904
720,21.079110
721,9.618459
722,7.179979
723,6.045963
724,15.173406
725,6.446957
726,6.582438
727,9.356809
728,22.025572
729,6.855378
730,10.067585
731,4.370772
732,5.888961
733,5.675504
734,12.866695
735,19.062562
736,13.018295
737,9.507171
738,7.019513
739,5.103353
740,17.596340
741,4.464050
742,5.828994
743,35.479679
744,5.355325
745,15.228836
746,17.723898
747,5.112940
748,14.076502
749,5.851414
750,31.580573
751,9.028403
752,6.714058
753,12.853357
754,15.983135
755,36.510554
756,6.034753
757,7.256620
758,7.982654
759,4.972007
760,6.513291
761,6.379261
762,4.016820
763,6.188419
764,14.759479
765,15.024674
766,14.566038
767,14.672553
768,13.014397
769,19.104215
770,5.999913
771,14.533612
772,8.371734
773,19.889232
774,6.868308
775,9.210009
776,7.333928
777,8.140200
778,5.079415
779,5.415651
780,18.480893
781,6.195420
782,5.672336
783,6.385192
784,17.500552
785,12.454470
786,6.544405
787,7.874247
788,17.230695
789,7.912224
790,6.234567
791,28.934306
792,5.791046
793,6.487297
794,6.337687
795,27.815187
796,9.251291
797,6.663671
798,5.939155
799,7.836019
800,7.157549
801,14.327371
802,12.814464
803,15.344533
804,5.226852
805,41.008354
806,7.467059
807,6.344561
808,5.990281
809,6.649303
810,8.049622
811,4.177849
812,15.296182
813,6.577324
814,14.766185
815,7.335507
816,7.386451
817,6.126046
818,4.726529
819,10.905852
820,7.080692
821,16.144143
822,7.154482
823,45.846839
824,6.681009
825,5.383406
826,5.998497
827,12.378233
828,6.352313
829,7.130438
830,7.017806
831,23.359058
832,5.619413
833,4.660264
834,9.838799
835,6.785718
836,7.312910
837,8.000606
838,4.870426
839,5.374716
840,6.096704
841,6.810375
842,6.083083
843,19.436635
844,6.038914
845,10.419736
846,6.088511
847,5.181460
848,5.666427
849,13.026338
850,11.862781
851,6.197958
852,17.592900
853,6.728108
854,17.205538
855,26.728601
856,15.592217
857,13.780019
858,6.345605
859,23.772089
860,16.487015
861,4.379092
862,7.806803
863,5.816698
864,15.557331
865,6.710070
866,13.483788
867,11.359888
868,8.425002
869,6.294666
870,5.807668
871,7.127209
872,11.224964
873,16.453603
874,13.387126
875,12.492748
876,16.574770
877,14.689323
878,11.075483
879,7.129819
880,7.508770
881,5.235785
882,25.504722
883,14.541588
884,12.873413
886,17.789341
887,30.943645
888,14.132748
889,5.706535
890,7.059221
891,6.770382
892,17.036119
893,17.146547
894,6.901710
895,13.291449
896,14.156714
897,7.098380
898,24.128118
899,6.333201
900,10.852341
901,12.547920
902,6.389071
903,6.164726
904,18.348569
905,6.988449
906,12.735353
907,4.058148
908,12.263487
909,19.176465
910,6.815034
911,5.069192
912,14.871128
913,5.450654
914,6.458757
915,11.172902
916,6.873553
917,6.047792
918,11.132322
919,6.135715
920,11.289721
921,4.353754
922,6.466252
923,6.613324
924,17.279674
925,4.933427
926,6.152249
927,6.458817
928,5.606684
929,13.074957
930,12.157253
931,13.050431
932,12.979924
933,10.349149
934,14.445955
935,6.441576
936,11.063165
937,6.182526
938,13.582255
939,12.487462
940,19.698880
941,24.526916
942,6.859211
943,5.368986
944,14.130013
945,6.378345
946,14.064947
947,8.430263
948,9.552964
949,7.088394
950,5.708149
951,5.185236
952,6.574243
953,13.469064
954,7.336114
955,11.517132
956,7.994577
957,5.812020
958,12.355723
959,6.005342
960,6.512030
961,14.907068
962,19.343126
963,11.854321
964,17.577901
965,4.626498
966,21.094394
967,12.335598
968,22.133868
969,5.685614
970,5.763158
971,20.046962
972,5.033431
973,12.338255
974,8.926765
975,6.042064
976,6.512708
977,15.572557
978,7.204658
979,6.888558
980,15.370664
981,6.702864
982,6.424618
983,13.320097
984,21.555036
985,11.674102
987,7.627457
988,14.276316
989,11.723926
990,6.386972
991,12.619153
992,6.185757
993,15.078401
994,14.406240
995,6.461816
996,6.972927
997,12.904418
998,14.216468
999,9.779981
1000,4.721571
1001,12.193640
1002,12.365700
1003,9.002802
1004,7.020507
