iteration,convergenceIndicator,phase,V_pop,beta_V_logtWT,Cl_pop,beta_Cl_SEX_1,beta_Cl_logtAGE,beta_Cl_logtCreatinine,omega_V,omega_Cl,b
1,18435.3,1,1,0,0.5,0,0,0,1,1,0.3
2,17110.6,1,1.9604,-0.142083,0.427582,0.106674,-0.208422,-0.299609,1.02191,0.974679,0.452377
3,17557.8,1,2.28372,-0.304204,0.455039,0.107587,-0.244549,-0.345948,1.0344,0.95,0.506847
4,17613.3,1,2.66375,-0.387922,0.47343,0.152096,-0.223743,-0.383087,1.06467,0.925945,0.514744
5,17604.4,1,3.21496,-0.582529,0.517773,0.157376,-0.249201,-0.430129,1.11925,0.9025,0.521022
6,17523.1,1,3.82396,-0.850026,0.576806,0.119725,-0.319404,-0.463351,1.16834,0.879648,0.514487
7,17547.3,1,5.07303,-1.04702,0.634162,0.164475,-0.286653,-0.464762,1.24283,0.857375,0.502081
8,17394,1,6.81504,-1.08818,0.699667,0.137859,-0.375445,-0.448627,1.30141,0.835666,0.480311
9,17168.2,1,9.21737,-1.28793,0.743075,0.207326,-0.393199,-0.486275,1.34478,0.814506,0.456295
10,16714.5,1,13.5333,-1.41439,0.858716,0.190727,-0.513007,-0.477658,1.3622,0.793882,0.433481
11,16260.9,1,20.3684,-1.55347,0.928799,0.237605,-0.584581,-0.567287,1.4018,0.773781,0.411807
12,15877.6,1,28.0023,-1.29599,1.01504,0.233448,-0.563258,-0.596948,1.3663,0.754188,0.391216
13,15517.2,1,37.237,-0.845349,1.11897,0.221138,-0.614121,-0.631084,1.33171,0.735092,0.371655
14,15062.9,1,50.3628,-0.326259,1.14651,0.245129,-0.686492,-0.681746,1.29799,0.716479,0.353073
15,14732.6,1,58.5296,0.0276675,1.11595,0.298944,-0.635719,-0.67269,1.26512,0.698337,0.335419
16,14394,1,64.1954,0.347957,1.0822,0.404925,-0.72766,-0.626608,1.23309,0.680655,0.318648
17,14070.7,1,68.0088,0.461458,1.06401,0.435334,-0.750268,-0.652283,1.20187,0.66342,0.302716
18,13949.2,1,69.4428,0.490248,1.0496,0.474311,-0.739335,-0.684815,1.17143,0.646622,0.28758
19,13731.9,1,70.5195,0.539285,1.04033,0.475303,-0.784222,-0.73552,1.14177,0.630249,0.273201
20,13458,1,71.4743,0.599155,1.07106,0.483228,-0.765114,-0.76916,1.11286,0.614291,0.259541
21,13383.2,1,73.328,0.55658,1.05268,0.503449,-0.792109,-0.764896,1.08468,0.609897,0.246564
22,13144.9,1,72.7013,0.576871,1.12568,0.454675,-0.763768,-0.709822,1.05722,0.600232,0.234893
23,12936,1,74.246,0.544142,1.13742,0.437223,-0.776312,-0.73059,1.03045,0.604124,0.223685
24,12789.5,1,73.5087,0.674168,1.16367,0.423299,-0.742227,-0.736957,1.00436,0.588827,0.224752
25,12781.1,1,72.284,0.655098,1.163,0.441599,-0.757753,-0.781515,0.978927,0.573917,0.226168
26,12727.2,1,72.4894,0.681645,1.17504,0.431798,-0.786485,-0.792975,0.95414,0.572968,0.222645
27,12547,1,72.2161,0.715363,1.16773,0.453404,-0.731217,-0.797258,0.929981,0.574959,0.215391
28,12413,1,71.87,0.812073,1.19698,0.441127,-0.781972,-0.773072,0.906433,0.568959,0.209397
29,12427.8,1,72.6385,0.769801,1.20112,0.454379,-0.81594,-0.74456,0.883482,0.586623,0.21002
30,12374.3,1,74.795,0.736619,1.23632,0.433471,-0.836718,-0.73647,0.861111,0.58623,0.210583
31,12359.1,1,78.9559,0.691436,1.23194,0.411831,-0.846961,-0.704132,0.839308,0.596448,0.209279
32,12349.5,1,76.0283,0.559432,1.24779,0.399797,-0.89915,-0.700943,0.818056,0.585585,0.212508
33,12413.9,1,74.8147,0.625842,1.20129,0.464437,-0.873157,-0.786937,0.797342,0.588843,0.218421
34,12365.9,1,76.7122,0.694389,1.15923,0.499089,-0.90793,-0.822762,0.777153,0.592364,0.217141
35,12362.2,1,76.1193,0.75912,1.19385,0.472619,-0.792952,-0.818752,0.757475,0.598887,0.217987
36,12335.3,1,74.8489,0.726781,1.22731,0.452291,-0.822295,-0.815739,0.738295,0.593626,0.22113
37,12285.4,1,73.7588,0.721743,1.25281,0.433558,-0.801845,-0.849326,0.719601,0.595898,0.221878
38,12301.6,1,73.0217,0.742687,1.28879,0.38231,-0.875727,-0.826379,0.701381,0.605933,0.215848
39,12334.1,1,73.6577,0.682714,1.27588,0.414619,-0.867111,-0.813467,0.683621,0.62336,0.217415
40,12172.1,1,74.289,0.671838,1.23003,0.456762,-0.839606,-0.801679,0.666312,0.62836,0.211267
41,12036.4,1,75.2127,0.703472,1.26226,0.443536,-0.875324,-0.810676,0.64944,0.617888,0.20726
42,11974.5,1,75.9679,0.694632,1.28077,0.436968,-0.845437,-0.796946,0.632996,0.61823,0.207316
43,12019.7,1,73.353,0.650041,1.29736,0.427019,-0.824954,-0.794869,0.616968,0.616902,0.209156
44,11995.3,1,75.8737,0.545792,1.30623,0.404635,-0.805793,-0.820058,0.601346,0.627555,0.211347
45,12055.3,1,76.4634,0.542001,1.26672,0.431271,-0.885738,-0.778928,0.58612,0.667233,0.208421
46,11983.5,1,77.9341,0.503683,1.22663,0.473064,-0.94567,-0.816693,0.571279,0.666385,0.206026
47,12024.4,1,78.0924,0.514358,1.23993,0.448015,-0.961971,-0.801937,0.576023,0.656447,0.207601
48,12055.3,1,76.6619,0.475042,1.23465,0.471042,-0.901259,-0.83633,0.575536,0.660805,0.208772
49,11981.3,1,76.0211,0.534777,1.20204,0.515072,-0.851543,-0.875077,0.584975,0.64858,0.205862
50,11959,1,75.2389,0.616826,1.22239,0.50147,-0.843789,-0.889858,0.574029,0.66158,0.2033
51,12003.2,1,75.0939,0.626745,1.19633,0.474059,-0.860794,-0.875706,0.568217,0.690354,0.199389
52,12061.6,1,75.0453,0.616368,1.24257,0.404116,-0.914321,-0.884438,0.567551,0.704661,0.20226
53,12045.2,1,74.6718,0.634633,1.19788,0.459933,-0.896092,-0.880445,0.559245,0.696653,0.205004
54,11948.8,1,74.9401,0.601413,1.20902,0.472845,-0.878508,-0.890565,0.548209,0.679014,0.205381
55,11882.8,1,75.2262,0.617023,1.22821,0.489812,-0.853804,-0.918404,0.534328,0.677671,0.207717
56,11999.4,1,74.9674,0.583028,1.2424,0.441943,-0.897093,-0.86853,0.53415,0.672756,0.212745
57,12029.8,1,74.3614,0.562306,1.21281,0.494843,-0.864471,-0.862169,0.532969,0.675132,0.214588
58,11884.3,1,74.1365,0.536012,1.24808,0.470555,-0.864265,-0.876773,0.519474,0.658037,0.213673
59,11831.2,1,73.6701,0.650974,1.27067,0.466686,-0.854605,-0.83828,0.506321,0.656298,0.212817
60,11879.3,1,74.2336,0.661899,1.27744,0.442121,-0.844083,-0.816232,0.495242,0.676799,0.213765
61,11896.7,1,74.8319,0.690656,1.24969,0.46175,-0.807964,-0.831824,0.483867,0.683831,0.217174
62,11965.6,1,73.927,0.645916,1.22004,0.495504,-0.862154,-0.87248,0.49642,0.691435,0.215233
63,11947.3,1,75.1587,0.635519,1.20164,0.507164,-0.872729,-0.867987,0.484394,0.69221,0.218933
64,11973.3,1,75.8415,0.599381,1.15098,0.564523,-0.974463,-0.871639,0.505798,0.679744,0.216307
65,12027.1,1,74.4075,0.586469,1.17939,0.526517,-0.95959,-0.889017,0.502273,0.698306,0.217952
66,11980.9,1,74.6593,0.65495,1.21445,0.503311,-0.872498,-0.8589,0.501898,0.680624,0.219294
67,11936.6,1,74.2739,0.730265,1.24527,0.461562,-0.846471,-0.838584,0.50817,0.675791,0.213074
68,11943.1,1,75.5263,0.686842,1.16329,0.523797,-0.885193,-0.866881,0.512445,0.678189,0.211658
69,12023.9,1,77.1135,0.588642,1.1954,0.475318,-0.991652,-0.864851,0.510391,0.687321,0.217073
70,11950.6,1,77.8437,0.647704,1.22566,0.423368,-0.925665,-0.869473,0.514292,0.689372,0.210839
71,12039.3,1,76.3353,0.719667,1.19654,0.49128,-0.911069,-0.928312,0.524391,0.675478,0.21555
72,12019.8,1,75.2159,0.69846,1.22153,0.473393,-0.90579,-0.907408,0.511113,0.676028,0.220663
73,11933.8,1,77.2165,0.68204,1.19462,0.482167,-0.867919,-0.909873,0.511376,0.688588,0.211256
74,11845.6,1,75.8565,0.662854,1.17792,0.512634,-0.845505,-0.882641,0.503537,0.673562,0.209121
75,11801.5,1,77.0262,0.710813,1.19423,0.509061,-0.793773,-0.836931,0.497632,0.674949,0.209488
76,11845.7,1,76.317,0.727936,1.18589,0.506336,-0.780889,-0.853695,0.508178,0.673488,0.209817
77,11892.4,1,76.446,0.727177,1.20709,0.478457,-0.791761,-0.826907,0.522742,0.662324,0.209693
78,11864.1,1,74.5795,0.766718,1.20038,0.526773,-0.77065,-0.81692,0.516941,0.658924,0.20996
79,11787.4,1,73.2809,0.793262,1.22766,0.503878,-0.852704,-0.853932,0.520548,0.643179,0.20723
80,11736.1,1,74.4277,0.79474,1.23708,0.455638,-0.836704,-0.869799,0.518112,0.670261,0.199791
81,11827.5,1,73.9576,0.724555,1.28037,0.431207,-0.817829,-0.831274,0.535696,0.674349,0.201731
82,11800.5,1,74.091,0.670395,1.23544,0.472225,-0.748708,-0.854517,0.535089,0.657274,0.204303
83,11797.5,1,74.9274,0.675968,1.25618,0.464868,-0.858088,-0.851476,0.524374,0.64807,0.207386
84,11825.9,1,75.471,0.695048,1.22631,0.490302,-0.758894,-0.888458,0.523093,0.65504,0.208656
85,11774.9,1,74.1931,0.674606,1.23453,0.500725,-0.885517,-0.899463,0.51842,0.642519,0.207243
86,11726.4,1,74.39,0.649563,1.25403,0.498665,-0.895522,-0.870865,0.525474,0.637391,0.204501
87,11820.6,1,74.6029,0.630016,1.24708,0.482753,-0.91197,-0.884395,0.534597,0.644405,0.205122
88,11830.5,1,73.3306,0.655032,1.24517,0.477593,-0.863161,-0.879123,0.542921,0.659753,0.20161
89,11875.8,1,73.3083,0.675084,1.26239,0.468584,-0.904575,-0.826835,0.529174,0.671431,0.206354
90,11838.1,1,72.3799,0.664176,1.24162,0.483646,-0.886208,-0.838484,0.542049,0.67191,0.200953
91,11855.2,1,72.905,0.709,1.27957,0.434854,-0.851123,-0.837664,0.539321,0.670742,0.202792
92,11791.6,1,72.6463,0.770024,1.29714,0.411398,-0.886444,-0.831601,0.525665,0.659356,0.20564
93,11777.3,1,71.4393,0.694389,1.27026,0.443323,-0.908324,-0.811253,0.518403,0.661489,0.204073
94,11801.8,1,72.2025,0.731902,1.21813,0.52981,-0.879756,-0.825251,0.535995,0.647564,0.205059
95,11916.7,1,73.5092,0.732241,1.21929,0.522143,-0.924011,-0.836578,0.54527,0.639646,0.210994
96,11889.4,1,74.4343,0.638809,1.19617,0.55782,-0.911606,-0.856377,0.551027,0.630557,0.210954
97,11866.7,1,75.0164,0.676091,1.2272,0.520097,-0.861453,-0.864917,0.537075,0.639083,0.212725
98,11805.8,1,73.5951,0.634956,1.22318,0.530664,-0.819275,-0.860428,0.524727,0.635265,0.209653
99,11845.8,1,75.0657,0.60867,1.28557,0.437524,-0.913655,-0.831913,0.521947,0.650288,0.210561
100,11808.1,1,75.646,0.629637,1.23588,0.476,-0.858396,-0.861427,0.513482,0.652173,0.209273
101,11829,1,76.6295,0.599284,1.24448,0.455569,-0.910257,-0.897738,0.511257,0.668578,0.209376
102,11782.8,1,76.5778,0.608877,1.22177,0.501888,-0.799098,-0.902066,0.502461,0.669009,0.208124
103,11612.5,1,76.5921,0.612082,1.27058,0.474766,-0.774998,-0.896022,0.49447,0.662371,0.20074
104,11701.4,1,75.9538,0.619148,1.25792,0.474362,-0.84371,-0.927263,0.502627,0.651931,0.206568
105,11707.9,1,75.2738,0.582103,1.25547,0.472166,-0.846044,-0.875288,0.50407,0.652723,0.206936
106,11830.1,1,75.0884,0.580189,1.2344,0.498326,-0.796977,-0.844397,0.519111,0.665042,0.207495
107,11787.9,1,76.7853,0.584296,1.20082,0.536292,-0.814344,-0.870192,0.515209,0.653311,0.207198
108,11792.7,1,74.9497,0.596786,1.2326,0.517665,-0.867656,-0.851867,0.508896,0.658316,0.209195
109,11895.2,1,75.9695,0.60388,1.25004,0.48739,-0.913533,-0.84528,0.518435,0.677311,0.210904
110,11796,1,75.4584,0.592904,1.21639,0.557053,-0.868483,-0.818956,0.50696,0.660161,0.211124
111,11818.9,1,76.9246,0.560568,1.22776,0.506065,-0.878791,-0.801416,0.511281,0.657357,0.210959
112,11825.2,1,76.1709,0.603797,1.20228,0.509061,-0.864169,-0.849318,0.535315,0.650385,0.203923
113,11887.7,1,76.6723,0.563333,1.18167,0.531693,-0.799748,-0.858221,0.541101,0.656806,0.205712
114,11778.5,1,76.6067,0.628168,1.18929,0.525634,-0.90098,-0.884415,0.53648,0.658668,0.20158
115,11867.2,1,74.8242,0.620521,1.20804,0.526521,-0.931307,-0.867498,0.542567,0.645645,0.206274
116,11926.7,1,76.319,0.674946,1.17467,0.518442,-0.93763,-0.854897,0.542889,0.656992,0.208615
117,12008.4,1,77.5168,0.59495,1.21555,0.448939,-0.919589,-0.86779,0.52954,0.661975,0.215126
118,11921.5,1,77.6316,0.641631,1.21058,0.484805,-0.964699,-0.868016,0.536792,0.645213,0.214755
119,11951.9,1,76.3604,0.676954,1.22743,0.454803,-0.941081,-0.853422,0.535053,0.663177,0.210402
120,11893.1,1,74.5071,0.642696,1.24019,0.447321,-0.973876,-0.862509,0.522413,0.679642,0.206852
121,12010,1,74.9491,0.591158,1.21337,0.473598,-1.02081,-0.867108,0.526199,0.68097,0.212346
122,11942.3,1,75.6926,0.653283,1.19499,0.501101,-0.982673,-0.843108,0.51582,0.671267,0.213655
123,11975,1,74.4979,0.680243,1.20036,0.484322,-0.932161,-0.891064,0.522744,0.669247,0.21396
124,11926.3,1,73.6459,0.646668,1.21585,0.498259,-0.88213,-0.864414,0.514647,0.67828,0.212325
125,11883.4,1,73.2287,0.659791,1.19445,0.533519,-0.844843,-0.872038,0.516725,0.661106,0.211179
126,11822.4,1,73.7622,0.688687,1.25922,0.49647,-0.834102,-0.845005,0.509699,0.649682,0.212377
127,11908.4,1,74.7685,0.633877,1.23362,0.49537,-0.824961,-0.798812,0.528939,0.659998,0.210667
128,11852.4,1,74.566,0.692044,1.21874,0.503969,-0.860337,-0.802856,0.520054,0.675931,0.206398
129,11856.1,1,73.8398,0.714643,1.23635,0.452289,-0.855144,-0.836436,0.517319,0.687419,0.204606
130,11873.1,1,74.0268,0.702187,1.259,0.425818,-0.920335,-0.824234,0.534562,0.673526,0.204631
131,11794.7,1,74.5652,0.675753,1.29121,0.405907,-0.988743,-0.844089,0.521027,0.663728,0.206746
132,11745.8,1,73.3033,0.63417,1.22659,0.486927,-0.841793,-0.885991,0.525599,0.647534,0.200497
133,11793.9,1,73.6829,0.671479,1.21082,0.477014,-0.911793,-0.882892,0.533114,0.642251,0.203425
134,11792.4,1,72.2798,0.689871,1.27571,0.42674,-0.869521,-0.845779,0.530054,0.639217,0.205165
135,11718.2,1,72.9133,0.679186,1.28353,0.463753,-0.959184,-0.809085,0.533495,0.623031,0.205753
136,11851.6,1,74.0483,0.679867,1.24579,0.474755,-0.850764,-0.837772,0.527895,0.644386,0.209197
137,11861.1,1,73.6391,0.800687,1.2305,0.455284,-0.945977,-0.865593,0.520301,0.647055,0.211538
138,11916.2,1,74.1887,0.764663,1.21973,0.477027,-0.882529,-0.876149,0.524826,0.655305,0.211818
139,11870.2,1,76.2957,0.692687,1.20509,0.500293,-0.924763,-0.833439,0.535868,0.648422,0.20908
140,11819.8,1,76.1745,0.685501,1.23874,0.460296,-0.946517,-0.816465,0.545018,0.638297,0.20521
141,11931.3,1,76.3887,0.666568,1.25052,0.444603,-0.904945,-0.859984,0.547256,0.667741,0.206345
142,11843.1,1,77.3492,0.6564,1.2348,0.473165,-0.900263,-0.84921,0.533399,0.65759,0.207469
143,11867.9,1,75.9836,0.623053,1.23754,0.48523,-0.93092,-0.840835,0.524088,0.659544,0.209613
144,11927.7,1,76.5351,0.595637,1.22037,0.506673,-0.996132,-0.854251,0.522181,0.672492,0.213555
145,11836.3,1,76.0962,0.711202,1.19747,0.504604,-0.96509,-0.86053,0.522097,0.668407,0.206764
146,11823.4,1,75.2058,0.738418,1.1841,0.505514,-0.946081,-0.911623,0.508877,0.667352,0.20833
147,11858.9,1,75.1637,0.762565,1.1775,0.509929,-1.00318,-0.872224,0.519318,0.659417,0.209114
148,11847.7,1,75.5327,0.793307,1.18122,0.507338,-0.907852,-0.853055,0.528652,0.660232,0.207037
149,11861,1,77.2305,0.818197,1.16562,0.552184,-0.918328,-0.905963,0.542921,0.654912,0.207731
150,11902,1,77.3139,0.696769,1.17975,0.525771,-0.863926,-0.902322,0.539186,0.658948,0.209008
151,11876.4,1,76.862,0.649815,1.1652,0.532195,-0.944044,-0.883282,0.536408,0.656858,0.207481
152,11854.4,1,75.7465,0.630663,1.19945,0.476038,-0.905848,-0.856558,0.527173,0.661016,0.206165
153,11896.7,1,73.402,0.657164,1.19195,0.528906,-0.927077,-0.885627,0.522739,0.661308,0.209992
154,11961,1,71.7345,0.610644,1.25824,0.49148,-0.972325,-0.857363,0.532672,0.662164,0.211821
155,11977.5,1,72.3128,0.642319,1.25109,0.495555,-0.885327,-0.885178,0.536642,0.665462,0.211359
156,11940.4,1,71.9718,0.630586,1.27441,0.506424,-0.797273,-0.8711,0.551351,0.665193,0.206131
157,11759.4,1,72.0292,0.663948,1.23824,0.542809,-0.786131,-0.833963,0.537391,0.648349,0.203373
158,11678.7,1,71.8172,0.723341,1.264,0.520749,-0.842415,-0.864835,0.523784,0.63227,0.203839
159,11705.6,1,72.8651,0.698477,1.31068,0.455137,-0.864439,-0.839136,0.525538,0.621733,0.207594
160,11894.1,1,73.9116,0.68131,1.27162,0.462495,-0.884041,-0.870551,0.544794,0.642812,0.208909
161,11870,1,75.0457,0.683153,1.23274,0.500388,-0.848687,-0.847581,0.555528,0.648323,0.205522
162,11889.6,1,74.6405,0.678629,1.23768,0.497582,-0.894244,-0.827074,0.554508,0.655945,0.205246
163,11953.6,1,75.9908,0.648222,1.25913,0.434898,-0.853284,-0.836182,0.540468,0.676243,0.209907
164,11941.4,1,76.7083,0.676025,1.25705,0.438392,-0.870833,-0.869793,0.535495,0.665338,0.211748
165,11974.8,1,75.5095,0.739216,1.22928,0.438236,-0.807861,-0.858771,0.542265,0.649541,0.213704
166,11901,1,75.7957,0.659087,1.20867,0.47563,-0.8361,-0.903013,0.559037,0.633094,0.208552
167,11953.4,1,73.9564,0.674071,1.23744,0.440309,-0.862184,-0.840064,0.552448,0.63323,0.211705
168,11991.2,1,73.7286,0.658464,1.25865,0.42699,-0.937864,-0.813459,0.552092,0.648315,0.213038
169,11904.4,1,75.441,0.646631,1.24435,0.461222,-0.908716,-0.849728,0.548458,0.631899,0.213886
170,12038.1,1,74.9473,0.686097,1.25852,0.446122,-0.922869,-0.829888,0.543501,0.657206,0.216684
171,11979.4,1,76.1778,0.658248,1.25204,0.45531,-0.938267,-0.830877,0.535154,0.646281,0.217026
172,11933.8,1,75.1987,0.712732,1.25781,0.430684,-0.861433,-0.861948,0.522677,0.651657,0.21454
173,11996.9,1,75.2989,0.731016,1.2609,0.452961,-0.825898,-0.856637,0.533684,0.646815,0.216999
174,11840.7,1,76.3285,0.731074,1.28175,0.454361,-0.83795,-0.855837,0.520171,0.649733,0.21251
175,11947,1,75.8465,0.748404,1.25369,0.445255,-0.795129,-0.858111,0.532234,0.662757,0.210929
176,11876.8,1,75.099,0.669681,1.22128,0.485494,-0.826958,-0.888641,0.531985,0.676116,0.203939
177,11798.4,1,74.3655,0.748175,1.26421,0.468254,-0.864308,-0.867872,0.518515,0.677341,0.205088
178,11914.5,1,75.2504,0.70185,1.28961,0.432727,-0.856971,-0.871507,0.514856,0.672838,0.212164
179,11870.9,1,76.2628,0.742832,1.23776,0.44269,-0.898689,-0.838601,0.520274,0.655801,0.212672
180,11808.2,1,75.7044,0.724126,1.25039,0.457402,-0.926062,-0.865219,0.522159,0.64258,0.208821
181,11865.7,1,74.6238,0.758307,1.24764,0.448579,-0.908384,-0.858345,0.52637,0.653803,0.209
182,11720.1,1,73.3182,0.73562,1.20683,0.520363,-0.88859,-0.876265,0.513042,0.639623,0.206453
183,11792.2,1,73.7249,0.766299,1.21833,0.516613,-0.829454,-0.892583,0.504382,0.64902,0.210856
184,11800.1,1,74.2982,0.769733,1.24997,0.48708,-0.803701,-0.914517,0.491611,0.656788,0.215449
185,11840.3,1,75.7343,0.72523,1.25923,0.473975,-0.833307,-0.85028,0.514607,0.649943,0.212512
186,11855.7,1,74.2728,0.621278,1.28595,0.448256,-0.840594,-0.858213,0.51458,0.640303,0.214511
187,11823.5,1,75.2388,0.689986,1.27946,0.474371,-0.842847,-0.835408,0.531231,0.638192,0.211227
188,11927.7,1,75.4996,0.740033,1.2744,0.464181,-0.848333,-0.844788,0.527886,0.637638,0.217114
189,11877.5,1,76.0571,0.727285,1.22026,0.502484,-0.852802,-0.852985,0.523945,0.650977,0.212453
190,11845.4,1,76.7648,0.703339,1.19705,0.506015,-0.829001,-0.844834,0.528818,0.650288,0.209007
191,11808.2,1,74.9508,0.637822,1.22653,0.487208,-0.86715,-0.814038,0.515428,0.646755,0.209618
192,11819.3,1,75.7384,0.62055,1.21034,0.49912,-0.825346,-0.853045,0.519406,0.640628,0.21027
193,11812.3,1,75.7009,0.609677,1.27617,0.444638,-0.811284,-0.839378,0.531595,0.638867,0.207879
194,11811.7,1,75.3225,0.634451,1.27608,0.453433,-0.828562,-0.857585,0.529711,0.658298,0.205033
195,11789,1,73.9109,0.627545,1.24053,0.499215,-0.899694,-0.837451,0.522842,0.6614,0.204229
196,11915.5,1,72.9463,0.715957,1.24959,0.500798,-0.871563,-0.795723,0.527017,0.669432,0.209866
197,11860.2,1,73.4117,0.634606,1.23947,0.513145,-0.913911,-0.843084,0.526798,0.660294,0.209093
198,11891.6,1,72.9408,0.58989,1.24987,0.493545,-0.876273,-0.82973,0.525703,0.667868,0.208945
199,11846.2,1,73.6936,0.624103,1.27739,0.497396,-0.917044,-0.812708,0.517828,0.658791,0.209773
200,11816.7,1,75.1961,0.646797,1.27255,0.483877,-0.93001,-0.876967,0.532428,0.656384,0.208045
201,11874.3,1,75.2724,0.628658,1.2928,0.434822,-0.847094,-0.862216,0.554152,0.65155,0.205359
202,11862.4,1,74.8403,0.642122,1.25713,0.477151,-0.793589,-0.847425,0.554441,0.637378,0.207892
203,11946.4,1,75.5259,0.681983,1.2297,0.496579,-0.864702,-0.818116,0.564449,0.643773,0.208656
204,11879.8,1,76.7655,0.659154,1.24249,0.473241,-0.927354,-0.826336,0.551902,0.646202,0.206971
205,11801.6,1,76.0922,0.656911,1.29949,0.40429,-0.858295,-0.824841,0.541461,0.651653,0.202147
206,11755.2,1,75.0062,0.628466,1.30073,0.409174,-0.901746,-0.825594,0.527751,0.635153,0.206209
207,11781.7,1,75.0062,0.628913,1.28045,0.398692,-0.786441,-0.819844,0.529785,0.660157,0.201386
208,11871.3,1,77.211,0.667081,1.22613,0.466725,-0.843868,-0.869836,0.546859,0.678629,0.202381
209,11820.6,1,76.4582,0.680918,1.24931,0.429193,-0.919253,-0.823773,0.545792,0.680749,0.198385
210,11868.9,1,77.238,0.707777,1.19302,0.459397,-0.960461,-0.833927,0.547391,0.667744,0.201751
211,11922.8,1,77.4867,0.715763,1.16339,0.508032,-0.927802,-0.850153,0.542369,0.674221,0.205043
212,11866.7,1,77.2476,0.694623,1.18169,0.49164,-0.96696,-0.824644,0.536216,0.65715,0.206095
213,11930,1,76.1763,0.644799,1.21976,0.474267,-0.935727,-0.848386,0.544331,0.668553,0.206817
214,11816.5,1,76.5064,0.571605,1.24006,0.464928,-0.955266,-0.837758,0.530548,0.661178,0.204762
215,11773.3,1,75.9912,0.635434,1.24335,0.459291,-0.890543,-0.855501,0.531479,0.652213,0.203559
216,11756.4,1,75.9649,0.589134,1.21554,0.505788,-0.916527,-0.861079,0.528178,0.657882,0.201623
217,11693.6,1,76.2532,0.596932,1.23119,0.484445,-0.867119,-0.875689,0.533745,0.641224,0.201278
218,11735,1,75.3994,0.682639,1.23504,0.48132,-0.786301,-0.854997,0.527124,0.642818,0.203776
219,11788.4,1,75.183,0.754188,1.27731,0.445462,-0.818732,-0.873693,0.513777,0.651491,0.211625
220,11833.5,1,75.6217,0.755329,1.23756,0.466474,-0.778322,-0.857039,0.522442,0.654875,0.208754
221,11862.7,1,75.8794,0.791934,1.2491,0.418342,-0.780791,-0.829087,0.525519,0.656226,0.207402
222,11926.7,2,75.3403,0.812658,1.2794,0.419362,-0.851959,-0.826042,0.527815,0.66335,0.212636
223,11932.4,2,74.5236,0.743606,1.28947,0.428719,-0.825834,-0.790905,0.530465,0.655243,0.213327
224,11876.5,2,73.7936,0.733655,1.31848,0.439281,-0.801047,-0.778656,0.525586,0.662874,0.209976
225,11777.8,2,72.0663,0.744794,1.315,0.458732,-0.809132,-0.822442,0.511427,0.641826,0.210247
226,11912.8,2,71.7194,0.695125,1.31042,0.474352,-0.818692,-0.822894,0.517622,0.650641,0.215728
227,11820.3,2,71.4291,0.61659,1.3186,0.470827,-0.80987,-0.82261,0.498547,0.646545,0.216891
228,11693.8,2,71.2867,0.65545,1.32178,0.461113,-0.823276,-0.83838,0.501694,0.619164,0.212827
229,11736.5,2,71.2786,0.696573,1.33436,0.430674,-0.74929,-0.855369,0.503588,0.62975,0.212181
230,11757.3,2,71.8801,0.751451,1.30861,0.465575,-0.727363,-0.832596,0.496634,0.637935,0.214299
231,11745.2,2,72.9941,0.738836,1.2594,0.482315,-0.787558,-0.844275,0.509634,0.649799,0.206849
232,11691.9,2,72.5899,0.71848,1.29518,0.45008,-0.806635,-0.823905,0.508237,0.640248,0.205794
233,11702,2,72.7103,0.740541,1.3136,0.442013,-0.838995,-0.810851,0.504672,0.647485,0.205229
234,11777.3,2,73.646,0.742539,1.33015,0.414767,-0.841686,-0.789735,0.500609,0.658191,0.207262
235,11816.3,2,73.5693,0.724762,1.31715,0.430533,-0.870298,-0.803499,0.497521,0.66763,0.208521
236,11793.7,2,73.1975,0.71831,1.2954,0.445244,-0.838569,-0.812953,0.500906,0.659863,0.209129
237,11871.8,2,73.8524,0.73995,1.29124,0.43486,-0.842967,-0.813462,0.504666,0.659604,0.211786
238,11780.6,2,74.2542,0.765174,1.28911,0.431874,-0.903398,-0.827904,0.498853,0.66214,0.210926
239,11868.6,2,74.5172,0.735151,1.27673,0.434553,-0.888288,-0.841093,0.501865,0.662913,0.211328
240,11839.8,2,74.6969,0.725747,1.26241,0.455002,-0.888072,-0.840965,0.501136,0.670322,0.210062
241,11846.6,2,74.2144,0.705206,1.2547,0.461087,-0.900358,-0.828877,0.498323,0.664033,0.212157
242,11814.9,2,74.2879,0.733627,1.27336,0.440288,-0.885109,-0.84916,0.489942,0.663806,0.214317
243,11852.4,2,74.2761,0.751141,1.26962,0.443994,-0.847251,-0.859137,0.495481,0.660811,0.214476
244,11929,2,74.0795,0.76214,1.25663,0.460006,-0.838902,-0.863719,0.501699,0.655395,0.216238
245,11847,2,73.9331,0.767168,1.25647,0.46581,-0.826016,-0.865762,0.504998,0.649659,0.215837
246,11849,2,74.5366,0.766675,1.25065,0.456869,-0.82666,-0.877193,0.506551,0.653607,0.214479
247,11807.3,2,74.7364,0.776357,1.24266,0.469401,-0.833901,-0.873867,0.505451,0.649939,0.214213
248,11855.2,2,74.9079,0.772751,1.23198,0.475625,-0.866334,-0.858785,0.507801,0.650458,0.213741
249,11947,2,74.6631,0.775152,1.23234,0.472768,-0.883573,-0.849729,0.513048,0.655354,0.21371
250,11871,2,74.6589,0.749177,1.23341,0.474265,-0.886995,-0.845722,0.516553,0.652727,0.213433
251,11823.6,2,74.8027,0.727478,1.24188,0.47255,-0.882117,-0.842221,0.516232,0.650461,0.213341
252,11858.9,2,74.6667,0.720539,1.24047,0.47728,-0.876471,-0.837794,0.514309,0.653981,0.213187
253,11877,2,74.2986,0.726275,1.22867,0.493199,-0.866257,-0.843357,0.50914,0.65559,0.213779
254,11928,2,74.319,0.731153,1.23704,0.484633,-0.854117,-0.840037,0.509145,0.661325,0.21363
255,11819.9,2,74.4117,0.738994,1.25042,0.476684,-0.85492,-0.835237,0.506911,0.664084,0.213013
256,11787.6,2,74.4424,0.72781,1.25701,0.469624,-0.874517,-0.83217,0.504274,0.663529,0.212825
257,11724.1,2,74.3846,0.724031,1.2552,0.47702,-0.874114,-0.833081,0.503931,0.662125,0.212056
258,11731.4,2,74.5297,0.722696,1.25668,0.478855,-0.876556,-0.828437,0.501145,0.661187,0.212051
259,11807.3,2,74.3833,0.721435,1.26364,0.46896,-0.880697,-0.83195,0.500857,0.662439,0.211687
260,11767.9,2,74.2624,0.723768,1.27155,0.462498,-0.874164,-0.83223,0.502088,0.659386,0.211428
261,11726,2,74.0653,0.725475,1.27937,0.457676,-0.86749,-0.833451,0.503289,0.657248,0.210662
262,11791.8,2,73.975,0.729433,1.28016,0.453041,-0.870511,-0.83779,0.503465,0.657842,0.21027
263,11819.8,2,73.805,0.72538,1.2796,0.455273,-0.865536,-0.839554,0.503321,0.657298,0.210367
264,11731.5,2,73.7423,0.725948,1.28299,0.451027,-0.866237,-0.839693,0.504511,0.655007,0.209757
265,11696.7,2,73.7943,0.723856,1.27749,0.457111,-0.870142,-0.842719,0.504714,0.653941,0.209264
266,11841.9,2,73.7933,0.723923,1.27695,0.456585,-0.870886,-0.843652,0.505807,0.651539,0.209723
267,11774,2,73.8024,0.727041,1.27264,0.460426,-0.873389,-0.846539,0.505051,0.651596,0.209763
268,11849.7,2,73.8744,0.721872,1.27169,0.461782,-0.877063,-0.84573,0.505233,0.651819,0.210219
269,11851.8,2,73.9339,0.718142,1.26578,0.465985,-0.878572,-0.848955,0.506192,0.65281,0.210056
270,11851.7,2,74.0255,0.713589,1.26175,0.469326,-0.880393,-0.84884,0.505895,0.653221,0.210235
271,11847.8,2,74.0403,0.712888,1.26033,0.471715,-0.882631,-0.851705,0.506275,0.654583,0.210186
272,11842.5,2,74.048,0.709009,1.26263,0.470778,-0.881994,-0.851325,0.506889,0.653708,0.210374
273,11761.7,2,74.0384,0.709058,1.26269,0.471,-0.882387,-0.850985,0.506843,0.653674,0.210368
274,11866.5,2,74.0197,0.709482,1.26287,0.470645,-0.882536,-0.850362,0.50701,0.653466,0.210441
275,11782.6,2,74.0098,0.708461,1.26206,0.471798,-0.882137,-0.850805,0.506931,0.653139,0.210488
276,11743.2,2,74.0465,0.708337,1.26135,0.472084,-0.881362,-0.851084,0.506723,0.652926,0.210506
277,11768.4,2,74.032,0.708217,1.26202,0.472206,-0.880343,-0.849992,0.50692,0.652758,0.210475
278,11741.2,2,74.0246,0.708583,1.26258,0.471871,-0.8799,-0.850097,0.506922,0.652731,0.210439
279,11801.1,2,74.0363,0.708226,1.26241,0.471839,-0.880318,-0.849792,0.506987,0.652558,0.210466
280,11936.7,2,74.0243,0.708596,1.26248,0.471241,-0.879486,-0.849765,0.506976,0.652622,0.210605
281,11791.8,2,74.0355,0.708361,1.26183,0.472121,-0.880597,-0.849363,0.506935,0.652598,0.210632
282,11787.3,2,74.0391,0.706916,1.26187,0.472425,-0.881523,-0.848696,0.506613,0.65288,0.210644
283,11853.4,2,74.0543,0.706344,1.26199,0.472224,-0.881932,-0.848256,0.506646,0.653095,0.210656
284,11843.8,2,74.0923,0.706151,1.26158,0.472146,-0.881447,-0.848186,0.506848,0.653354,0.210588
285,11816.7,2,74.1237,0.706819,1.26132,0.472135,-0.8808,-0.84776,0.506948,0.653649,0.210538
286,11850.6,2,74.1299,0.706656,1.26099,0.472422,-0.880989,-0.847665,0.507004,0.653898,0.210506
287,11918.8,2,74.1367,0.706465,1.25995,0.473095,-0.881925,-0.848187,0.50704,0.654225,0.210545
288,11767.7,2,74.1368,0.70689,1.25953,0.473682,-0.881456,-0.848872,0.50679,0.654315,0.21056
289,11821.4,2,74.1475,0.705753,1.25905,0.474511,-0.881141,-0.848804,0.506647,0.6543,0.21062
290,11863.1,2,74.1373,0.706474,1.25939,0.474198,-0.881597,-0.848499,0.50672,0.654228,0.21069
291,11837.1,2,74.1374,0.705961,1.25976,0.474032,-0.881838,-0.848406,0.506921,0.654138,0.210708
292,11873.2,2,74.139,0.705254,1.25969,0.47415,-0.881251,-0.848343,0.507269,0.654104,0.2107
293,11876.5,2,74.1376,0.704985,1.26007,0.473623,-0.881367,-0.848439,0.50715,0.654223,0.21075
294,11815.3,2,74.1234,0.704274,1.26049,0.473315,-0.880727,-0.847775,0.507185,0.653999,0.210775
295,11875.5,2,74.1156,0.704156,1.25996,0.473697,-0.880127,-0.84783,0.5073,0.65411,0.21078
296,11751.1,2,74.1197,0.70356,1.25969,0.473794,-0.879993,-0.847682,0.507321,0.654021,0.210717
297,11930.6,2,74.123,0.702764,1.2596,0.473858,-0.880151,-0.847942,0.507377,0.654308,0.210741
298,11862.1,2,74.1186,0.702136,1.25993,0.473423,-0.87968,-0.848221,0.507579,0.654439,0.210697
299,11901.4,2,74.1112,0.701822,1.25959,0.47361,-0.880314,-0.848644,0.507656,0.654224,0.210796
300,11788.3,2,74.1087,0.701848,1.25901,0.474154,-0.880627,-0.848754,0.507588,0.654095,0.210797
301,11849.8,2,74.1076,0.702643,1.25875,0.474551,-0.8809,-0.848954,0.507721,0.653959,0.210805
302,11768.6,2,74.1226,0.703418,1.25813,0.47498,-0.881056,-0.849389,0.507698,0.653926,0.210789
303,11754.5,2,74.1176,0.703493,1.25793,0.47531,-0.881749,-0.849226,0.507663,0.653986,0.21074
304,11714.2,2,74.1009,0.704563,1.25849,0.475315,-0.881573,-0.849284,0.507569,0.653925,0.210728
305,11877.7,2,74.0852,0.704362,1.25836,0.475573,-0.880694,-0.849728,0.507486,0.653902,0.210811
306,11984.7,2,74.1026,0.703915,1.25736,0.476307,-0.879445,-0.850266,0.507487,0.654451,0.210824
307,11807,2,74.0937,0.704293,1.2569,0.476866,-0.879082,-0.850495,0.507555,0.654795,0.210732
308,11952.8,2,74.0864,0.704336,1.25627,0.477305,-0.878761,-0.850064,0.507638,0.654981,0.21077
309,11910,2,74.0955,0.704125,1.25586,0.477337,-0.878258,-0.850041,0.50776,0.654967,0.210812
310,11879,2,74.1014,0.704577,1.25575,0.477244,-0.877569,-0.84997,0.507915,0.655074,0.210801
311,11874.6,2,74.1112,0.705453,1.25576,0.477193,-0.875356,-0.850214,0.507966,0.655237,0.210842
312,11890.1,2,74.1185,0.705364,1.25517,0.478,-0.874985,-0.850161,0.507996,0.655135,0.210907
313,11799.8,2,74.1241,0.705323,1.25494,0.478054,-0.875078,-0.85018,0.508014,0.655062,0.210895
314,11912.7,2,74.1256,0.705233,1.25514,0.477807,-0.873959,-0.849719,0.508068,0.655167,0.210934
315,11860.3,2,74.1188,0.705558,1.25464,0.477962,-0.872742,-0.849797,0.508002,0.655325,0.210932
316,11880.2,2,74.1134,0.704856,1.25444,0.478162,-0.873308,-0.849708,0.508174,0.655344,0.210922
317,11791,2,74.1135,0.705169,1.25446,0.478127,-0.873294,-0.849686,0.508227,0.655383,0.210871
318,11822.5,2,74.0887,0.704917,1.25446,0.478424,-0.872957,-0.849648,0.508178,0.655281,0.210895
