V_abscissa,V_cdf,Cl_abscissa,Cl_cdf,split
9.32766,0,0.0473397,0,All
15.6456,0.000999001,0.155781,0.000999001,All
20.141,0.001998,0.182873,0.001998,All
22.466,0.002997,0.199983,0.002997,All
22.498,0.003996,0.202612,0.003996,All
23.1709,0.004995,0.212,0.004995,All
24.7923,0.00599401,0.225656,0.00599401,All
25.7383,0.00699301,0.23539,0.00699301,All
26.7972,0.00799201,0.23787,0.00799201,All
27.7192,0.00899101,0.261009,0.00899101,All
29.1904,0.00999001,0.269239,0.00999001,All
29.5377,0.010989,0.290816,0.010989,All
29.6191,0.011988,0.29117,0.011988,All
29.8457,0.012987,0.294078,0.012987,All
29.9246,0.013986,0.306448,0.013986,All
29.9325,0.014985,0.320609,0.014985,All
30.1148,0.015984,0.334862,0.015984,All
30.1761,0.016983,0.337097,0.016983,All
30.5865,0.017982,0.344108,0.017982,All
30.68,0.018981,0.354051,0.018981,All
31.3465,0.01998,0.355971,0.01998,All
31.3828,0.020979,0.381487,0.020979,All
32.4352,0.021978,0.402536,0.021978,All
32.9947,0.022977,0.404445,0.022977,All
33.0776,0.023976,0.405001,0.023976,All
33.477,0.024975,0.425505,0.024975,All
33.9234,0.025974,0.425833,0.025974,All
34.0171,0.026973,0.426132,0.026973,All
34.1426,0.027972,0.427006,0.027972,All
34.3428,0.028971,0.427596,0.028971,All
34.889,0.02997,0.432049,0.02997,All
35.1359,0.030969,0.435034,0.030969,All
35.2386,0.031968,0.444235,0.031968,All
35.3679,0.032967,0.445107,0.032967,All
35.6455,0.033966,0.450633,0.033966,All
35.6692,0.034965,0.460388,0.034965,All
35.7254,0.035964,0.460761,0.035964,All
36.1912,0.036963,0.472501,0.036963,All
36.2385,0.037962,0.474171,0.037962,All
36.3135,0.038961,0.475657,0.038961,All
36.4856,0.03996,0.477356,0.03996,All
36.6756,0.040959,0.477479,0.040959,All
37.472,0.041958,0.494884,0.041958,All
38.1047,0.042957,0.502567,0.042957,All
38.14,0.043956,0.509907,0.043956,All
38.2912,0.044955,0.513927,0.044955,All
38.3062,0.045954,0.517045,0.045954,All
38.8304,0.046953,0.517055,0.046953,All
39.0903,0.047952,0.519614,0.047952,All
39.2959,0.048951,0.524885,0.048951,All
39.5862,0.04995,0.527296,0.04995,All
39.6214,0.0509491,0.540113,0.0509491,All
39.7774,0.0519481,0.540663,0.0519481,All
39.8763,0.0529471,0.542062,0.0529471,All
39.9278,0.0539461,0.543344,0.0539461,All
40.1787,0.0549451,0.547829,0.0549451,All
40.2757,0.0559441,0.554374,0.0559441,All
40.582,0.0569431,0.555016,0.0569431,All
40.6425,0.0579421,0.556757,0.0579421,All
40.7994,0.0589411,0.559728,0.0589411,All
40.9793,0.0599401,0.561341,0.0599401,All
41.0505,0.0609391,0.568319,0.0609391,All
41.1912,0.0619381,0.571872,0.0619381,All
41.3575,0.0629371,0.572794,0.0629371,All
41.5375,0.0639361,0.575452,0.0639361,All
41.8281,0.0649351,0.584327,0.0649351,All
41.9637,0.0659341,0.595688,0.0659341,All
42.3177,0.0669331,0.597052,0.0669331,All
42.4134,0.0679321,0.598944,0.0679321,All
42.4309,0.0689311,0.600368,0.0689311,All
42.6544,0.0699301,0.601187,0.0699301,All
43.122,0.0709291,0.601258,0.0709291,All
43.1967,0.0719281,0.602905,0.0719281,All
43.3573,0.0729271,0.604654,0.0729271,All
43.5732,0.0739261,0.606761,0.0739261,All
43.7471,0.0749251,0.606882,0.0749251,All
43.8184,0.0759241,0.608985,0.0759241,All
43.824,0.0769231,0.617642,0.0769231,All
43.846,0.0779221,0.631942,0.0779221,All
44.0805,0.0789211,0.637757,0.0789211,All
44.1465,0.0799201,0.65416,0.0799201,All
44.3303,0.0809191,0.655069,0.0809191,All
44.3331,0.0819181,0.657258,0.0819181,All
44.4678,0.0829171,0.658358,0.0829171,All
44.58,0.0839161,0.658797,0.0839161,All
44.6123,0.0849151,0.659026,0.0849151,All
44.6503,0.0859141,0.660122,0.0859141,All
44.9086,0.0869131,0.663466,0.0869131,All
44.928,0.0879121,0.663587,0.0879121,All
45.1717,0.0889111,0.66368,0.0889111,All
45.2274,0.0899101,0.66488,0.0899101,All
45.2486,0.0909091,0.665623,0.0909091,All
45.3305,0.0919081,0.666392,0.0919081,All
45.3743,0.0929071,0.669433,0.0929071,All
45.5369,0.0939061,0.671988,0.0939061,All
45.6021,0.0949051,0.677376,0.0949051,All
45.6973,0.0959041,0.67861,0.0959041,All
45.8232,0.0969031,0.680723,0.0969031,All
46.021,0.0979021,0.695627,0.0979021,All
46.1062,0.0989011,0.696564,0.0989011,All
46.4011,0.0999001,0.697132,0.0999001,All
46.5608,0.100899,0.700421,0.100899,All
46.5774,0.101898,0.703933,0.101898,All
46.7989,0.102897,0.705334,0.102897,All
46.852,0.103896,0.710055,0.103896,All
46.9158,0.104895,0.713609,0.104895,All
46.9812,0.105894,0.719845,0.105894,All
47.0327,0.106893,0.720696,0.106893,All
47.0584,0.107892,0.723538,0.107892,All
47.2235,0.108891,0.725264,0.108891,All
47.2518,0.10989,0.726441,0.10989,All
47.3467,0.110889,0.729605,0.110889,All
47.8117,0.111888,0.734485,0.111888,All
47.8862,0.112887,0.744196,0.112887,All
47.9234,0.113886,0.745333,0.113886,All
47.9389,0.114885,0.754242,0.114885,All
48.0472,0.115884,0.760469,0.115884,All
48.1668,0.116883,0.762458,0.116883,All
48.52,0.117882,0.762595,0.117882,All
48.5592,0.118881,0.767196,0.118881,All
48.8574,0.11988,0.770154,0.11988,All
48.9129,0.120879,0.771528,0.120879,All
49.0347,0.121878,0.772456,0.121878,All
49.1659,0.122877,0.773044,0.122877,All
49.2456,0.123876,0.774531,0.123876,All
49.3632,0.124875,0.775194,0.124875,All
49.3753,0.125874,0.775916,0.125874,All
49.4231,0.126873,0.776015,0.126873,All
49.5189,0.127872,0.777055,0.127872,All
49.5547,0.128871,0.778154,0.128871,All
49.5833,0.12987,0.782978,0.12987,All
49.6118,0.130869,0.783604,0.130869,All
49.7578,0.131868,0.787873,0.131868,All
49.7652,0.132867,0.788097,0.132867,All
50.0645,0.133866,0.80361,0.133866,All
50.0969,0.134865,0.808587,0.134865,All
50.1233,0.135864,0.809811,0.135864,All
50.2368,0.136863,0.818917,0.136863,All
50.2411,0.137862,0.81918,0.137862,All
50.2978,0.138861,0.824371,0.138861,All
50.3068,0.13986,0.829223,0.13986,All
50.358,0.140859,0.829761,0.140859,All
50.3779,0.141858,0.833532,0.141858,All
50.3869,0.142857,0.834308,0.142857,All
50.5291,0.143856,0.837487,0.143856,All
50.5794,0.144855,0.838578,0.144855,All
50.5913,0.145854,0.843896,0.145854,All
50.6035,0.146853,0.848732,0.146853,All
50.6773,0.147852,0.849045,0.147852,All
50.7116,0.148851,0.856661,0.148851,All
50.724,0.14985,0.858386,0.14985,All
50.9022,0.150849,0.858711,0.150849,All
50.9774,0.151848,0.860584,0.151848,All
51.1939,0.152847,0.862925,0.152847,All
51.3845,0.153846,0.871063,0.153846,All
51.4228,0.154845,0.871741,0.154845,All
51.7841,0.155844,0.874315,0.155844,All
52.1046,0.156843,0.87817,0.156843,All
52.1154,0.157842,0.880123,0.157842,All
52.2032,0.158841,0.882199,0.158841,All
52.2743,0.15984,0.882626,0.15984,All
52.3238,0.160839,0.88285,0.160839,All
52.352,0.161838,0.88458,0.161838,All
52.3627,0.162837,0.886031,0.162837,All
52.4373,0.163836,0.88664,0.163836,All
52.4431,0.164835,0.887447,0.164835,All
52.4969,0.165834,0.888145,0.165834,All
52.6148,0.166833,0.891142,0.166833,All
52.6586,0.167832,0.891967,0.167832,All
52.9059,0.168831,0.898934,0.168831,All
53.0146,0.16983,0.901976,0.16983,All
53.0813,0.170829,0.902244,0.170829,All
53.2902,0.171828,0.902284,0.171828,All
53.3523,0.172827,0.905092,0.172827,All
53.3688,0.173826,0.911756,0.173826,All
53.3876,0.174825,0.91715,0.174825,All
53.4066,0.175824,0.917604,0.175824,All
53.4689,0.176823,0.920204,0.176823,All
53.4969,0.177822,0.920711,0.177822,All
53.6093,0.178821,0.922454,0.178821,All
53.7036,0.17982,0.922532,0.17982,All
53.7175,0.180819,0.923398,0.180819,All
53.8363,0.181818,0.927924,0.181818,All
53.8586,0.182817,0.929527,0.182817,All
53.867,0.183816,0.931002,0.183816,All
53.9579,0.184815,0.938435,0.184815,All
53.9869,0.185814,0.939453,0.185814,All
54.0101,0.186813,0.940132,0.186813,All
54.0304,0.187812,0.940743,0.187812,All
54.1543,0.188811,0.944303,0.188811,All
54.3006,0.18981,0.944328,0.18981,All
54.324,0.190809,0.951084,0.190809,All
54.9002,0.191808,0.953475,0.191808,All
55.1027,0.192807,0.95588,0.192807,All
55.2482,0.193806,0.95666,0.193806,All
55.3042,0.194805,0.95815,0.194805,All
55.3083,0.195804,0.965197,0.195804,All
55.3084,0.196803,0.965235,0.196803,All
55.32,0.197802,0.966983,0.197802,All
55.3235,0.198801,0.968737,0.198801,All
55.3343,0.1998,0.968974,0.1998,All
55.3352,0.200799,0.970451,0.200799,All
55.4754,0.201798,0.970776,0.201798,All
55.4871,0.202797,0.972262,0.202797,All
55.6127,0.203796,0.975198,0.203796,All
55.6907,0.204795,0.979452,0.204795,All
55.6911,0.205794,0.982113,0.205794,All
55.7598,0.206793,0.982313,0.206793,All
55.8221,0.207792,0.983357,0.207792,All
55.8476,0.208791,0.983739,0.208791,All
55.9555,0.20979,0.987841,0.20979,All
56.0393,0.210789,0.987905,0.210789,All
56.1108,0.211788,0.988922,0.211788,All
56.1633,0.212787,0.995896,0.212787,All
56.1925,0.213786,0.99627,0.213786,All
56.2975,0.214785,0.997952,0.214785,All
56.3811,0.215784,0.999912,0.215784,All
56.4126,0.216783,1.0002,0.216783,All
56.5436,0.217782,1.00309,0.217782,All
56.7508,0.218781,1.00351,0.218781,All
56.7528,0.21978,1.00484,0.21978,All
56.7681,0.220779,1.00754,0.220779,All
56.8148,0.221778,1.00782,0.221778,All
56.9725,0.222777,1.01224,0.222777,All
57.0267,0.223776,1.02916,0.223776,All
57.0655,0.224775,1.03752,0.224775,All
57.0658,0.225774,1.04004,0.225774,All
57.0883,0.226773,1.04205,0.226773,All
57.0953,0.227772,1.04358,0.227772,All
57.1073,0.228771,1.0441,0.228771,All
57.1339,0.22977,1.04449,0.22977,All
57.186,0.230769,1.04567,0.230769,All
57.2349,0.231768,1.04841,0.231768,All
57.366,0.232767,1.05311,0.232767,All
57.3925,0.233766,1.05456,0.233766,All
57.414,0.234765,1.05534,0.234765,All
57.4155,0.235764,1.06111,0.235764,All
57.551,0.236763,1.0622,0.236763,All
57.569,0.237762,1.06757,0.237762,All
57.6446,0.238761,1.06789,0.238761,All
57.764,0.23976,1.06943,0.23976,All
57.7884,0.240759,1.07294,0.240759,All
57.8305,0.241758,1.07371,0.241758,All
57.8658,0.242757,1.07451,0.242757,All
57.9059,0.243756,1.07486,0.243756,All
58.0094,0.244755,1.08162,0.244755,All
58.0625,0.245754,1.08242,0.245754,All
58.1216,0.246753,1.08905,0.246753,All
58.2751,0.247752,1.08923,0.247752,All
58.2946,0.248751,1.09401,0.248751,All
58.2967,0.24975,1.09655,0.24975,All
58.3356,0.250749,1.09892,0.250749,All
58.3474,0.251748,1.10127,0.251748,All
58.3893,0.252747,1.10501,0.252747,All
58.5322,0.253746,1.1073,0.253746,All
58.5344,0.254745,1.11349,0.254745,All
58.561,0.255744,1.1155,0.255744,All
58.5998,0.256743,1.12182,0.256743,All
58.6093,0.257742,1.12641,0.257742,All
58.7155,0.258741,1.12684,0.258741,All
58.7369,0.25974,1.12923,0.25974,All
58.7962,0.260739,1.13265,0.260739,All
58.874,0.261738,1.13365,0.261738,All
58.9243,0.262737,1.13801,0.262737,All
58.9475,0.263736,1.13981,0.263736,All
58.9548,0.264735,1.14057,0.264735,All
58.9583,0.265734,1.14195,0.265734,All
58.9758,0.266733,1.1454,0.266733,All
59.093,0.267732,1.14884,0.267732,All
59.2095,0.268731,1.14948,0.268731,All
59.2569,0.26973,1.15879,0.26973,All
59.2738,0.270729,1.1601,0.270729,All
59.2929,0.271728,1.16774,0.271728,All
59.3095,0.272727,1.16901,0.272727,All
59.3375,0.273726,1.17128,0.273726,All
59.3498,0.274725,1.17178,0.274725,All
59.4501,0.275724,1.17484,0.275724,All
59.49,0.276723,1.17596,0.276723,All
59.504,0.277722,1.17857,0.277722,All
59.5088,0.278721,1.18356,0.278721,All
59.5282,0.27972,1.18738,0.27972,All
59.5964,0.280719,1.18969,0.280719,All
59.713,0.281718,1.19241,0.281718,All
59.8234,0.282717,1.19437,0.282717,All
59.8361,0.283716,1.19564,0.283716,All
59.9678,0.284715,1.19928,0.284715,All
59.9738,0.285714,1.20239,0.285714,All
59.9873,0.286713,1.20245,0.286713,All
60.0055,0.287712,1.20712,0.287712,All
60.0459,0.288711,1.21161,0.288711,All
60.0735,0.28971,1.21184,0.28971,All
60.0916,0.290709,1.2142,0.290709,All
60.1151,0.291708,1.21966,0.291708,All
60.2098,0.292707,1.2197,0.292707,All
60.221,0.293706,1.22284,0.293706,All
60.2223,0.294705,1.22834,0.294705,All
60.3127,0.295704,1.22963,0.295704,All
60.3558,0.296703,1.23358,0.296703,All
60.4052,0.297702,1.24969,0.297702,All
60.4642,0.298701,1.25061,0.298701,All
60.4713,0.2997,1.255,0.2997,All
60.6954,0.300699,1.26668,0.300699,All
60.7201,0.301698,1.26768,0.301698,All
60.794,0.302697,1.2679,0.302697,All
60.857,0.303696,1.26939,0.303696,All
60.8795,0.304695,1.26964,0.304695,All
61.0617,0.305694,1.26997,0.305694,All
61.0646,0.306693,1.27077,0.306693,All
61.0801,0.307692,1.27186,0.307692,All
61.0868,0.308691,1.27582,0.308691,All
61.1212,0.30969,1.2827,0.30969,All
61.1446,0.310689,1.28292,0.310689,All
61.1461,0.311688,1.28642,0.311688,All
61.2312,0.312687,1.29457,0.312687,All
61.2612,0.313686,1.29493,0.313686,All
61.268,0.314685,1.29522,0.314685,All
61.3106,0.315684,1.29535,0.315684,All
61.3299,0.316683,1.29972,0.316683,All
61.3418,0.317682,1.30023,0.317682,All
61.6362,0.318681,1.30321,0.318681,All
61.6401,0.31968,1.30325,0.31968,All
61.655,0.320679,1.30511,0.320679,All
61.6871,0.321678,1.30541,0.321678,All
61.7016,0.322677,1.30858,0.322677,All
61.7064,0.323676,1.3103,0.323676,All
61.738,0.324675,1.31036,0.324675,All
61.7671,0.325674,1.31045,0.325674,All
61.9355,0.326673,1.3119,0.326673,All
61.9515,0.327672,1.31749,0.327672,All
61.9835,0.328671,1.32213,0.328671,All
61.9986,0.32967,1.32253,0.32967,All
62.0706,0.330669,1.32297,0.330669,All
62.105,0.331668,1.32331,0.331668,All
62.2032,0.332667,1.32505,0.332667,All
62.2963,0.333666,1.32649,0.333666,All
62.4058,0.334665,1.32838,0.334665,All
62.4087,0.335664,1.33112,0.335664,All
62.5865,0.336663,1.34368,0.336663,All
62.6086,0.337662,1.34388,0.337662,All
62.6144,0.338661,1.34751,0.338661,All
62.6427,0.33966,1.34772,0.33966,All
62.6674,0.340659,1.35148,0.340659,All
62.7373,0.341658,1.35359,0.341658,All
62.911,0.342657,1.36857,0.342657,All
62.919,0.343656,1.36902,0.343656,All
63.008,0.344655,1.36931,0.344655,All
63.1058,0.345654,1.37406,0.345654,All
63.1158,0.346653,1.38103,0.346653,All
63.118,0.347652,1.38206,0.347652,All
63.1818,0.348651,1.38729,0.348651,All
63.2063,0.34965,1.39046,0.34965,All
63.2067,0.350649,1.40003,0.350649,All
63.2547,0.351648,1.40145,0.351648,All
63.2801,0.352647,1.40469,0.352647,All
63.2923,0.353646,1.40907,0.353646,All
63.2966,0.354645,1.41133,0.354645,All
63.3641,0.355644,1.42493,0.355644,All
63.437,0.356643,1.43262,0.356643,All
63.4645,0.357642,1.43533,0.357642,All
63.4746,0.358641,1.43642,0.358641,All
63.526,0.35964,1.43876,0.35964,All
63.5793,0.360639,1.4424,0.360639,All
63.611,0.361638,1.44372,0.361638,All
63.8019,0.362637,1.44664,0.362637,All
63.8538,0.363636,1.45222,0.363636,All
63.8713,0.364635,1.45926,0.364635,All
63.9687,0.365634,1.4627,0.365634,All
64.0332,0.366633,1.46328,0.366633,All
64.0541,0.367632,1.46424,0.367632,All
64.1396,0.368631,1.47343,0.368631,All
64.2092,0.36963,1.48442,0.36963,All
64.2386,0.370629,1.49854,0.370629,All
64.2674,0.371628,1.50478,0.371628,All
64.2782,0.372627,1.50563,0.372627,All
64.3331,0.373626,1.50923,0.373626,All
64.4767,0.374625,1.51007,0.374625,All
64.4844,0.375624,1.51219,0.375624,All
64.6911,0.376623,1.52519,0.376623,All
64.7135,0.377622,1.52573,0.377622,All
64.7322,0.378621,1.5269,0.378621,All
64.7603,0.37962,1.52829,0.37962,All
64.7857,0.380619,1.52954,0.380619,All
64.8564,0.381618,1.53181,0.381618,All
64.8789,0.382617,1.53372,0.382617,All
64.9594,0.383616,1.53428,0.383616,All
65.1599,0.384615,1.53615,0.384615,All
65.1841,0.385614,1.53648,0.385614,All
65.1964,0.386613,1.53795,0.386613,All
65.209,0.387612,1.53822,0.387612,All
65.2991,0.388611,1.5408,0.388611,All
65.3629,0.38961,1.54668,0.38961,All
65.5638,0.390609,1.54695,0.390609,All
65.5743,0.391608,1.54888,0.391608,All
65.6023,0.392607,1.55687,0.392607,All
65.7735,0.393606,1.55781,0.393606,All
65.775,0.394605,1.56004,0.394605,All
65.7831,0.395604,1.56214,0.395604,All
66.0094,0.396603,1.56873,0.396603,All
66.0251,0.397602,1.57353,0.397602,All
66.0782,0.398601,1.57445,0.398601,All
66.2038,0.3996,1.5799,0.3996,All
66.361,0.400599,1.58194,0.400599,All
66.4054,0.401598,1.58502,0.401598,All
66.4434,0.402597,1.58589,0.402597,All
66.5192,0.403596,1.59429,0.403596,All
66.5376,0.404595,1.59458,0.404595,All
66.7231,0.405594,1.59821,0.405594,All
66.7577,0.406593,1.59874,0.406593,All
66.7622,0.407592,1.60179,0.407592,All
66.7889,0.408591,1.61086,0.408591,All
66.8575,0.40959,1.62197,0.40959,All
66.8757,0.410589,1.62327,0.410589,All
66.9393,0.411588,1.6336,0.411588,All
66.9415,0.412587,1.64324,0.412587,All
66.9695,0.413586,1.64513,0.413586,All
67.0027,0.414585,1.64592,0.414585,All
67.1025,0.415584,1.6493,0.415584,All
67.1837,0.416583,1.65685,0.416583,All
67.2112,0.417582,1.66552,0.417582,All
67.2546,0.418581,1.66599,0.418581,All
67.2613,0.41958,1.66966,0.41958,All
67.2971,0.420579,1.6736,0.420579,All
67.3189,0.421578,1.69444,0.421578,All
67.3285,0.422577,1.69458,0.422577,All
67.3982,0.423576,1.69478,0.423576,All
67.4061,0.424575,1.69582,0.424575,All
67.4858,0.425574,1.69599,0.425574,All
67.5069,0.426573,1.69664,0.426573,All
67.5477,0.427572,1.69683,0.427572,All
67.5779,0.428571,1.69917,0.428571,All
67.6395,0.42957,1.70282,0.42957,All
67.6685,0.430569,1.71155,0.430569,All
67.676,0.431568,1.71813,0.431568,All
67.7338,0.432567,1.72162,0.432567,All
67.7518,0.433566,1.72175,0.433566,All
67.7836,0.434565,1.72394,0.434565,All
67.9016,0.435564,1.72946,0.435564,All
67.926,0.436563,1.73616,0.436563,All
67.971,0.437562,1.7514,0.437562,All
68.0788,0.438561,1.75696,0.438561,All
68.098,0.43956,1.76106,0.43956,All
68.1372,0.440559,1.76254,0.440559,All
68.1572,0.441558,1.76636,0.441558,All
68.1602,0.442557,1.76998,0.442557,All
68.1805,0.443556,1.77282,0.443556,All
68.1893,0.444555,1.77727,0.444555,All
68.2531,0.445554,1.78032,0.445554,All
68.3023,0.446553,1.7816,0.446553,All
68.4664,0.447552,1.78717,0.447552,All
68.6667,0.448551,1.79087,0.448551,All
68.6716,0.44955,1.80048,0.44955,All
68.8101,0.450549,1.80344,0.450549,All
68.8452,0.451548,1.8056,0.451548,All
68.9263,0.452547,1.80562,0.452547,All
68.9349,0.453546,1.81084,0.453546,All
68.9356,0.454545,1.81251,0.454545,All
69.0063,0.455544,1.81261,0.455544,All
69.0687,0.456543,1.8141,0.456543,All
69.1061,0.457542,1.82491,0.457542,All
69.1618,0.458541,1.8263,0.458541,All
69.1668,0.45954,1.84202,0.45954,All
69.1806,0.460539,1.84501,0.460539,All
69.4782,0.461538,1.84875,0.461538,All
69.484,0.462537,1.85121,0.462537,All
69.5911,0.463536,1.85124,0.463536,All
69.6218,0.464535,1.85131,0.464535,All
69.6387,0.465534,1.85204,0.465534,All
69.6954,0.466533,1.85283,0.466533,All
69.7152,0.467532,1.85445,0.467532,All
69.7454,0.468531,1.85576,0.468531,All
69.9098,0.46953,1.86014,0.46953,All
69.9671,0.470529,1.86037,0.470529,All
69.9709,0.471528,1.86941,0.471528,All
69.9748,0.472527,1.87101,0.472527,All
70.0045,0.473526,1.87155,0.473526,All
70.0726,0.474525,1.87858,0.474525,All
70.1039,0.475524,1.88348,0.475524,All
70.1287,0.476523,1.88851,0.476523,All
70.1366,0.477522,1.88941,0.477522,All
70.2199,0.478521,1.89019,0.478521,All
70.3316,0.47952,1.89265,0.47952,All
70.3896,0.480519,1.89505,0.480519,All
70.4754,0.481518,1.89706,0.481518,All
70.5235,0.482517,1.89746,0.482517,All
70.6149,0.483516,1.90813,0.483516,All
70.7257,0.484515,1.91523,0.484515,All
70.7432,0.485514,1.91996,0.485514,All
70.8368,0.486513,1.92268,0.486513,All
70.8524,0.487512,1.93111,0.487512,All
70.9044,0.488511,1.93413,0.488511,All
70.9384,0.48951,1.94471,0.48951,All
70.945,0.490509,1.94837,0.490509,All
70.9699,0.491508,1.94982,0.491508,All
70.9904,0.492507,1.95268,0.492507,All
70.9928,0.493506,1.95593,0.493506,All
71.0039,0.494505,1.96195,0.494505,All
71.0312,0.495504,1.96489,0.495504,All
71.0541,0.496503,1.96723,0.496503,All
71.1073,0.497502,1.97142,0.497502,All
71.1098,0.498501,1.97173,0.498501,All
71.1793,0.4995,1.97608,0.4995,All
71.1905,0.5005,1.97738,0.5005,All
71.2584,0.501499,1.98214,0.501499,All
71.2751,0.502498,1.98281,0.502498,All
71.3714,0.503497,1.98836,0.503497,All
71.3881,0.504496,1.99016,0.504496,All
71.3996,0.505495,1.99505,0.505495,All
71.6139,0.506494,2.01578,0.506494,All
71.6424,0.507493,2.02409,0.507493,All
71.7385,0.508492,2.02532,0.508492,All
71.7521,0.509491,2.02587,0.509491,All
71.7657,0.51049,2.02867,0.51049,All
71.7681,0.511489,2.03205,0.511489,All
71.8544,0.512488,2.03524,0.512488,All
72.072,0.513487,2.04534,0.513487,All
72.2143,0.514486,2.05648,0.514486,All
72.2818,0.515485,2.06518,0.515485,All
72.3565,0.516484,2.06935,0.516484,All
72.4087,0.517483,2.0699,0.517483,All
72.4124,0.518482,2.07205,0.518482,All
72.6637,0.519481,2.07222,0.519481,All
72.6646,0.52048,2.07806,0.52048,All
72.8199,0.521479,2.08017,0.521479,All
72.9874,0.522478,2.081,0.522478,All
73.0143,0.523477,2.08349,0.523477,All
73.0833,0.524476,2.087,0.524476,All
73.2371,0.525475,2.0878,0.525475,All
73.2573,0.526474,2.08928,0.526474,All
73.3373,0.527473,2.0917,0.527473,All
73.3415,0.528472,2.09694,0.528472,All
73.3486,0.529471,2.09848,0.529471,All
73.4216,0.53047,2.10131,0.53047,All
73.4683,0.531469,2.10471,0.531469,All
73.4904,0.532468,2.10587,0.532468,All
73.62,0.533467,2.10922,0.533467,All
73.6273,0.534466,2.11376,0.534466,All
73.6701,0.535465,2.11931,0.535465,All
73.6976,0.536464,2.12666,0.536464,All
73.7575,0.537463,2.12829,0.537463,All
73.8621,0.538462,2.13833,0.538462,All
73.8652,0.539461,2.14527,0.539461,All
73.8982,0.54046,2.14577,0.54046,All
73.909,0.541459,2.14687,0.541459,All
73.9101,0.542458,2.1575,0.542458,All
73.9429,0.543457,2.1797,0.543457,All
74.0722,0.544456,2.18628,0.544456,All
74.1949,0.545455,2.18905,0.545455,All
74.2772,0.546454,2.19051,0.546454,All
74.3955,0.547453,2.19713,0.547453,All
74.4063,0.548452,2.19742,0.548452,All
74.4125,0.549451,2.20459,0.549451,All
74.4934,0.55045,2.2051,0.55045,All
74.5526,0.551449,2.2073,0.551449,All
74.5613,0.552448,2.21019,0.552448,All
74.5688,0.553447,2.21151,0.553447,All
74.7802,0.554446,2.22347,0.554446,All
75.0086,0.555445,2.22739,0.555445,All
75.0089,0.556444,2.23087,0.556444,All
75.0134,0.557443,2.23223,0.557443,All
75.1719,0.558442,2.23617,0.558442,All
75.2689,0.559441,2.24078,0.559441,All
75.3982,0.56044,2.24448,0.56044,All
75.5028,0.561439,2.25081,0.561439,All
75.7585,0.562438,2.25314,0.562438,All
76.1461,0.563437,2.25693,0.563437,All
76.1606,0.564436,2.25972,0.564436,All
76.1617,0.565435,2.26404,0.565435,All
76.1962,0.566434,2.26553,0.566434,All
76.1992,0.567433,2.27039,0.567433,All
76.2499,0.568432,2.27412,0.568432,All
76.3569,0.569431,2.28449,0.569431,All
76.3973,0.57043,2.28863,0.57043,All
76.4016,0.571429,2.30127,0.571429,All
76.5101,0.572428,2.30272,0.572428,All
76.5783,0.573427,2.31033,0.573427,All
76.5835,0.574426,2.31045,0.574426,All
76.6194,0.575425,2.3203,0.575425,All
76.6508,0.576424,2.32895,0.576424,All
76.6612,0.577423,2.33956,0.577423,All
76.6718,0.578422,2.34071,0.578422,All
76.684,0.579421,2.34352,0.579421,All
76.7653,0.58042,2.34697,0.58042,All
76.7801,0.581419,2.35132,0.581419,All
76.8278,0.582418,2.35557,0.582418,All
76.835,0.583417,2.35943,0.583417,All
76.8635,0.584416,2.36104,0.584416,All
76.8749,0.585415,2.37192,0.585415,All
76.89,0.586414,2.37333,0.586414,All
76.9012,0.587413,2.37919,0.587413,All
76.9558,0.588412,2.37929,0.588412,All
77.0515,0.589411,2.39024,0.589411,All
77.0522,0.59041,2.39238,0.59041,All
77.1078,0.591409,2.39972,0.591409,All
77.1918,0.592408,2.40105,0.592408,All
77.2431,0.593407,2.40105,0.593407,All
77.3215,0.594406,2.40492,0.594406,All
77.3342,0.595405,2.40514,0.595405,All
77.3672,0.596404,2.40817,0.596404,All
77.3743,0.597403,2.40988,0.597403,All
77.4411,0.598402,2.41172,0.598402,All
77.7999,0.599401,2.41206,0.599401,All
77.8631,0.6004,2.41341,0.6004,All
77.9862,0.601399,2.41507,0.601399,All
77.9889,0.602398,2.41911,0.602398,All
78.2032,0.603397,2.42545,0.603397,All
78.215,0.604396,2.43284,0.604396,All
78.3773,0.605395,2.43321,0.605395,All
78.4047,0.606394,2.43823,0.606394,All
78.4303,0.607393,2.43889,0.607393,All
78.4651,0.608392,2.44529,0.608392,All
78.4749,0.609391,2.46716,0.609391,All
78.5475,0.61039,2.4837,0.61039,All
78.5552,0.611389,2.48397,0.611389,All
78.5627,0.612388,2.48408,0.612388,All
78.5858,0.613387,2.51719,0.613387,All
78.6792,0.614386,2.52103,0.614386,All
78.6874,0.615385,2.52326,0.615385,All
78.8431,0.616384,2.53206,0.616384,All
79.0174,0.617383,2.5351,0.617383,All
79.0201,0.618382,2.54204,0.618382,All
79.0382,0.619381,2.54933,0.619381,All
79.0423,0.62038,2.58126,0.62038,All
79.0524,0.621379,2.58786,0.621379,All
79.054,0.622378,2.59278,0.622378,All
79.1415,0.623377,2.60058,0.623377,All
79.2005,0.624376,2.61408,0.624376,All
79.233,0.625375,2.6252,0.625375,All
79.3025,0.626374,2.63949,0.626374,All
79.4039,0.627373,2.64301,0.627373,All
79.4655,0.628372,2.64548,0.628372,All
79.5856,0.629371,2.65945,0.629371,All
79.6797,0.63037,2.66321,0.63037,All
79.6955,0.631369,2.67278,0.631369,All
79.7789,0.632368,2.67757,0.632368,All
79.7871,0.633367,2.68438,0.633367,All
79.8115,0.634366,2.69521,0.634366,All
79.8361,0.635365,2.69731,0.635365,All
80.1443,0.636364,2.71453,0.636364,All
80.1806,0.637363,2.71721,0.637363,All
80.2039,0.638362,2.7312,0.638362,All
80.213,0.639361,2.73274,0.639361,All
80.226,0.64036,2.7408,0.64036,All
80.253,0.641359,2.74619,0.641359,All
80.2859,0.642358,2.74727,0.642358,All
80.2886,0.643357,2.76542,0.643357,All
80.3031,0.644356,2.76734,0.644356,All
80.3067,0.645355,2.7682,0.645355,All
80.3176,0.646354,2.77632,0.646354,All
80.3317,0.647353,2.77827,0.647353,All
80.3836,0.648352,2.78338,0.648352,All
80.5071,0.649351,2.78489,0.649351,All
80.5837,0.65035,2.79491,0.65035,All
80.6236,0.651349,2.79782,0.651349,All
80.6527,0.652348,2.79969,0.652348,All
80.7477,0.653347,2.79975,0.653347,All
80.7481,0.654346,2.79988,0.654346,All
80.9354,0.655345,2.81447,0.655345,All
80.9734,0.656344,2.81632,0.656344,All
81.0205,0.657343,2.81927,0.657343,All
81.2204,0.658342,2.82095,0.658342,All
81.2307,0.659341,2.82145,0.659341,All
81.3456,0.66034,2.82262,0.66034,All
81.3596,0.661339,2.82318,0.661339,All
81.3879,0.662338,2.824,0.662338,All
81.4181,0.663337,2.82794,0.663337,All
81.5374,0.664336,2.831,0.664336,All
81.6353,0.665335,2.8314,0.665335,All
81.8738,0.666334,2.84812,0.666334,All
81.9265,0.667333,2.86382,0.667333,All
81.9379,0.668332,2.86947,0.668332,All
82.1179,0.669331,2.87355,0.669331,All
82.1471,0.67033,2.87752,0.67033,All
82.2343,0.671329,2.8995,0.671329,All
82.363,0.672328,2.89952,0.672328,All
82.4907,0.673327,2.91713,0.673327,All
82.5805,0.674326,2.92211,0.674326,All
82.5836,0.675325,2.92951,0.675325,All
82.6562,0.676324,2.93609,0.676324,All
82.8029,0.677323,2.94043,0.677323,All
83.0074,0.678322,2.95451,0.678322,All
83.0187,0.679321,2.9563,0.679321,All
83.1063,0.68032,2.95997,0.68032,All
83.1203,0.681319,2.96094,0.681319,All
83.2909,0.682318,2.96144,0.682318,All
83.3031,0.683317,2.98049,0.683317,All
83.3674,0.684316,2.98596,0.684316,All
83.4187,0.685315,2.99586,0.685315,All
83.4494,0.686314,2.99626,0.686314,All
83.5162,0.687313,2.99936,0.687313,All
83.6517,0.688312,3.00271,0.688312,All
83.7019,0.689311,3.00476,0.689311,All
83.7728,0.69031,3.01001,0.69031,All
83.8042,0.691309,3.01412,0.691309,All
83.9086,0.692308,3.01523,0.692308,All
84.1232,0.693307,3.01608,0.693307,All
84.2268,0.694306,3.02215,0.694306,All
84.4292,0.695305,3.04858,0.695305,All
84.7356,0.696304,3.054,0.696304,All
84.7384,0.697303,3.06678,0.697303,All
84.8088,0.698302,3.06808,0.698302,All
84.8097,0.699301,3.08291,0.699301,All
85.1876,0.7003,3.08833,0.7003,All
85.4749,0.701299,3.09118,0.701299,All
85.5466,0.702298,3.09895,0.702298,All
85.5753,0.703297,3.1085,0.703297,All
85.5772,0.704296,3.11125,0.704296,All
85.6374,0.705295,3.11967,0.705295,All
85.6451,0.706294,3.11971,0.706294,All
85.8173,0.707293,3.14467,0.707293,All
85.8898,0.708292,3.18255,0.708292,All
85.9073,0.709291,3.20387,0.709291,All
85.9593,0.71029,3.21503,0.71029,All
85.9732,0.711289,3.2239,0.711289,All
86.0636,0.712288,3.22488,0.712288,All
86.0781,0.713287,3.23238,0.713287,All
86.395,0.714286,3.23489,0.714286,All
86.5435,0.715285,3.23907,0.715285,All
86.5551,0.716284,3.23938,0.716284,All
86.624,0.717283,3.24581,0.717283,All
86.6504,0.718282,3.2495,0.718282,All
86.6695,0.719281,3.26275,0.719281,All
86.7382,0.72028,3.27581,0.72028,All
86.7983,0.721279,3.28052,0.721279,All
86.9938,0.722278,3.28154,0.722278,All
87.5385,0.723277,3.28785,0.723277,All
87.6859,0.724276,3.28974,0.724276,All
87.9158,0.725275,3.29945,0.725275,All
88.0633,0.726274,3.30668,0.726274,All
88.1247,0.727273,3.32081,0.727273,All
88.1257,0.728272,3.32247,0.728272,All
88.1324,0.729271,3.33573,0.729271,All
88.3826,0.73027,3.35961,0.73027,All
88.6359,0.731269,3.36299,0.731269,All
88.7067,0.732268,3.38263,0.732268,All
88.7401,0.733267,3.38701,0.733267,All
88.7788,0.734266,3.40994,0.734266,All
88.8091,0.735265,3.42279,0.735265,All
88.9442,0.736264,3.42372,0.736264,All
89.0229,0.737263,3.43098,0.737263,All
89.0335,0.738262,3.44359,0.738262,All
89.1539,0.739261,3.44366,0.739261,All
89.2846,0.74026,3.44807,0.74026,All
89.4301,0.741259,3.45059,0.741259,All
89.4836,0.742258,3.45629,0.742258,All
89.4987,0.743257,3.47737,0.743257,All
89.6447,0.744256,3.50115,0.744256,All
89.9905,0.745255,3.50388,0.745255,All
90.0713,0.746254,3.50769,0.746254,All
90.0949,0.747253,3.555,0.747253,All
90.1848,0.748252,3.55524,0.748252,All
90.2743,0.749251,3.55677,0.749251,All
90.3268,0.75025,3.56201,0.75025,All
90.3341,0.751249,3.5627,0.751249,All
90.4032,0.752248,3.56339,0.752248,All
90.4676,0.753247,3.56469,0.753247,All
90.5035,0.754246,3.57696,0.754246,All
90.7528,0.755245,3.59734,0.755245,All
90.8033,0.756244,3.62161,0.756244,All
90.8549,0.757243,3.62522,0.757243,All
90.9386,0.758242,3.63075,0.758242,All
91.0699,0.759241,3.64246,0.759241,All
91.1936,0.76024,3.66157,0.76024,All
91.2038,0.761239,3.66189,0.761239,All
91.2224,0.762238,3.67331,0.762238,All
91.3617,0.763237,3.70877,0.763237,All
91.4655,0.764236,3.74371,0.764236,All
91.492,0.765235,3.74598,0.765235,All
91.5465,0.766234,3.75211,0.766234,All
91.5544,0.767233,3.78784,0.767233,All
91.6939,0.768232,3.79041,0.768232,All
91.8466,0.769231,3.81104,0.769231,All
91.8608,0.77023,3.82392,0.77023,All
92.0268,0.771229,3.82468,0.771229,All
92.0871,0.772228,3.82962,0.772228,All
92.1427,0.773227,3.83252,0.773227,All
92.3641,0.774226,3.83652,0.774226,All
92.4669,0.775225,3.84505,0.775225,All
92.5357,0.776224,3.85896,0.776224,All
92.543,0.777223,3.86064,0.777223,All
92.6293,0.778222,3.86942,0.778222,All
92.732,0.779221,3.87536,0.779221,All
92.7352,0.78022,3.89296,0.78022,All
92.9229,0.781219,3.90561,0.781219,All
92.9603,0.782218,3.92389,0.782218,All
93.1322,0.783217,3.92534,0.783217,All
93.2008,0.784216,3.92946,0.784216,All
93.2414,0.785215,3.93919,0.785215,All
93.7762,0.786214,3.96484,0.786214,All
93.9606,0.787213,3.96675,0.787213,All
93.9704,0.788212,3.96728,0.788212,All
94.0523,0.789211,3.98583,0.789211,All
94.1919,0.79021,3.98686,0.79021,All
94.3464,0.791209,4.00137,0.791209,All
94.3506,0.792208,4.03463,0.792208,All
94.5043,0.793207,4.03601,0.793207,All
94.6689,0.794206,4.04077,0.794206,All
94.8469,0.795205,4.05292,0.795205,All
94.9256,0.796204,4.05746,0.796204,All
95.0859,0.797203,4.05973,0.797203,All
95.1089,0.798202,4.08358,0.798202,All
95.2169,0.799201,4.10985,0.799201,All
95.319,0.8002,4.13438,0.8002,All
95.3306,0.801199,4.13664,0.801199,All
95.3348,0.802198,4.1537,0.802198,All
95.3884,0.803197,4.15471,0.803197,All
95.6294,0.804196,4.16526,0.804196,All
95.6768,0.805195,4.17893,0.805195,All
95.6974,0.806194,4.18546,0.806194,All
95.7149,0.807193,4.20994,0.807193,All
95.8268,0.808192,4.22057,0.808192,All
96.0662,0.809191,4.22274,0.809191,All
96.2654,0.81019,4.22511,0.81019,All
96.366,0.811189,4.23649,0.811189,All
96.378,0.812188,4.23782,0.812188,All
96.3791,0.813187,4.2776,0.813187,All
96.3841,0.814186,4.28169,0.814186,All
96.4491,0.815185,4.28574,0.815185,All
96.4589,0.816184,4.28819,0.816184,All
96.691,0.817183,4.30482,0.817183,All
96.7507,0.818182,4.31734,0.818182,All
96.7803,0.819181,4.3316,0.819181,All
96.8094,0.82018,4.36397,0.82018,All
96.9404,0.821179,4.39768,0.821179,All
97.1147,0.822178,4.41408,0.822178,All
97.4284,0.823177,4.43408,0.823177,All
97.6328,0.824176,4.44083,0.824176,All
97.8377,0.825175,4.46443,0.825175,All
97.9334,0.826174,4.46589,0.826174,All
98.299,0.827173,4.4677,0.827173,All
98.3487,0.828172,4.47007,0.828172,All
98.3511,0.829171,4.49043,0.829171,All
98.3533,0.83017,4.50928,0.83017,All
98.605,0.831169,4.52264,0.831169,All
98.7612,0.832168,4.52723,0.832168,All
98.9956,0.833167,4.55458,0.833167,All
99.0372,0.834166,4.57105,0.834166,All
99.2156,0.835165,4.57612,0.835165,All
99.2465,0.836164,4.58399,0.836164,All
99.2691,0.837163,4.58631,0.837163,All
99.7449,0.838162,4.59481,0.838162,All
99.9414,0.839161,4.60855,0.839161,All
100.778,0.84016,4.61353,0.84016,All
101.2,0.841159,4.67578,0.841159,All
101.348,0.842158,4.74386,0.842158,All
101.529,0.843157,4.79778,0.843157,All
102.056,0.844156,4.80009,0.844156,All
102.189,0.845155,4.80226,0.845155,All
102.617,0.846154,4.80647,0.846154,All
103.293,0.847153,4.81735,0.847153,All
103.33,0.848152,4.86836,0.848152,All
103.347,0.849151,4.87891,0.849151,All
103.436,0.85015,4.89985,0.85015,All
103.49,0.851149,4.91488,0.851149,All
103.645,0.852148,4.91641,0.852148,All
104.098,0.853147,4.94078,0.853147,All
104.109,0.854146,4.9556,0.854146,All
104.153,0.855145,4.97857,0.855145,All
104.185,0.856144,5.02252,0.856144,All
104.252,0.857143,5.04805,0.857143,All
104.294,0.858142,5.04919,0.858142,All
104.589,0.859141,5.06686,0.859141,All
104.777,0.86014,5.0766,0.86014,All
105.594,0.861139,5.07708,0.861139,All
105.597,0.862138,5.07869,0.862138,All
105.626,0.863137,5.09247,0.863137,All
105.676,0.864136,5.12234,0.864136,All
105.85,0.865135,5.12289,0.865135,All
106.414,0.866134,5.12535,0.866134,All
106.445,0.867133,5.15767,0.867133,All
106.859,0.868132,5.24998,0.868132,All
107.022,0.869131,5.27049,0.869131,All
107.042,0.87013,5.2893,0.87013,All
107.47,0.871129,5.33181,0.871129,All
107.602,0.872128,5.33683,0.872128,All
107.676,0.873127,5.34173,0.873127,All
107.873,0.874126,5.35424,0.874126,All
108.071,0.875125,5.35534,0.875125,All
108.383,0.876124,5.41016,0.876124,All
108.404,0.877123,5.42511,0.877123,All
108.836,0.878122,5.4281,0.878122,All
108.845,0.879121,5.43479,0.879121,All
108.93,0.88012,5.46854,0.88012,All
108.944,0.881119,5.51179,0.881119,All
109.647,0.882118,5.51869,0.882118,All
109.688,0.883117,5.52647,0.883117,All
110.161,0.884116,5.52668,0.884116,All
110.267,0.885115,5.52943,0.885115,All
110.478,0.886114,5.53499,0.886114,All
111.217,0.887113,5.54416,0.887113,All
111.896,0.888112,5.54563,0.888112,All
112.206,0.889111,5.56819,0.889111,All
112.661,0.89011,5.59935,0.89011,All
112.716,0.891109,5.60251,0.891109,All
112.857,0.892108,5.77598,0.892108,All
113.349,0.893107,5.78184,0.893107,All
113.397,0.894106,5.81283,0.894106,All
113.456,0.895105,5.81861,0.895105,All
113.697,0.896104,5.82357,0.896104,All
114.687,0.897103,5.84704,0.897103,All
115.188,0.898102,5.85851,0.898102,All
115.464,0.899101,5.85872,0.899101,All
115.602,0.9001,5.87294,0.9001,All
115.747,0.901099,5.87551,0.901099,All
116.102,0.902098,5.88187,0.902098,All
116.213,0.903097,5.8878,0.903097,All
116.429,0.904096,5.88967,0.904096,All
116.637,0.905095,5.90765,0.905095,All
116.655,0.906094,5.91817,0.906094,All
116.668,0.907093,5.91997,0.907093,All
116.927,0.908092,5.95945,0.908092,All
117.031,0.909091,5.99581,0.909091,All
117.38,0.91009,5.99975,0.91009,All
117.47,0.911089,6.01759,0.911089,All
117.616,0.912088,6.04462,0.912088,All
119.077,0.913087,6.06191,0.913087,All
119.333,0.914086,6.07099,0.914086,All
119.969,0.915085,6.08332,0.915085,All
120.07,0.916084,6.10689,0.916084,All
120.698,0.917083,6.11949,0.917083,All
121.438,0.918082,6.17287,0.918082,All
121.522,0.919081,6.17874,0.919081,All
122.475,0.92008,6.17927,0.92008,All
122.861,0.921079,6.19458,0.921079,All
123.735,0.922078,6.21544,0.922078,All
123.929,0.923077,6.24758,0.923077,All
124.603,0.924076,6.25293,0.924076,All
124.812,0.925075,6.317,0.925075,All
125.518,0.926074,6.35887,0.926074,All
125.814,0.927073,6.39128,0.927073,All
126.25,0.928072,6.45738,0.928072,All
126.294,0.929071,6.48527,0.929071,All
126.423,0.93007,6.60366,0.93007,All
126.49,0.931069,6.65724,0.931069,All
127.184,0.932068,6.74141,0.932068,All
127.567,0.933067,6.76485,0.933067,All
128.256,0.934066,6.82274,0.934066,All
128.378,0.935065,6.83062,0.935065,All
128.631,0.936064,6.8567,0.936064,All
129.116,0.937063,6.86954,0.937063,All
129.611,0.938062,6.91111,0.938062,All
130.147,0.939061,6.92615,0.939061,All
130.162,0.94006,6.9312,0.94006,All
130.938,0.941059,6.98724,0.941059,All
131.404,0.942058,7.00728,0.942058,All
131.884,0.943057,7.08313,0.943057,All
133.89,0.944056,7.10762,0.944056,All
134.669,0.945055,7.26278,0.945055,All
135.353,0.946054,7.3035,0.946054,All
135.438,0.947053,7.31623,0.947053,All
135.925,0.948052,7.32462,0.948052,All
138.318,0.949051,7.33018,0.949051,All
138.381,0.95005,7.35194,0.95005,All
138.798,0.951049,7.3547,0.951049,All
140.272,0.952048,7.37599,0.952048,All
141.436,0.953047,7.37999,0.953047,All
144.003,0.954046,7.62622,0.954046,All
144.256,0.955045,7.65678,0.955045,All
144.699,0.956044,7.70188,0.956044,All
145.752,0.957043,7.79265,0.957043,All
147.879,0.958042,7.7992,0.958042,All
149.014,0.959041,7.83804,0.959041,All
149.487,0.96004,7.92161,0.96004,All
149.875,0.961039,7.95386,0.961039,All
149.913,0.962038,7.96881,0.962038,All
151.263,0.963037,7.97318,0.963037,All
153.261,0.964036,7.99494,0.964036,All
153.83,0.965035,8.00539,0.965035,All
155.118,0.966034,8.05134,0.966034,All
157.939,0.967033,8.09064,0.967033,All
159.25,0.968032,8.11261,0.968032,All
161.197,0.969031,8.19974,0.969031,All
162.445,0.97003,8.20675,0.97003,All
163.41,0.971029,8.35921,0.971029,All
164.139,0.972028,8.41809,0.972028,All
167.842,0.973027,8.50548,0.973027,All
169.704,0.974026,8.56796,0.974026,All
171.998,0.975025,8.61332,0.975025,All
172.247,0.976024,8.69483,0.976024,All
172.508,0.977023,8.77034,0.977023,All
175.063,0.978022,8.77605,0.978022,All
177.685,0.979021,8.93663,0.979021,All
179.8,0.98002,8.97537,0.98002,All
180.321,0.981019,9.29047,0.981019,All
180.853,0.982018,9.32559,0.982018,All
182.818,0.983017,9.42456,0.983017,All
183.58,0.984016,9.56567,0.984016,All
184.861,0.985015,9.60371,0.985015,All
184.91,0.986014,9.60643,0.986014,All
187.76,0.987013,9.66942,0.987013,All
190.304,0.988012,9.8002,0.988012,All
209.89,0.989011,9.84409,0.989011,All
211.947,0.99001,9.86487,0.99001,All
216.62,0.991009,10.1325,0.991009,All
221.811,0.992008,10.2261,0.992008,All
231.446,0.993007,10.3366,0.993007,All
241.78,0.994006,10.4033,0.994006,All
250.453,0.995005,10.4213,0.995005,All
250.791,0.996004,10.5844,0.996004,All
261.003,0.997003,10.6207,0.997003,All
261.719,0.998002,10.8045,0.998002,All
273.568,0.999001,10.8358,0.999001,All
337.026,1,11.8789,1,All
603.727,1,44.1415,1,All
