V_abscissa,V_cdf,Cl_abscissa,Cl_cdf,split
5.78869,0,0.0410702,0,All
14.2867,0.000999001,0.130606,0.000999001,All
14.5867,0.001998,0.180899,0.001998,All
17.9825,0.002997,0.18468,0.002997,All
22.3685,0.003996,0.195429,0.003996,All
23.013,0.004995,0.196942,0.004995,All
23.0281,0.00599401,0.210902,0.00599401,All
24.8933,0.00699301,0.237342,0.00699301,All
25.0633,0.00799201,0.237395,0.00799201,All
25.9553,0.00899101,0.289738,0.00899101,All
26.4772,0.00999001,0.309101,0.00999001,All
26.7706,0.010989,0.310124,0.010989,All
26.9641,0.011988,0.320842,0.011988,All
27.5954,0.012987,0.33369,0.012987,All
27.8654,0.013986,0.349084,0.013986,All
28.1798,0.014985,0.359796,0.014985,All
28.2722,0.015984,0.364619,0.015984,All
28.318,0.016983,0.367024,0.016983,All
28.408,0.017982,0.382643,0.017982,All
28.9959,0.018981,0.390555,0.018981,All
29.3353,0.01998,0.393876,0.01998,All
29.3707,0.020979,0.394784,0.020979,All
30.1881,0.021978,0.40001,0.021978,All
30.2248,0.022977,0.404996,0.022977,All
30.2509,0.023976,0.412427,0.023976,All
30.2924,0.024975,0.415136,0.024975,All
30.4805,0.025974,0.417155,0.025974,All
30.6517,0.026973,0.418881,0.026973,All
30.902,0.027972,0.421316,0.027972,All
31.0994,0.028971,0.429791,0.028971,All
31.8598,0.02997,0.434334,0.02997,All
31.9301,0.030969,0.440147,0.030969,All
32.0318,0.031968,0.448334,0.031968,All
32.336,0.032967,0.455576,0.032967,All
32.4612,0.033966,0.459524,0.033966,All
32.8146,0.034965,0.460706,0.034965,All
33.0096,0.035964,0.46165,0.035964,All
33.4297,0.036963,0.463035,0.036963,All
33.6744,0.037962,0.466015,0.037962,All
33.8134,0.038961,0.466825,0.038961,All
34.1216,0.03996,0.4671,0.03996,All
34.5524,0.040959,0.474377,0.040959,All
34.774,0.041958,0.475944,0.041958,All
34.8641,0.042957,0.479432,0.042957,All
34.9683,0.043956,0.480519,0.043956,All
35.1047,0.044955,0.480933,0.044955,All
35.4977,0.045954,0.485357,0.045954,All
35.6099,0.046953,0.488488,0.046953,All
35.9551,0.047952,0.492708,0.047952,All
36.1805,0.048951,0.496754,0.048951,All
36.2907,0.04995,0.496973,0.04995,All
36.3688,0.0509491,0.499202,0.0509491,All
36.4281,0.0519481,0.507727,0.0519481,All
36.5564,0.0529471,0.510433,0.0529471,All
36.9237,0.0539461,0.516557,0.0539461,All
37.2471,0.0549451,0.530165,0.0549451,All
37.4444,0.0559441,0.535442,0.0559441,All
37.6716,0.0569431,0.535579,0.0569431,All
37.8962,0.0579421,0.535743,0.0579421,All
37.9506,0.0589411,0.539216,0.0589411,All
38.065,0.0599401,0.541761,0.0599401,All
38.0725,0.0609391,0.54436,0.0609391,All
38.6264,0.0619381,0.557654,0.0619381,All
38.6748,0.0629371,0.568735,0.0629371,All
38.6954,0.0639361,0.572185,0.0639361,All
38.6981,0.0649351,0.578036,0.0649351,All
38.934,0.0659341,0.578069,0.0659341,All
39.0402,0.0669331,0.594982,0.0669331,All
39.0624,0.0679321,0.600024,0.0679321,All
39.0815,0.0689311,0.603975,0.0689311,All
39.2547,0.0699301,0.614896,0.0699301,All
39.3528,0.0709291,0.6151,0.0709291,All
39.4039,0.0719281,0.615266,0.0719281,All
39.6163,0.0729271,0.618532,0.0729271,All
39.7393,0.0739261,0.630252,0.0739261,All
39.8403,0.0749251,0.640009,0.0749251,All
39.8438,0.0759241,0.641264,0.0759241,All
40.4307,0.0769231,0.643736,0.0769231,All
40.4504,0.0779221,0.646108,0.0779221,All
40.5803,0.0789211,0.646536,0.0789211,All
40.6459,0.0799201,0.647361,0.0799201,All
40.8077,0.0809191,0.651464,0.0809191,All
40.8527,0.0819181,0.651489,0.0819181,All
40.8595,0.0829171,0.657959,0.0829171,All
40.8951,0.0839161,0.659267,0.0839161,All
40.9602,0.0849151,0.659666,0.0849151,All
40.9637,0.0859141,0.661892,0.0859141,All
41.1252,0.0869131,0.664144,0.0869131,All
41.1305,0.0879121,0.671984,0.0879121,All
41.179,0.0889111,0.681922,0.0889111,All
41.3233,0.0899101,0.685762,0.0899101,All
41.3741,0.0909091,0.697546,0.0909091,All
41.3923,0.0919081,0.700883,0.0919081,All
41.5524,0.0929071,0.701142,0.0929071,All
41.5593,0.0939061,0.704422,0.0939061,All
41.5764,0.0949051,0.709164,0.0949051,All
41.7572,0.0959041,0.711322,0.0959041,All
41.8511,0.0969031,0.712568,0.0969031,All
42.2286,0.0979021,0.715161,0.0979021,All
42.2701,0.0989011,0.715314,0.0989011,All
42.4025,0.0999001,0.716404,0.0999001,All
42.6899,0.100899,0.717415,0.100899,All
42.7267,0.101898,0.72026,0.101898,All
43.0603,0.102897,0.720854,0.102897,All
43.2547,0.103896,0.723041,0.103896,All
43.4151,0.104895,0.723983,0.104895,All
43.6383,0.105894,0.728533,0.105894,All
43.6643,0.106893,0.734233,0.106893,All
43.7416,0.107892,0.741885,0.107892,All
43.7584,0.108891,0.74256,0.108891,All
43.826,0.10989,0.753253,0.10989,All
43.9686,0.110889,0.754221,0.110889,All
44.1489,0.111888,0.762725,0.111888,All
44.2302,0.112887,0.76958,0.112887,All
44.3722,0.113886,0.779636,0.113886,All
44.8165,0.114885,0.781286,0.114885,All
45.0433,0.115884,0.782319,0.115884,All
45.1042,0.116883,0.785733,0.116883,All
45.1071,0.117882,0.785904,0.117882,All
45.2403,0.118881,0.787226,0.118881,All
45.4476,0.11988,0.793059,0.11988,All
45.5594,0.120879,0.794003,0.120879,All
45.623,0.121878,0.7973,0.121878,All
45.7642,0.122877,0.804632,0.122877,All
45.7975,0.123876,0.805764,0.123876,All
45.9561,0.124875,0.809757,0.124875,All
45.9898,0.125874,0.809957,0.125874,All
45.9926,0.126873,0.813553,0.126873,All
46.075,0.127872,0.817395,0.127872,All
46.4292,0.128871,0.819085,0.128871,All
46.5848,0.12987,0.821873,0.12987,All
46.6935,0.130869,0.822387,0.130869,All
46.705,0.131868,0.823035,0.131868,All
46.7455,0.132867,0.826304,0.132867,All
46.7792,0.133866,0.828091,0.133866,All
46.7821,0.134865,0.830918,0.134865,All
46.9537,0.135864,0.834015,0.135864,All
47.0109,0.136863,0.838117,0.136863,All
47.2263,0.137862,0.838208,0.137862,All
47.2925,0.138861,0.842552,0.138861,All
47.3768,0.13986,0.84874,0.13986,All
47.4627,0.140859,0.84904,0.140859,All
47.4783,0.141858,0.854401,0.141858,All
47.4882,0.142857,0.858403,0.142857,All
47.5957,0.143856,0.859422,0.143856,All
47.8407,0.144855,0.860761,0.144855,All
47.8458,0.145854,0.861111,0.145854,All
47.9301,0.146853,0.862281,0.146853,All
47.9663,0.147852,0.863243,0.147852,All
47.9737,0.148851,0.864406,0.148851,All
48.2085,0.14985,0.865489,0.14985,All
48.2436,0.150849,0.865993,0.150849,All
48.2626,0.151848,0.867456,0.151848,All
48.403,0.152847,0.870993,0.152847,All
48.5582,0.153846,0.87153,0.153846,All
48.6942,0.154845,0.871662,0.154845,All
48.7009,0.155844,0.872231,0.155844,All
48.8338,0.156843,0.873708,0.156843,All
48.8431,0.157842,0.876418,0.157842,All
48.8786,0.158841,0.876758,0.158841,All
48.9397,0.15984,0.878597,0.15984,All
49.0083,0.160839,0.8821,0.160839,All
49.1013,0.161838,0.885129,0.161838,All
49.1015,0.162837,0.887286,0.162837,All
49.1373,0.163836,0.888245,0.163836,All
49.5862,0.164835,0.891646,0.164835,All
49.6178,0.165834,0.891877,0.165834,All
49.6533,0.166833,0.89301,0.166833,All
49.6736,0.167832,0.899638,0.167832,All
49.8321,0.168831,0.900735,0.168831,All
49.94,0.16983,0.901825,0.16983,All
49.9551,0.170829,0.905892,0.170829,All
50.1107,0.171828,0.909846,0.171828,All
50.132,0.172827,0.910448,0.172827,All
50.1914,0.173826,0.912218,0.173826,All
50.3426,0.174825,0.913535,0.174825,All
50.3692,0.175824,0.91629,0.175824,All
50.5628,0.176823,0.918548,0.176823,All
50.6647,0.177822,0.918832,0.177822,All
50.6868,0.178821,0.918926,0.178821,All
50.7772,0.17982,0.919116,0.17982,All
50.8535,0.180819,0.92594,0.180819,All
50.9192,0.181818,0.932127,0.181818,All
50.9287,0.182817,0.934469,0.182817,All
50.9402,0.183816,0.936287,0.183816,All
51.0098,0.184815,0.938399,0.184815,All
51.1221,0.185814,0.941578,0.185814,All
51.1904,0.186813,0.944541,0.186813,All
51.2114,0.187812,0.946382,0.187812,All
51.3649,0.188811,0.951427,0.188811,All
51.4095,0.18981,0.963563,0.18981,All
51.5766,0.190809,0.971785,0.190809,All
51.6007,0.191808,0.971974,0.191808,All
51.602,0.192807,0.977185,0.192807,All
51.6656,0.193806,0.978637,0.193806,All
51.7474,0.194805,0.979856,0.194805,All
51.7562,0.195804,0.980266,0.195804,All
51.7992,0.196803,0.983067,0.196803,All
51.8794,0.197802,0.985014,0.197802,All
51.9649,0.198801,0.986944,0.198801,All
52.1119,0.1998,0.988045,0.1998,All
52.2401,0.200799,0.997578,0.200799,All
52.329,0.201798,0.998199,0.201798,All
52.3934,0.202797,0.998684,0.202797,All
52.5873,0.203796,1.00001,0.203796,All
52.6511,0.204795,1.00284,0.204795,All
52.7091,0.205794,1.00348,0.205794,All
52.7521,0.206793,1.01078,0.206793,All
52.7765,0.207792,1.01412,0.207792,All
53.0482,0.208791,1.01513,0.208791,All
53.2683,0.20979,1.01723,0.20979,All
53.3526,0.210789,1.01904,0.210789,All
53.4058,0.211788,1.02186,0.211788,All
53.44,0.212787,1.03073,0.212787,All
53.4521,0.213786,1.03474,0.213786,All
53.5634,0.214785,1.03567,0.214785,All
53.613,0.215784,1.04206,0.215784,All
53.6217,0.216783,1.04866,0.216783,All
53.6264,0.217782,1.05059,0.217782,All
53.7534,0.218781,1.05368,0.218781,All
53.784,0.21978,1.05479,0.21978,All
53.7902,0.220779,1.05482,0.220779,All
53.858,0.221778,1.05829,0.221778,All
53.865,0.222777,1.05851,0.222777,All
53.9605,0.223776,1.06173,0.223776,All
54.0386,0.224775,1.06716,0.224775,All
54.1561,0.225774,1.06905,0.225774,All
54.1927,0.226773,1.06969,0.226773,All
54.241,0.227772,1.07135,0.227772,All
54.2805,0.228771,1.07234,0.228771,All
54.4069,0.22977,1.074,0.22977,All
54.5853,0.230769,1.08138,0.230769,All
54.5854,0.231768,1.08536,0.231768,All
54.7151,0.232767,1.09013,0.232767,All
54.7253,0.233766,1.09135,0.233766,All
55.0201,0.234765,1.09319,0.234765,All
55.0679,0.235764,1.0949,0.235764,All
55.0997,0.236763,1.10181,0.236763,All
55.1209,0.237762,1.10204,0.237762,All
55.1353,0.238761,1.1058,0.238761,All
55.211,0.23976,1.10683,0.23976,All
55.2323,0.240759,1.10806,0.240759,All
55.2557,0.241758,1.10957,0.241758,All
55.4089,0.242757,1.11052,0.242757,All
55.432,0.243756,1.11441,0.243756,All
55.4836,0.244755,1.11564,0.244755,All
55.5045,0.245754,1.11692,0.245754,All
55.5074,0.246753,1.11752,0.246753,All
55.5141,0.247752,1.1181,0.247752,All
55.5411,0.248751,1.12142,0.248751,All
55.8092,0.24975,1.12241,0.24975,All
56.0425,0.250749,1.12779,0.250749,All
56.1773,0.251748,1.13176,0.251748,All
56.1793,0.252747,1.13465,0.252747,All
56.2951,0.253746,1.13578,0.253746,All
56.3101,0.254745,1.13674,0.254745,All
56.422,0.255744,1.13883,0.255744,All
56.4582,0.256743,1.14084,0.256743,All
56.4893,0.257742,1.1418,0.257742,All
56.4903,0.258741,1.14214,0.258741,All
56.5934,0.25974,1.14295,0.25974,All
56.7451,0.260739,1.14836,0.260739,All
56.7725,0.261738,1.14907,0.261738,All
56.7769,0.262737,1.14914,0.262737,All
56.8084,0.263736,1.14983,0.263736,All
56.8105,0.264735,1.15063,0.264735,All
56.8999,0.265734,1.15451,0.265734,All
56.9699,0.266733,1.15647,0.266733,All
57.0242,0.267732,1.15795,0.267732,All
57.0631,0.268731,1.15838,0.268731,All
57.1371,0.26973,1.15915,0.26973,All
57.1386,0.270729,1.16407,0.270729,All
57.168,0.271728,1.16539,0.271728,All
57.2061,0.272727,1.16828,0.272727,All
57.278,0.273726,1.16899,0.273726,All
57.5399,0.274725,1.16905,0.274725,All
57.6169,0.275724,1.17202,0.275724,All
57.7029,0.276723,1.17939,0.276723,All
57.7349,0.277722,1.1817,0.277722,All
57.7557,0.278721,1.18268,0.278721,All
57.8056,0.27972,1.18708,0.27972,All
57.8174,0.280719,1.18762,0.280719,All
57.9219,0.281718,1.19056,0.281718,All
58.0069,0.282717,1.19292,0.282717,All
58.0714,0.283716,1.19455,0.283716,All
58.0911,0.284715,1.19833,0.284715,All
58.1015,0.285714,1.20199,0.285714,All
58.1086,0.286713,1.20237,0.286713,All
58.1409,0.287712,1.20402,0.287712,All
58.1742,0.288711,1.20453,0.288711,All
58.2066,0.28971,1.21426,0.28971,All
58.2868,0.290709,1.21469,0.290709,All
58.3083,0.291708,1.21549,0.291708,All
58.3282,0.292707,1.22065,0.292707,All
58.3484,0.293706,1.22389,0.293706,All
58.4053,0.294705,1.2289,0.294705,All
58.5172,0.295704,1.22927,0.295704,All
58.5442,0.296703,1.23617,0.296703,All
58.5672,0.297702,1.2371,0.297702,All
58.5834,0.298701,1.23914,0.298701,All
58.6202,0.2997,1.24328,0.2997,All
58.7874,0.300699,1.2434,0.300699,All
58.8456,0.301698,1.24759,0.301698,All
58.86,0.302697,1.24868,0.302697,All
58.8861,0.303696,1.25175,0.303696,All
58.9113,0.304695,1.25861,0.304695,All
59.0026,0.305694,1.25949,0.305694,All
59.1079,0.306693,1.26658,0.306693,All
59.1557,0.307692,1.26895,0.307692,All
59.4201,0.308691,1.27783,0.308691,All
59.5091,0.30969,1.27957,0.30969,All
59.5222,0.310689,1.28179,0.310689,All
59.6211,0.311688,1.28576,0.311688,All
59.6216,0.312687,1.2889,0.312687,All
59.6825,0.313686,1.29774,0.313686,All
59.7081,0.314685,1.29936,0.314685,All
59.8734,0.315684,1.29962,0.315684,All
59.8854,0.316683,1.30061,0.316683,All
59.9877,0.317682,1.30153,0.317682,All
60.2965,0.318681,1.30456,0.318681,All
60.3135,0.31968,1.31092,0.31968,All
60.3766,0.320679,1.3155,0.320679,All
60.424,0.321678,1.31912,0.321678,All
60.4637,0.322677,1.32184,0.322677,All
60.4853,0.323676,1.32384,0.323676,All
60.4866,0.324675,1.32873,0.324675,All
60.5155,0.325674,1.32984,0.325674,All
60.5811,0.326673,1.3342,0.326673,All
60.6142,0.327672,1.33836,0.327672,All
60.8166,0.328671,1.34114,0.328671,All
60.8551,0.32967,1.34195,0.32967,All
60.8593,0.330669,1.34666,0.330669,All
60.873,0.331668,1.34846,0.331668,All
60.9921,0.332667,1.34875,0.332667,All
61.1481,0.333666,1.35393,0.333666,All
61.156,0.334665,1.36534,0.334665,All
61.1943,0.335664,1.37037,0.335664,All
61.207,0.336663,1.3724,0.336663,All
61.516,0.337662,1.3729,0.337662,All
61.5256,0.338661,1.37364,0.338661,All
61.5704,0.33966,1.38381,0.33966,All
61.6603,0.340659,1.38757,0.340659,All
61.69,0.341658,1.38893,0.341658,All
61.728,0.342657,1.39887,0.342657,All
61.7821,0.343656,1.40082,0.343656,All
61.8713,0.344655,1.40161,0.344655,All
61.9381,0.345654,1.40432,0.345654,All
62.1073,0.346653,1.40931,0.346653,All
62.1643,0.347652,1.41283,0.347652,All
62.2285,0.348651,1.41833,0.348651,All
62.358,0.34965,1.42486,0.34965,All
62.4522,0.350649,1.42808,0.350649,All
62.5062,0.351648,1.43186,0.351648,All
62.6928,0.352647,1.43186,0.352647,All
62.7015,0.353646,1.43725,0.353646,All
62.7156,0.354645,1.43737,0.354645,All
62.8387,0.355644,1.44195,0.355644,All
62.899,0.356643,1.44526,0.356643,All
62.9314,0.357642,1.45413,0.357642,All
62.9472,0.358641,1.45569,0.358641,All
62.9477,0.35964,1.45785,0.35964,All
63.0289,0.360639,1.46406,0.360639,All
63.087,0.361638,1.46491,0.361638,All
63.1456,0.362637,1.46507,0.362637,All
63.1681,0.363636,1.46739,0.363636,All
63.2315,0.364635,1.46957,0.364635,All
63.2856,0.365634,1.46985,0.365634,All
63.3034,0.366633,1.47222,0.366633,All
63.3739,0.367632,1.47258,0.367632,All
63.382,0.368631,1.47329,0.368631,All
63.4338,0.36963,1.47801,0.36963,All
63.5168,0.370629,1.47835,0.370629,All
63.5723,0.371628,1.47948,0.371628,All
63.7305,0.372627,1.48013,0.372627,All
63.7416,0.373626,1.48079,0.373626,All
63.7441,0.374625,1.48214,0.374625,All
63.7648,0.375624,1.48815,0.375624,All
63.7694,0.376623,1.49242,0.376623,All
63.8174,0.377622,1.49326,0.377622,All
63.8568,0.378621,1.49976,0.378621,All
63.9629,0.37962,1.49984,0.37962,All
63.9757,0.380619,1.50169,0.380619,All
63.987,0.381618,1.50396,0.381618,All
64.0314,0.382617,1.51157,0.382617,All
64.0597,0.383616,1.5126,0.383616,All
64.1212,0.384615,1.51772,0.384615,All
64.1641,0.385614,1.52194,0.385614,All
64.324,0.386613,1.52322,0.386613,All
64.4006,0.387612,1.52462,0.387612,All
64.4032,0.388611,1.52851,0.388611,All
64.4808,0.38961,1.53072,0.38961,All
64.5322,0.390609,1.53726,0.390609,All
64.542,0.391608,1.53762,0.391608,All
64.5898,0.392607,1.55535,0.392607,All
64.6086,0.393606,1.56361,0.393606,All
64.6123,0.394605,1.56892,0.394605,All
64.6442,0.395604,1.57398,0.395604,All
64.688,0.396603,1.57759,0.396603,All
64.7925,0.397602,1.58332,0.397602,All
64.8198,0.398601,1.58455,0.398601,All
64.9082,0.3996,1.58512,0.3996,All
64.9428,0.400599,1.59496,0.400599,All
65.3103,0.401598,1.59911,0.401598,All
65.4362,0.402597,1.59944,0.402597,All
65.4534,0.403596,1.60087,0.403596,All
65.4678,0.404595,1.60364,0.404595,All
65.6351,0.405594,1.60449,0.405594,All
65.647,0.406593,1.60836,0.406593,All
65.6483,0.407592,1.6178,0.407592,All
65.6949,0.408591,1.61911,0.408591,All
65.7005,0.40959,1.62472,0.40959,All
65.8103,0.410589,1.63204,0.410589,All
66.0373,0.411588,1.63513,0.411588,All
66.0988,0.412587,1.63795,0.412587,All
66.1297,0.413586,1.63903,0.413586,All
66.1439,0.414585,1.64755,0.414585,All
66.1823,0.415584,1.66067,0.415584,All
66.207,0.416583,1.67384,0.416583,All
66.3205,0.417582,1.69524,0.417582,All
66.327,0.418581,1.69955,0.418581,All
66.4267,0.41958,1.70201,0.41958,All
66.4448,0.420579,1.70621,0.420579,All
66.5152,0.421578,1.7063,0.421578,All
66.544,0.422577,1.71175,0.422577,All
66.5916,0.423576,1.71505,0.423576,All
66.6038,0.424575,1.72953,0.424575,All
66.6399,0.425574,1.73143,0.425574,All
66.6796,0.426573,1.73195,0.426573,All
66.835,0.427572,1.73213,0.427572,All
66.8774,0.428571,1.74262,0.428571,All
66.8896,0.42957,1.75217,0.42957,All
66.9419,0.430569,1.75268,0.430569,All
67.0462,0.431568,1.75288,0.431568,All
67.0926,0.432567,1.75938,0.432567,All
67.1328,0.433566,1.76004,0.433566,All
67.133,0.434565,1.76059,0.434565,All
67.2697,0.435564,1.76064,0.435564,All
67.3638,0.436563,1.76131,0.436563,All
67.3712,0.437562,1.76618,0.437562,All
67.4176,0.438561,1.76874,0.438561,All
67.4724,0.43956,1.79411,0.43956,All
67.5444,0.440559,1.79464,0.440559,All
67.5657,0.441558,1.80122,0.441558,All
67.606,0.442557,1.80261,0.442557,All
67.6321,0.443556,1.80644,0.443556,All
67.7117,0.444555,1.8073,0.444555,All
67.7118,0.445554,1.8078,0.445554,All
67.7436,0.446553,1.81689,0.446553,All
67.853,0.447552,1.81929,0.447552,All
67.8947,0.448551,1.82482,0.448551,All
68.0065,0.44955,1.82487,0.44955,All
68.2536,0.450549,1.83387,0.450549,All
68.2782,0.451548,1.83902,0.451548,All
68.4201,0.452547,1.83909,0.452547,All
68.4227,0.453546,1.84301,0.453546,All
68.426,0.454545,1.84563,0.454545,All
68.5536,0.455544,1.84633,0.455544,All
68.75,0.456543,1.84838,0.456543,All
68.805,0.457542,1.84935,0.457542,All
68.8611,0.458541,1.84958,0.458541,All
68.8621,0.45954,1.8511,0.45954,All
68.9169,0.460539,1.85953,0.460539,All
68.9182,0.461538,1.86118,0.461538,All
68.9837,0.462537,1.86306,0.462537,All
69.0234,0.463536,1.86532,0.463536,All
69.0308,0.464535,1.87941,0.464535,All
69.183,0.465534,1.88681,0.465534,All
69.2226,0.466533,1.89322,0.466533,All
69.2264,0.467532,1.89633,0.467532,All
69.2599,0.468531,1.89831,0.468531,All
69.3586,0.46953,1.89938,0.46953,All
69.3661,0.470529,1.90197,0.470529,All
69.4144,0.471528,1.90507,0.471528,All
69.4496,0.472527,1.91334,0.472527,All
69.5471,0.473526,1.91749,0.473526,All
69.6989,0.474525,1.91972,0.474525,All
69.7066,0.475524,1.92035,0.475524,All
69.8081,0.476523,1.92164,0.476523,All
69.9629,0.477522,1.92233,0.477522,All
70.0009,0.478521,1.92476,0.478521,All
70.0666,0.47952,1.92591,0.47952,All
70.2278,0.480519,1.92676,0.480519,All
70.2287,0.481518,1.92809,0.481518,All
70.2559,0.482517,1.93187,0.482517,All
70.2634,0.483516,1.93955,0.483516,All
70.3028,0.484515,1.94018,0.484515,All
70.3583,0.485514,1.94033,0.485514,All
70.4472,0.486513,1.94115,0.486513,All
70.508,0.487512,1.94356,0.487512,All
70.5288,0.488511,1.94365,0.488511,All
70.6248,0.48951,1.94536,0.48951,All
70.655,0.490509,1.94698,0.490509,All
70.7016,0.491508,1.94975,0.491508,All
70.8158,0.492507,1.94987,0.492507,All
70.8643,0.493506,1.96177,0.493506,All
70.8895,0.494505,1.96597,0.494505,All
71.2557,0.495504,1.97142,0.495504,All
71.3446,0.496503,1.97584,0.496503,All
71.4177,0.497502,1.97705,0.497502,All
71.5104,0.498501,1.9792,0.498501,All
71.5146,0.4995,1.98542,0.4995,All
71.5993,0.5005,1.99301,0.5005,All
71.6903,0.501499,1.99382,0.501499,All
71.7072,0.502498,1.99621,0.502498,All
71.7114,0.503497,1.99808,0.503497,All
71.7272,0.504496,2.00553,0.504496,All
71.8018,0.505495,2.00677,0.505495,All
71.818,0.506494,2.01053,0.506494,All
71.8399,0.507493,2.01815,0.507493,All
72.0154,0.508492,2.02027,0.508492,All
72.0434,0.509491,2.0224,0.509491,All
72.2405,0.51049,2.02323,0.51049,All
72.2499,0.511489,2.02452,0.511489,All
72.2505,0.512488,2.02526,0.512488,All
72.3686,0.513487,2.02843,0.513487,All
72.4628,0.514486,2.02965,0.514486,All
72.5403,0.515485,2.03719,0.515485,All
72.5516,0.516484,2.04055,0.516484,All
72.5751,0.517483,2.04283,0.517483,All
72.6236,0.518482,2.04747,0.518482,All
72.6336,0.519481,2.05018,0.519481,All
72.6527,0.52048,2.05218,0.52048,All
72.7252,0.521479,2.05368,0.521479,All
72.8017,0.522478,2.05824,0.522478,All
72.8091,0.523477,2.06297,0.523477,All
72.9,0.524476,2.06533,0.524476,All
72.9202,0.525475,2.06934,0.525475,All
72.9678,0.526474,2.09653,0.526474,All
73.1096,0.527473,2.11191,0.527473,All
73.2056,0.528472,2.12768,0.528472,All
73.2063,0.529471,2.13163,0.529471,All
73.2306,0.53047,2.13809,0.53047,All
73.315,0.531469,2.14478,0.531469,All
73.3322,0.532468,2.14781,0.532468,All
73.458,0.533467,2.14968,0.533467,All
73.46,0.534466,2.16897,0.534466,All
73.5447,0.535465,2.18385,0.535465,All
73.5639,0.536464,2.18717,0.536464,All
73.7496,0.537463,2.19119,0.537463,All
73.8716,0.538462,2.19644,0.538462,All
73.8763,0.539461,2.20163,0.539461,All
73.9824,0.54046,2.20169,0.54046,All
74.0742,0.541459,2.20179,0.541459,All
74.1374,0.542458,2.20279,0.542458,All
74.2612,0.543457,2.20462,0.543457,All
74.3189,0.544456,2.21723,0.544456,All
74.472,0.545455,2.21748,0.545455,All
74.5439,0.546454,2.22209,0.546454,All
74.5654,0.547453,2.22784,0.547453,All
74.6204,0.548452,2.23001,0.548452,All
74.6275,0.549451,2.23088,0.549451,All
74.8379,0.55045,2.2339,0.55045,All
74.8629,0.551449,2.23549,0.551449,All
74.9212,0.552448,2.23881,0.552448,All
74.9262,0.553447,2.24373,0.553447,All
74.9938,0.554446,2.25249,0.554446,All
75.0663,0.555445,2.25393,0.555445,All
75.1201,0.556444,2.26568,0.556444,All
75.1894,0.557443,2.26711,0.557443,All
75.2141,0.558442,2.28136,0.558442,All
75.2932,0.559441,2.28756,0.559441,All
75.3881,0.56044,2.29316,0.56044,All
75.4711,0.561439,2.29479,0.561439,All
75.5051,0.562438,2.3061,0.562438,All
75.6445,0.563437,2.30793,0.563437,All
75.7744,0.564436,2.32814,0.564436,All
75.7932,0.565435,2.33412,0.565435,All
75.9904,0.566434,2.34136,0.566434,All
76.0046,0.567433,2.34938,0.567433,All
76.1283,0.568432,2.35022,0.568432,All
76.2107,0.569431,2.35431,0.569431,All
76.3905,0.57043,2.36705,0.57043,All
76.4365,0.571429,2.36726,0.571429,All
76.4639,0.572428,2.36807,0.572428,All
76.4931,0.573427,2.36961,0.573427,All
76.5083,0.574426,2.38002,0.574426,All
76.6355,0.575425,2.38183,0.575425,All
76.8294,0.576424,2.38578,0.576424,All
76.9123,0.577423,2.39647,0.577423,All
76.9499,0.578422,2.39859,0.578422,All
76.9869,0.579421,2.40256,0.579421,All
77.0968,0.58042,2.40382,0.58042,All
77.1757,0.581419,2.40573,0.581419,All
77.2302,0.582418,2.40607,0.582418,All
77.2598,0.583417,2.40704,0.583417,All
77.2646,0.584416,2.42068,0.584416,All
77.266,0.585415,2.42244,0.585415,All
77.2854,0.586414,2.42405,0.586414,All
77.3949,0.587413,2.43694,0.587413,All
77.4101,0.588412,2.46041,0.588412,All
77.5356,0.589411,2.46198,0.589411,All
77.6183,0.59041,2.49639,0.59041,All
77.91,0.591409,2.50292,0.591409,All
77.956,0.592408,2.50546,0.592408,All
78.0107,0.593407,2.50575,0.593407,All
78.0526,0.594406,2.51834,0.594406,All
78.0792,0.595405,2.526,0.595405,All
78.1542,0.596404,2.5296,0.596404,All
78.1659,0.597403,2.53041,0.597403,All
78.2474,0.598402,2.53902,0.598402,All
78.4198,0.599401,2.53926,0.599401,All
78.6015,0.6004,2.56204,0.6004,All
78.6583,0.601399,2.56783,0.601399,All
78.6721,0.602398,2.57777,0.602398,All
78.7795,0.603397,2.5812,0.603397,All
78.7971,0.604396,2.58236,0.604396,All
78.9275,0.605395,2.5832,0.605395,All
78.937,0.606394,2.58471,0.606394,All
78.981,0.607393,2.58947,0.607393,All
78.9843,0.608392,2.59953,0.608392,All
79.1592,0.609391,2.61159,0.609391,All
79.1689,0.61039,2.61562,0.61039,All
79.173,0.611389,2.62605,0.611389,All
79.2407,0.612388,2.62929,0.612388,All
79.2407,0.613387,2.63021,0.613387,All
79.2463,0.614386,2.64618,0.614386,All
79.3509,0.615385,2.64871,0.615385,All
79.3604,0.616384,2.65042,0.616384,All
79.396,0.617383,2.65615,0.617383,All
79.4004,0.618382,2.6837,0.618382,All
79.4258,0.619381,2.68842,0.619381,All
79.5091,0.62038,2.68928,0.62038,All
79.5808,0.621379,2.69152,0.621379,All
79.6584,0.622378,2.69454,0.622378,All
79.7242,0.623377,2.69529,0.623377,All
79.8002,0.624376,2.69607,0.624376,All
79.874,0.625375,2.70145,0.625375,All
79.9654,0.626374,2.70581,0.626374,All
80.1025,0.627373,2.7078,0.627373,All
80.3942,0.628372,2.71031,0.628372,All
80.4502,0.629371,2.71208,0.629371,All
80.4683,0.63037,2.71743,0.63037,All
80.4922,0.631369,2.71838,0.631369,All
80.8195,0.632368,2.72625,0.632368,All
80.9844,0.633367,2.72639,0.633367,All
81.0017,0.634366,2.72799,0.634366,All
81.0211,0.635365,2.73214,0.635365,All
81.0387,0.636364,2.73586,0.636364,All
81.07,0.637363,2.74656,0.637363,All
81.071,0.638362,2.74773,0.638362,All
81.1133,0.639361,2.75737,0.639361,All
81.1452,0.64036,2.77407,0.64036,All
81.27,0.641359,2.77913,0.641359,All
81.3753,0.642358,2.79138,0.642358,All
81.3766,0.643357,2.79268,0.643357,All
81.4142,0.644356,2.7927,0.644356,All
81.4364,0.645355,2.79307,0.645355,All
81.442,0.646354,2.79932,0.646354,All
81.4778,0.647353,2.80508,0.647353,All
81.5871,0.648352,2.81239,0.648352,All
81.6317,0.649351,2.81567,0.649351,All
81.7438,0.65035,2.81976,0.65035,All
81.9367,0.651349,2.82566,0.651349,All
82.0139,0.652348,2.83394,0.652348,All
82.0528,0.653347,2.83618,0.653347,All
82.1449,0.654346,2.83651,0.654346,All
82.2185,0.655345,2.8376,0.655345,All
82.287,0.656344,2.84569,0.656344,All
82.3341,0.657343,2.84716,0.657343,All
82.373,0.658342,2.85394,0.658342,All
82.5152,0.659341,2.85864,0.659341,All
82.5582,0.66034,2.85885,0.66034,All
82.6242,0.661339,2.85992,0.661339,All
82.6242,0.662338,2.86554,0.662338,All
82.6261,0.663337,2.873,0.663337,All
82.6464,0.664336,2.87457,0.664336,All
83.0214,0.665335,2.88069,0.665335,All
83.027,0.666334,2.89322,0.666334,All
83.0309,0.667333,2.90544,0.667333,All
83.2501,0.668332,2.90575,0.668332,All
83.3227,0.669331,2.9101,0.669331,All
83.3716,0.67033,2.93166,0.67033,All
83.4958,0.671329,2.93373,0.671329,All
83.5362,0.672328,2.93918,0.672328,All
83.5522,0.673327,2.95434,0.673327,All
83.5817,0.674326,2.95471,0.674326,All
83.6308,0.675325,2.9551,0.675325,All
83.7212,0.676324,2.97078,0.676324,All
83.7433,0.677323,2.97624,0.677323,All
83.7985,0.678322,2.99208,0.678322,All
83.8146,0.679321,2.99254,0.679321,All
83.8779,0.68032,2.9929,0.68032,All
83.9144,0.681319,2.99802,0.681319,All
83.9614,0.682318,3.00341,0.682318,All
83.9812,0.683317,3.00675,0.683317,All
84.0515,0.684316,3.00942,0.684316,All
84.1696,0.685315,3.02032,0.685315,All
84.2032,0.686314,3.02985,0.686314,All
84.3213,0.687313,3.03176,0.687313,All
84.3257,0.688312,3.03771,0.688312,All
84.5072,0.689311,3.04252,0.689311,All
84.5231,0.69031,3.04821,0.69031,All
84.7149,0.691309,3.05107,0.691309,All
84.8616,0.692308,3.05528,0.692308,All
84.9419,0.693307,3.07696,0.693307,All
84.9572,0.694306,3.07719,0.694306,All
85.009,0.695305,3.09371,0.695305,All
85.0252,0.696304,3.10452,0.696304,All
85.0762,0.697303,3.12754,0.697303,All
85.235,0.698302,3.13056,0.698302,All
85.4225,0.699301,3.14088,0.699301,All
85.6087,0.7003,3.14693,0.7003,All
85.6858,0.701299,3.15596,0.701299,All
85.7539,0.702298,3.15807,0.702298,All
85.8566,0.703297,3.16249,0.703297,All
85.8656,0.704296,3.17269,0.704296,All
85.912,0.705295,3.18125,0.705295,All
85.9782,0.706294,3.18501,0.706294,All
86.0928,0.707293,3.19296,0.707293,All
86.0936,0.708292,3.21091,0.708292,All
86.177,0.709291,3.22168,0.709291,All
86.1808,0.71029,3.23112,0.71029,All
86.373,0.711289,3.23652,0.711289,All
86.4116,0.712288,3.24714,0.712288,All
86.6979,0.713287,3.26231,0.713287,All
86.7519,0.714286,3.27383,0.714286,All
86.7701,0.715285,3.284,0.715285,All
86.8909,0.716284,3.28681,0.716284,All
86.9971,0.717283,3.29711,0.717283,All
87.1844,0.718282,3.31223,0.718282,All
87.2855,0.719281,3.3211,0.719281,All
87.2947,0.72028,3.32344,0.72028,All
87.467,0.721279,3.32508,0.721279,All
87.5573,0.722278,3.3301,0.722278,All
87.5751,0.723277,3.33225,0.723277,All
87.6044,0.724276,3.35392,0.724276,All
87.7302,0.725275,3.35553,0.725275,All
87.8062,0.726274,3.36029,0.726274,All
88.0497,0.727273,3.368,0.727273,All
88.0576,0.728272,3.38209,0.728272,All
88.0896,0.729271,3.39035,0.729271,All
88.4037,0.73027,3.39453,0.73027,All
88.8404,0.731269,3.40173,0.731269,All
88.8759,0.732268,3.41319,0.732268,All
88.8885,0.733267,3.4173,0.733267,All
88.9792,0.734266,3.41902,0.734266,All
89.0657,0.735265,3.42629,0.735265,All
89.3802,0.736264,3.43159,0.736264,All
89.3937,0.737263,3.45173,0.737263,All
89.4392,0.738262,3.45236,0.738262,All
89.4771,0.739261,3.45316,0.739261,All
89.5806,0.74026,3.46157,0.74026,All
89.6822,0.741259,3.46957,0.741259,All
89.7888,0.742258,3.50646,0.742258,All
89.977,0.743257,3.51495,0.743257,All
90.4042,0.744256,3.5511,0.744256,All
90.4052,0.745255,3.58763,0.745255,All
90.4146,0.746254,3.58947,0.746254,All
90.4451,0.747253,3.60017,0.747253,All
90.4721,0.748252,3.60119,0.748252,All
90.4784,0.749251,3.60243,0.749251,All
90.5913,0.75025,3.60353,0.75025,All
90.6155,0.751249,3.60831,0.751249,All
90.6764,0.752248,3.61053,0.752248,All
91.0033,0.753247,3.61374,0.753247,All
91.0667,0.754246,3.61576,0.754246,All
91.1221,0.755245,3.62859,0.755245,All
91.2304,0.756244,3.63068,0.756244,All
91.431,0.757243,3.63429,0.757243,All
91.4872,0.758242,3.63768,0.758242,All
91.62,0.759241,3.64581,0.759241,All
91.6213,0.76024,3.65316,0.76024,All
91.9224,0.761239,3.66099,0.761239,All
91.9321,0.762238,3.66802,0.762238,All
91.9418,0.763237,3.67846,0.763237,All
92.109,0.764236,3.68259,0.764236,All
92.3665,0.765235,3.68467,0.765235,All
92.51,0.766234,3.68732,0.766234,All
92.5488,0.767233,3.69263,0.767233,All
92.5607,0.768232,3.69488,0.768232,All
92.5926,0.769231,3.70006,0.769231,All
92.7054,0.77023,3.71676,0.77023,All
92.7418,0.771229,3.72345,0.771229,All
92.8218,0.772228,3.73582,0.772228,All
92.8573,0.773227,3.73917,0.773227,All
92.9094,0.774226,3.74634,0.774226,All
92.9529,0.775225,3.75149,0.775225,All
93.1498,0.776224,3.75839,0.776224,All
93.2151,0.777223,3.76382,0.777223,All
93.2689,0.778222,3.77091,0.778222,All
93.3475,0.779221,3.77138,0.779221,All
93.4089,0.78022,3.77513,0.78022,All
93.7889,0.781219,3.77878,0.781219,All
93.8076,0.782218,3.78252,0.782218,All
93.9358,0.783217,3.80618,0.783217,All
94.3118,0.784216,3.80637,0.784216,All
94.4312,0.785215,3.81665,0.785215,All
94.6524,0.786214,3.82798,0.786214,All
94.9203,0.787213,3.83157,0.787213,All
95.2824,0.788212,3.83345,0.788212,All
95.3547,0.789211,3.83866,0.789211,All
95.4571,0.79021,3.8446,0.79021,All
95.4719,0.791209,3.87377,0.791209,All
95.5027,0.792208,3.87484,0.792208,All
95.6563,0.793207,3.88414,0.793207,All
95.7899,0.794206,3.89233,0.794206,All
95.8703,0.795205,3.8971,0.795205,All
95.9066,0.796204,3.90847,0.796204,All
96.0115,0.797203,3.91142,0.797203,All
96.1248,0.798202,3.91736,0.798202,All
96.6592,0.799201,3.91816,0.799201,All
96.6698,0.8002,3.93593,0.8002,All
96.733,0.801199,3.96222,0.801199,All
96.8354,0.802198,3.9683,0.802198,All
96.9929,0.803197,4.02896,0.803197,All
97.4076,0.804196,4.04053,0.804196,All
97.4131,0.805195,4.062,0.805195,All
97.5219,0.806194,4.07381,0.806194,All
97.5712,0.807193,4.074,0.807193,All
97.66,0.808192,4.07866,0.808192,All
98.0705,0.809191,4.08191,0.809191,All
98.4349,0.81019,4.10679,0.81019,All
98.5103,0.811189,4.11065,0.811189,All
98.6556,0.812188,4.11981,0.812188,All
98.824,0.813187,4.17111,0.813187,All
98.9216,0.814186,4.18984,0.814186,All
99.0674,0.815185,4.19549,0.815185,All
99.0803,0.816184,4.20431,0.816184,All
99.3019,0.817183,4.2216,0.817183,All
99.4594,0.818182,4.23931,0.818182,All
99.5039,0.819181,4.25032,0.819181,All
99.8997,0.82018,4.25372,0.82018,All
100.027,0.821179,4.25538,0.821179,All
100.094,0.822178,4.27162,0.822178,All
100.249,0.823177,4.28257,0.823177,All
100.595,0.824176,4.28366,0.824176,All
100.658,0.825175,4.30708,0.825175,All
101.11,0.826174,4.31962,0.826174,All
101.426,0.827173,4.32914,0.827173,All
101.426,0.828172,4.32966,0.828172,All
101.689,0.829171,4.34377,0.829171,All
101.704,0.83017,4.35054,0.83017,All
101.745,0.831169,4.3613,0.831169,All
102.041,0.832168,4.37991,0.832168,All
102.615,0.833167,4.40423,0.833167,All
102.742,0.834166,4.42138,0.834166,All
102.801,0.835165,4.42607,0.835165,All
103.103,0.836164,4.43838,0.836164,All
103.227,0.837163,4.45184,0.837163,All
103.382,0.838162,4.45632,0.838162,All
103.402,0.839161,4.46355,0.839161,All
103.421,0.84016,4.52457,0.84016,All
103.464,0.841159,4.5335,0.841159,All
103.571,0.842158,4.54669,0.842158,All
103.766,0.843157,4.56496,0.843157,All
103.864,0.844156,4.59689,0.844156,All
103.976,0.845155,4.60147,0.845155,All
104.235,0.846154,4.6244,0.846154,All
104.419,0.847153,4.65438,0.847153,All
104.979,0.848152,4.67251,0.848152,All
105.046,0.849151,4.70007,0.849151,All
105.075,0.85015,4.71245,0.85015,All
105.159,0.851149,4.72096,0.851149,All
105.255,0.852148,4.73232,0.852148,All
105.866,0.853147,4.7495,0.853147,All
105.925,0.854146,4.75004,0.854146,All
106.071,0.855145,4.77787,0.855145,All
106.289,0.856144,4.8051,0.856144,All
106.606,0.857143,4.80859,0.857143,All
106.692,0.858142,4.81468,0.858142,All
106.717,0.859141,4.87106,0.859141,All
106.816,0.86014,4.88701,0.86014,All
106.964,0.861139,4.89047,0.861139,All
107.151,0.862138,4.89564,0.862138,All
107.367,0.863137,4.91438,0.863137,All
107.575,0.864136,4.92332,0.864136,All
107.777,0.865135,4.95651,0.865135,All
108.199,0.866134,4.97403,0.866134,All
108.423,0.867133,5.00865,0.867133,All
108.5,0.868132,5.01132,0.868132,All
108.819,0.869131,5.01982,0.869131,All
108.97,0.87013,5.02575,0.87013,All
109.295,0.871129,5.04509,0.871129,All
109.68,0.872128,5.09094,0.872128,All
110.175,0.873127,5.09624,0.873127,All
110.276,0.874126,5.09814,0.874126,All
110.278,0.875125,5.10127,0.875125,All
110.476,0.876124,5.15975,0.876124,All
110.697,0.877123,5.1642,0.877123,All
110.852,0.878122,5.17163,0.878122,All
111.005,0.879121,5.20489,0.879121,All
111.087,0.88012,5.21204,0.88012,All
111.343,0.881119,5.24548,0.881119,All
111.474,0.882118,5.25398,0.882118,All
111.565,0.883117,5.26341,0.883117,All
111.683,0.884116,5.35518,0.884116,All
112.008,0.885115,5.3869,0.885115,All
112.033,0.886114,5.40172,0.886114,All
112.296,0.887113,5.40333,0.887113,All
112.357,0.888112,5.40369,0.888112,All
112.967,0.889111,5.41622,0.889111,All
112.979,0.89011,5.42817,0.89011,All
113.03,0.891109,5.4337,0.891109,All
113.215,0.892108,5.43401,0.892108,All
113.588,0.893107,5.45603,0.893107,All
113.938,0.894106,5.48298,0.894106,All
114.825,0.895105,5.49174,0.895105,All
115.132,0.896104,5.50627,0.896104,All
115.575,0.897103,5.53622,0.897103,All
115.875,0.898102,5.54608,0.898102,All
116.035,0.899101,5.5547,0.899101,All
116.04,0.9001,5.56461,0.9001,All
116.293,0.901099,5.607,0.901099,All
116.374,0.902098,5.63884,0.902098,All
116.404,0.903097,5.65815,0.903097,All
116.481,0.904096,5.67788,0.904096,All
116.749,0.905095,5.73395,0.905095,All
116.971,0.906094,5.74319,0.906094,All
117.585,0.907093,5.74535,0.907093,All
117.603,0.908092,5.76497,0.908092,All
117.606,0.909091,5.77319,0.909091,All
117.662,0.91009,5.7779,0.91009,All
117.711,0.911089,5.79515,0.911089,All
118.705,0.912088,5.82286,0.912088,All
118.977,0.913087,5.8258,0.913087,All
119.468,0.914086,5.8329,0.914086,All
119.596,0.915085,5.84759,0.915085,All
119.914,0.916084,5.84866,0.916084,All
120.943,0.917083,5.88952,0.917083,All
121.024,0.918082,5.94221,0.918082,All
121.199,0.919081,5.95456,0.919081,All
121.244,0.92008,5.97768,0.92008,All
121.432,0.921079,6.01491,0.921079,All
122.086,0.922078,6.03188,0.922078,All
122.529,0.923077,6.04166,0.923077,All
122.675,0.924076,6.04839,0.924076,All
123.178,0.925075,6.05695,0.925075,All
123.426,0.926074,6.12099,0.926074,All
124.475,0.927073,6.12765,0.927073,All
124.68,0.928072,6.14124,0.928072,All
124.794,0.929071,6.15835,0.929071,All
125.122,0.93007,6.20427,0.93007,All
125.248,0.931069,6.21481,0.931069,All
125.552,0.932068,6.28982,0.932068,All
126.251,0.933067,6.31268,0.933067,All
126.256,0.934066,6.33419,0.934066,All
127.092,0.935065,6.43728,0.935065,All
127.265,0.936064,6.46713,0.936064,All
127.64,0.937063,6.47514,0.937063,All
128.444,0.938062,6.47931,0.938062,All
129.527,0.939061,6.48681,0.939061,All
129.528,0.94006,6.49286,0.94006,All
129.771,0.941059,6.52848,0.941059,All
129.908,0.942058,6.55681,0.942058,All
130.985,0.943057,6.56792,0.943057,All
131.372,0.944056,6.70985,0.944056,All
131.423,0.945055,6.71901,0.945055,All
131.54,0.946054,6.77776,0.946054,All
131.594,0.947053,6.79389,0.947053,All
131.751,0.948052,6.79649,0.948052,All
131.82,0.949051,6.82265,0.949051,All
132.992,0.95005,6.95728,0.95005,All
134.476,0.951049,7.00063,0.951049,All
134.89,0.952048,7.07404,0.952048,All
136.909,0.953047,7.15424,0.953047,All
139.157,0.954046,7.16158,0.954046,All
139.727,0.955045,7.18878,0.955045,All
139.91,0.956044,7.20555,0.956044,All
143.804,0.957043,7.23121,0.957043,All
144.866,0.958042,7.24172,0.958042,All
145.094,0.959041,7.24924,0.959041,All
146.195,0.96004,7.25393,0.96004,All
146.265,0.961039,7.34415,0.961039,All
146.999,0.962038,7.36395,0.962038,All
147.811,0.963037,7.38418,0.963037,All
147.819,0.964036,7.40202,0.964036,All
147.952,0.965035,7.45415,0.965035,All
148.565,0.966034,7.58186,0.966034,All
149.747,0.967033,7.586,0.967033,All
150.247,0.968032,7.6321,0.968032,All
150.871,0.969031,7.67661,0.969031,All
150.927,0.97003,7.72029,0.97003,All
154.632,0.971029,7.74785,0.971029,All
156.362,0.972028,7.78808,0.972028,All
156.545,0.973027,7.82567,0.973027,All
156.835,0.974026,7.83845,0.974026,All
157.389,0.975025,7.9255,0.975025,All
158.152,0.976024,7.93057,0.976024,All
159.211,0.977023,8.13642,0.977023,All
159.601,0.978022,8.1747,0.978022,All
159.703,0.979021,8.1862,0.979021,All
161.5,0.98002,8.21476,0.98002,All
162.101,0.981019,8.23228,0.981019,All
163.006,0.982018,8.34543,0.982018,All
167.762,0.983017,8.38353,0.983017,All
169.166,0.984016,8.49549,0.984016,All
173.431,0.985015,8.49556,0.985015,All
178.641,0.986014,8.50589,0.986014,All
178.885,0.987013,8.51783,0.987013,All
181.974,0.988012,8.68972,0.988012,All
194.31,0.989011,8.71712,0.989011,All
196.381,0.99001,8.81108,0.99001,All
197.714,0.991009,8.86002,0.991009,All
203.441,0.992008,9.05003,0.992008,All
211.071,0.993007,9.09803,0.993007,All
215.774,0.994006,9.22922,0.994006,All
215.926,0.995005,9.49149,0.995005,All
222.475,0.996004,9.60633,0.996004,All
226.67,0.997003,9.62004,0.997003,All
243.463,0.998002,10.2016,0.998002,All
253.628,0.999001,10.9576,0.999001,All
253.99,1,11.0315,1,All
849.362,1,67.6366,1,All
