V_abscissa,V_pdf,V_cdf,Cl_abscissa,Cl_pdf,Cl_cdf,split
5.78869,1.64867e-05,1.38267e-05,0.0410702,0.00227332,1.85327e-05,All
14.3096,0.00101554,0.00293816,0.723854,0.345372,0.1499,All
22.8306,0.00395331,0.0231923,1.40664,0.29646,0.376396,All
31.3515,0.00716545,0.0709957,2.08942,0.209758,0.548344,All
39.8725,0.00936437,0.142317,2.7722,0.145406,0.668212,All
48.3934,0.0103414,0.22707,3.45499,0.102087,0.751708,All
56.9144,0.0103715,0.31586,4.13777,0.0730855,0.810861,All
65.4353,0.00980669,0.402138,4.82055,0.05336,0.853609,All
73.9562,0.00893031,0.482109,5.50334,0.0396667,0.885092,All
82.4772,0.00793389,0.553994,6.18612,0.0299664,0.90868,All
90.9981,0.00693358,0.617311,6.86891,0.0229648,0.926624,All
99.5191,0.00599305,0.672328,7.55169,0.0178249,0.940461,All
108.04,0.00514243,0.719701,8.23447,0.0139942,0.951262,All
116.561,0.00439183,0.76025,8.91726,0.0111001,0.959784,All
125.082,0.00374004,0.794827,9.60004,0.00888672,0.966574,All
133.603,0.00318007,0.824248,10.2828,0.00717514,0.972033,All
142.124,0.00270239,0.849256,10.9656,0.00583823,0.976457,All
150.645,0.00229676,0.870507,11.6484,0.00478433,0.98007,All
159.166,0.00195329,0.888573,12.3312,0.00394652,0.98304,All
167.687,0.00166291,0.903945,13.014,0.0032753,0.985497,All
176.208,0.00141756,0.91704,13.6967,0.00273368,0.987542,All
184.729,0.00121027,0.928211,14.3795,0.0022937,0.989253,All
193.249,0.00103501,0.937756,15.0623,0.00193407,0.990692,All
201.77,0.000886715,0.945926,15.7451,0.00163841,0.991908,All
210.291,0.000761071,0.952932,16.4279,0.001394,0.992941,All
218.812,0.000654469,0.95895,17.1107,0.00119094,0.993821,All
227.333,0.000563878,0.964131,17.7934,0.00102141,0.994575,All
235.854,0.000486763,0.968598,18.4762,0.00087924,0.995222,All
244.375,0.000421003,0.972458,19.159,0.000759492,0.995781,All
252.896,0.000364824,0.9758,19.8418,0.000658223,0.996264,All
261.417,0.000316739,0.978698,20.5246,0.000572251,0.996683,All
269.938,0.000275506,0.981217,21.2074,0.000498997,0.997048,All
278.459,0.00024008,0.98341,21.8901,0.000436362,0.997367,All
286.98,0.000209588,0.985323,22.5729,0.000382628,0.997646,All
295.501,0.000183293,0.986994,23.2557,0.000336384,0.997891,All
304.022,0.000160575,0.988456,23.9385,0.000296465,0.998107,All
312.543,0.000140912,0.989739,24.6213,0.000261906,0.998297,All
321.064,0.000123863,0.990865,25.3041,0.000231904,0.998466,All
329.585,0.000109053,0.991856,25.9868,0.00020579,0.998615,All
338.106,9.61671e-05,0.992729,26.6696,0.000183,0.998747,All
346.626,8.49351e-05,0.9935,27.3524,0.000163064,0.998865,All
355.147,7.51286e-05,0.994181,28.0352,0.000145582,0.998971,All
363.668,6.65527e-05,0.994784,28.718,0.000130218,0.999065,All
372.189,5.90409e-05,0.995318,29.4008,0.000116686,0.999149,All
380.71,5.24509e-05,0.995792,30.0835,0.000104742,0.999224,All
389.231,4.66605e-05,0.996214,30.7663,9.41783e-05,0.999292,All
397.752,4.15651e-05,0.996589,31.4491,8.48174e-05,0.999353,All
406.273,3.70747e-05,0.996924,32.1319,7.65067e-05,0.999408,All
414.794,3.31118e-05,0.997223,32.8147,6.91147e-05,0.999458,All
423.315,2.96094e-05,0.99749,33.4975,6.25283e-05,0.999503,All
431.836,2.65098e-05,0.997729,34.1802,5.66498e-05,0.999543,All
440.357,2.3763e-05,0.997942,34.863,5.13944e-05,0.99958,All
448.878,2.13255e-05,0.998134,35.5458,4.66885e-05,0.999614,All
457.399,1.91599e-05,0.998307,36.2286,4.24681e-05,0.999644,All
465.92,1.72333e-05,0.998462,36.9114,3.86775e-05,0.999672,All
474.441,1.55173e-05,0.998601,37.5942,3.5268e-05,0.999697,All
482.962,1.39869e-05,0.998727,38.2769,3.21968e-05,0.99972,All
491.483,1.26206e-05,0.99884,38.9597,2.94267e-05,0.999741,All
500.003,1.13993e-05,0.998942,39.6425,2.69248e-05,0.99976,All
508.524,1.03064e-05,0.999034,40.3253,2.46622e-05,0.999778,All
517.045,9.32727e-06,0.999118,41.0081,2.26135e-05,0.999794,All
525.566,8.44921e-06,0.999194,41.6909,2.07561e-05,0.999809,All
534.087,7.66091e-06,0.999262,42.3736,1.90702e-05,0.999822,All
542.608,6.95247e-06,0.999324,43.0564,1.75382e-05,0.999835,All
551.129,6.31516e-06,0.999381,43.7392,1.61445e-05,0.999846,All
559.65,5.74126e-06,0.999432,44.422,1.48752e-05,0.999857,All
568.171,5.22397e-06,0.999479,45.1048,1.37179e-05,0.999867,All
576.692,4.75726e-06,0.999521,45.7876,1.26617e-05,0.999876,All
585.213,4.33579e-06,0.99956,46.4704,1.16967e-05,0.999884,All
593.734,3.95483e-06,0.999595,47.1531,1.08143e-05,0.999892,All
602.255,3.61017e-06,0.999628,47.8359,1.00066e-05,0.999899,All
610.776,3.2981e-06,0.999657,48.5187,9.26645e-06,0.999905,All
619.297,3.01527e-06,0.999684,49.2015,8.58771e-06,0.999911,All
627.818,2.75874e-06,0.999708,49.8843,7.96469e-06,0.999917,All
636.339,2.52587e-06,0.999731,50.5671,7.39231e-06,0.999922,All
644.86,2.3143e-06,0.999752,51.2498,6.86601e-06,0.999927,All
653.38,2.12194e-06,0.99977,51.9326,6.38167e-06,0.999932,All
661.901,1.9469e-06,0.999788,52.6154,5.93558e-06,0.999936,All
670.422,1.78751e-06,0.999804,53.2982,5.52439e-06,0.99994,All
678.943,1.64225e-06,0.999818,53.981,5.14508e-06,0.999943,All
687.464,1.50977e-06,0.999832,54.6638,4.7949e-06,0.999947,All
695.985,1.38886e-06,0.999844,55.3465,4.47137e-06,0.99995,All
704.506,1.27844e-06,0.999855,56.0293,4.17226e-06,0.999953,All
713.027,1.17752e-06,0.999866,56.7121,3.89551e-06,0.999956,All
721.548,1.08522e-06,0.999876,57.3949,3.63927e-06,0.999958,All
730.069,1.00075e-06,0.999884,58.0777,3.40187e-06,0.999961,All
738.59,9.23399e-07,0.999893,58.7605,3.18176e-06,0.999963,All
747.111,8.52512e-07,0.9999,59.4432,2.97756e-06,0.999965,All
755.632,7.8751e-07,0.999907,60.126,2.78799e-06,0.999967,All
764.153,7.27869e-07,0.999914,60.8088,2.61189e-06,0.999969,All
772.674,6.73112e-07,0.99992,61.4916,2.4482e-06,0.999971,All
781.195,6.22808e-07,0.999925,62.1744,2.29595e-06,0.999972,All
789.716,5.76567e-07,0.99993,62.8572,2.15427e-06,0.999974,All
798.237,5.34038e-07,0.999935,63.5399,2.02234e-06,0.999975,All
806.757,4.94898e-07,0.999939,64.2227,1.89941e-06,0.999976,All
815.278,4.58858e-07,0.999943,64.9055,1.78481e-06,0.999978,All
823.799,4.25652e-07,0.999947,65.5883,1.67791e-06,0.999979,All
832.32,3.95043e-07,0.999951,66.2711,1.57815e-06,0.99998,All
840.841,3.6681e-07,0.999954,66.9539,1.48499e-06,0.999981,All
849.362,3.40757e-07,0.999957,67.6366,1.39796e-06,0.999982,All
