id,importanceSampling
1,6.003475
2,9.428240
3,6.621883
4,14.293038
5,14.477248
6,6.607178
7,7.528341
8,7.631382
9,5.224729
10,15.676481
11,14.303903
12,4.978296
13,6.093786
14,10.799187
15,10.829531
16,10.661279
17,11.310977
18,12.999637
19,12.170224
20,6.767729
21,12.725369
22,8.346907
23,6.301051
24,6.568107
25,6.473681
26,7.070384
27,6.549301
28,11.640428
29,4.989836
30,16.201156
31,6.157459
32,6.756961
33,4.948472
34,6.420235
35,10.937421
36,6.386625
37,15.229227
38,6.126406
39,5.095200
40,18.890818
41,14.283516
42,8.621051
43,24.507096
44,8.104630
45,5.236104
46,7.281701
47,4.905953
48,5.801044
49,12.963350
50,5.629629
51,13.509798
52,6.813321
53,26.169121
54,26.400125
55,6.595040
56,4.749522
57,15.054416
58,11.612924
59,8.216760
60,5.216255
61,11.858454
62,6.135819
63,16.851768
64,6.747675
65,6.092033
66,12.530842
67,7.902177
68,17.517003
69,12.896757
70,12.884302
71,6.558559
72,22.297322
73,6.073333
74,6.352350
75,20.782304
76,21.469421
77,6.855312
78,6.824084
79,7.001928
80,24.341666
81,12.305179
82,5.342235
83,6.033164
84,21.123647
85,5.708392
86,6.639369
87,11.291102
88,13.962778
89,8.665977
90,7.725424
91,12.634458
92,6.425081
93,10.641991
94,5.124657
95,6.121453
96,22.847699
97,5.822898
98,7.490068
99,4.969583
100,8.993651
101,10.999787
102,20.909446
103,21.812730
104,18.462692
105,16.835494
106,11.681688
107,11.101957
108,8.815714
109,7.061653
110,7.768813
111,13.895015
112,11.654867
113,12.194571
114,4.916375
115,18.301009
116,6.753128
117,6.550999
118,7.277113
119,11.322399
120,6.889496
121,11.929543
122,6.430292
123,18.572805
124,4.375521
125,10.942019
126,5.840990
127,8.437722
128,6.294917
129,9.621751
130,5.859179
131,20.390955
132,6.929270
133,6.897100
134,12.347957
135,11.864797
136,10.297990
137,5.838907
138,7.190958
139,18.422184
140,5.823843
141,13.684794
142,17.821595
143,17.981782
144,13.643965
145,7.269756
146,20.887045
147,18.851701
148,11.809143
149,6.820624
150,15.131264
151,20.147707
152,14.854917
153,14.359221
154,6.215544
155,6.729208
156,11.047385
157,13.025066
158,11.391711
159,7.454952
160,6.707976
161,14.167822
162,7.410503
163,6.701919
164,5.553048
165,6.531742
166,6.367260
167,9.469335
168,8.076229
169,5.449373
170,13.386027
171,5.891978
172,9.354100
173,6.674483
174,7.944704
175,5.750160
176,10.734253
177,4.671120
178,6.535479
179,11.303653
180,13.826999
181,8.477481
182,5.922377
183,7.504640
184,11.928516
185,6.638494
186,6.395931
187,5.879257
188,6.762006
189,6.313212
190,5.714679
191,17.534606
192,13.447247
193,6.174141
194,4.126056
195,8.252876
196,14.717387
197,4.938454
198,17.535036
199,5.539102
200,5.896352
201,7.040228
202,5.643326
203,5.955108
204,14.058240
205,13.723323
206,7.693146
207,13.207872
208,5.811662
209,5.501926
210,11.629396
211,17.556681
212,9.539148
213,8.974210
214,13.430725
215,6.864176
216,13.594026
217,10.281164
218,14.981360
219,8.772608
220,10.661040
221,12.832815
222,4.577549
223,6.351809
224,5.593364
225,19.132758
226,6.624977
227,8.753834
228,7.003365
229,4.958183
230,5.233041
231,6.798183
232,16.980304
233,16.077094
234,4.676304
235,5.693657
236,13.007034
237,21.238182
238,26.977806
239,15.021726
240,11.919280
241,6.935479
242,5.619537
243,7.123127
244,19.819324
245,6.366432
246,7.202866
247,5.454602
248,11.518276
249,17.026017
250,5.820636
251,8.377297
252,7.121593
253,6.348161
254,5.365008
255,12.786853
256,6.372866
257,19.323673
258,5.825370
259,17.324405
260,7.642670
261,18.050923
262,17.973762
263,6.273421
264,13.940549
265,5.957299
266,15.831063
267,4.486619
268,6.431673
269,7.165570
270,6.860946
271,9.471240
272,11.729897
273,19.702120
274,5.313481
275,6.362309
276,23.521474
277,12.057463
278,6.853671
279,7.270798
280,6.243127
281,5.172714
282,20.466126
283,17.588956
284,7.624870
285,6.519781
286,11.691063
287,5.315721
288,13.962141
289,18.202771
290,10.481890
291,25.643928
292,27.243346
293,5.574411
294,5.338890
295,8.315432
296,11.679577
297,4.719914
298,6.431813
299,7.557880
300,10.464253
301,19.846963
302,4.987545
303,9.966922
304,14.971684
305,34.632379
306,10.004612
307,6.788282
308,27.668165
309,24.247369
310,11.107158
311,11.665817
312,4.706123
313,11.893011
314,12.971111
315,6.211178
316,4.913234
317,14.706324
318,15.791093
319,13.365304
320,18.514534
321,25.778331
322,8.454375
323,13.534313
324,9.976729
325,31.174538
326,4.376834
327,4.761135
328,12.379206
329,11.511048
330,18.691152
331,14.181772
332,13.614168
333,5.636941
334,5.882154
335,8.998602
336,7.407379
337,9.151531
338,4.993163
339,6.569398
340,20.519966
341,12.060781
342,5.780407
343,6.183843
344,4.992036
345,4.083559
346,6.913204
347,9.321127
348,5.687478
349,27.541575
350,6.233956
351,5.435998
352,6.570769
353,5.626819
354,6.961924
355,5.207182
356,7.238487
357,6.970590
358,5.764471
359,15.227727
360,11.070552
361,25.466816
362,13.409626
363,6.493632
364,5.306825
365,30.389166
366,5.666946
367,12.574214
368,6.204603
369,8.354393
370,13.232938
371,12.422712
372,6.943788
373,14.400813
374,7.787738
375,6.713135
376,6.547686
377,6.593123
378,12.459609
379,6.613537
380,6.571147
381,14.428020
382,7.464709
383,6.211246
384,11.720097
385,13.190798
386,7.831379
387,6.758787
388,4.640034
389,11.335423
390,4.540503
391,6.136115
392,20.046075
393,21.463133
394,14.798546
395,13.334807
396,6.817195
397,6.048093
398,4.482953
399,6.335154
400,5.249470
401,6.553058
402,15.182671
403,6.255934
404,13.669629
405,13.430366
406,7.333594
407,17.096359
408,6.455592
409,5.267451
410,6.984939
411,6.334884
412,4.912158
413,8.984433
414,13.109183
415,7.365441
416,6.273338
417,5.734379
418,14.476403
419,15.382860
420,5.595383
421,4.250033
422,11.376311
423,18.439961
424,19.503879
425,19.440175
426,6.843415
427,20.675576
428,5.077221
429,5.905022
430,4.131177
431,6.185275
432,14.129384
433,13.255711
434,8.908332
435,11.303625
436,31.161758
437,5.666472
438,9.899211
439,10.675765
440,13.975463
441,13.456615
442,6.170272
443,9.623635
444,7.249922
445,10.726640
446,6.642312
447,6.269628
448,22.246700
449,5.497765
450,6.619660
451,25.429036
452,6.250097
453,10.520497
454,6.667006
455,13.036630
456,9.952372
457,18.077421
458,6.142973
459,6.835692
460,6.801936
461,10.303784
462,12.436658
463,22.293751
464,13.290668
465,6.797464
466,5.882003
467,10.878773
468,16.926674
469,14.476191
470,13.169477
471,5.361413
472,14.626268
473,17.488607
474,5.969177
475,18.711441
476,6.897080
477,6.330666
478,6.733060
479,8.775159
480,15.160577
482,5.558854
483,16.275798
484,7.102654
485,6.058167
486,14.957695
487,7.637484
488,13.729026
489,5.576566
490,10.587477
491,7.158944
492,8.985653
493,13.248086
494,4.967885
495,13.964725
496,10.035100
497,5.313507
498,8.000796
499,12.165323
500,6.489687
501,22.192126
502,14.262072
503,19.525933
504,7.541982
505,6.475360
506,26.952082
507,6.269845
508,8.046314
509,6.707742
510,7.106554
511,16.620400
512,7.746614
513,34.891559
514,11.995489
515,7.004862
516,12.493419
517,12.663312
518,11.901661
519,12.587052
520,8.167532
521,6.840643
522,12.025214
523,10.494955
524,6.777315
525,6.996784
526,18.073858
527,7.578017
528,6.378060
529,5.572415
530,6.177069
531,6.690293
532,5.951084
533,15.634212
534,5.051290
535,12.000047
536,15.724173
537,4.422703
538,17.328648
539,16.546360
540,7.061733
541,8.207803
542,9.473120
543,7.690161
544,11.559477
545,16.559301
546,6.439327
547,67.727966
548,10.003686
549,19.708764
550,8.862687
551,15.249387
552,6.907405
553,20.326090
554,16.482992
555,15.410602
556,5.519433
557,8.362832
558,11.366663
559,28.846119
560,10.728079
561,6.416451
562,14.957174
563,7.020795
564,5.429713
565,13.746389
566,5.207137
567,13.440034
568,6.548421
569,5.599313
570,7.214668
571,16.605347
572,6.094970
573,11.766497
574,6.188343
575,7.153936
576,6.432420
577,21.041891
578,6.342370
579,8.371111
580,6.869722
581,4.466304
582,4.432988
583,21.202865
584,6.971169
585,14.608450
586,5.088299
587,5.681258
588,8.241517
589,5.740431
590,13.047969
591,6.411863
592,4.865895
593,6.227888
594,6.683837
595,4.496108
596,18.144228
597,10.386386
598,8.122252
599,6.381730
600,9.837010
601,6.089685
602,13.115108
603,6.095717
604,9.427564
605,5.985165
606,5.964453
607,21.629464
608,6.870560
609,16.222564
610,19.455416
611,5.995114
612,12.315601
613,7.854077
614,7.032159
615,7.082907
616,14.716907
617,7.309456
618,14.912495
619,13.139007
620,6.439670
621,17.114294
622,4.881678
623,13.101976
624,5.371339
625,26.806196
626,5.712966
627,7.167912
628,5.533037
629,13.048649
630,5.756473
631,5.558001
632,19.950227
633,12.050303
634,14.304827
635,5.473462
636,7.141088
637,10.381765
638,8.517102
639,6.178281
640,20.987974
641,7.795695
642,6.852110
643,8.233520
644,11.721413
645,14.483003
646,5.337122
647,12.253072
648,14.016363
649,6.617079
650,11.214959
651,5.905735
652,14.005917
653,6.316431
654,14.706337
655,8.466896
656,4.543056
657,6.085867
658,7.780009
659,5.787084
660,5.411534
661,16.404622
662,6.272119
663,5.659039
664,11.785006
665,7.756728
666,6.693351
667,4.586864
668,12.973279
669,12.003701
670,9.842230
671,8.782519
672,8.321076
673,12.688142
674,5.492744
675,19.831894
676,6.289902
677,7.199701
678,7.541937
679,7.319298
680,6.766902
681,13.096197
682,14.899314
683,10.369620
684,9.710672
685,5.604095
686,6.191593
687,12.764852
688,14.991259
689,20.275812
690,6.806736
691,7.398602
692,5.557888
693,7.180601
694,12.670881
695,18.852509
696,6.669098
697,6.423625
698,13.910897
699,7.194928
700,23.045168
701,14.080177
702,5.014648
703,4.061892
704,13.533023
705,8.873138
706,11.695605
707,12.396817
708,9.802070
709,6.951332
710,14.419158
711,6.952496
712,6.183308
713,18.993158
714,6.757280
715,36.163082
716,6.797663
717,5.531160
718,15.162580
719,5.516027
720,20.998627
721,9.653057
722,7.163230
723,6.076982
724,15.154988
725,6.460798
726,6.618541
727,9.250087
728,21.879416
729,6.836871
730,10.234977
731,4.398647
732,5.873900
733,5.649709
734,13.006895
735,19.025880
736,13.085879
737,9.379643
738,6.903759
739,5.094372
740,17.829285
741,4.538161
742,5.808614
743,35.657968
744,5.355878
745,14.980399
746,17.574000
747,5.119066
748,14.149732
749,5.868833
750,31.755474
751,9.106618
752,6.717691
753,12.828448
754,15.936149
755,36.537136
756,6.053090
757,7.253011
758,8.064335
759,5.005191
760,6.543653
761,6.517453
762,4.028643
763,6.209296
764,15.004556
765,14.905541
766,14.322665
767,14.689061
768,12.952929
769,18.936194
770,5.963994
771,14.528658
772,8.296638
773,19.957250
774,6.881784
775,9.267026
776,7.616070
777,8.094620
778,5.096456
779,5.433319
780,18.405758
781,6.224201
782,5.664967
783,6.408211
784,17.448581
785,12.524602
786,6.495379
787,7.739537
788,17.113107
789,7.761771
790,6.132721
791,28.888168
792,5.816677
793,6.552379
794,6.230110
795,27.851904
796,9.500191
797,6.432282
798,5.991845
799,7.729241
800,7.199165
801,14.408917
802,12.872042
803,15.425909
804,5.219857
805,40.569398
806,7.469296
807,6.432857
808,5.954526
809,6.713499
810,8.093958
811,4.198489
812,15.127832
813,6.582849
814,14.503599
815,7.305536
816,7.326973
817,6.161451
818,4.736250
819,10.958057
820,7.007555
821,16.054590
822,7.093619
823,45.403028
824,6.598243
825,5.373939
826,6.028111
827,12.389916
828,6.323720
829,7.020105
830,7.077713
831,23.191038
832,5.618359
833,4.729048
834,9.792445
835,6.911348
836,7.216140
837,8.057925
838,4.912263
839,5.376196
840,6.128142
841,6.763776
842,6.096782
843,19.393948
844,6.016880
845,10.457008
846,6.098566
847,5.247666
848,5.669728
849,13.511728
850,11.937662
851,6.129578
852,17.234790
853,6.766448
854,17.300433
855,26.317979
856,15.288631
857,13.766899
858,6.353486
859,23.541360
860,16.492165
861,4.389784
862,7.959161
863,5.898025
864,15.439928
865,6.747343
866,13.258078
867,11.550569
868,8.346591
869,6.289316
870,5.731114
871,7.112937
872,11.256450
873,16.289256
874,13.286967
875,12.413139
876,16.253474
877,14.581115
878,11.048402
879,7.105257
880,7.519917
881,5.275270
882,25.585787
883,14.471445
884,12.911076
886,17.882404
887,30.411899
888,14.108618
889,5.670819
890,7.210099
891,6.864386
892,16.890774
893,17.246684
894,6.888867
895,13.344709
896,14.220980
897,6.986477
898,24.171802
899,6.358321
900,10.793539
901,12.642133
902,6.363855
903,6.202399
904,18.295404
905,7.036996
906,12.804291
907,4.070978
908,12.318822
909,19.173512
910,6.877625
911,5.121432
912,14.933164
913,5.414379
914,6.428069
915,11.113830
916,6.909973
917,6.025608
918,10.659296
919,6.251309
920,11.347573
921,4.374522
922,6.393349
923,6.588480
924,17.252237
925,5.010911
926,6.163546
927,6.529905
928,5.621700
929,13.100455
930,12.155614
931,13.137213
932,13.122490
933,10.466624
934,14.139801
935,6.491701
936,11.151938
937,6.195486
938,13.571487
939,12.536825
940,19.651330
941,24.268657
942,6.811171
943,5.233199
944,13.925207
945,6.234862
946,14.244029
947,8.470540
948,9.306424
949,7.077523
950,5.746365
951,5.189496
952,6.556422
953,13.586938
954,7.371119
955,11.485551
956,7.818616
957,5.777680
958,12.455398
959,6.092656
960,6.544850
961,14.996085
962,19.379712
963,11.903385
964,18.323630
965,4.622571
966,21.280058
967,11.924269
968,21.834879
969,5.676215
970,5.808099
971,19.705986
972,5.027797
973,12.359336
974,8.937659
975,6.042788
976,6.542120
977,15.402287
978,7.247283
979,6.869296
980,15.280261
981,6.634208
982,6.404534
983,13.479858
984,21.367114
985,11.734735
987,7.582810
988,14.436054
989,11.582301
990,6.401731
991,12.621484
992,6.180968
993,15.202490
994,14.536446
995,6.411150
996,7.031884
997,12.854450
998,14.259206
999,9.795978
1000,4.736688
1001,12.156893
1002,12.425997
1003,8.926786
1004,6.834341
