popPred_spline_abscissa,popPred_spline,popPred_ci_abscissa,popPred_piLower,popPred_piUpper,indivPred_spline_abscissa,indivPred_spline,indivPred_ci_abscissa,indivPred_piLower,indivPred_piUpper,split
0.491735,12.819,0.491735,0.321156,0.662313,2.25076,2.25131,2.25076,1.46999,3.03153,All
0.542059,12.7557,0.542059,0.354023,0.730094,2.40255,2.41872,2.40255,1.56913,3.23597,All
0.597533,12.6858,0.597533,0.390254,0.804812,2.56457,2.59742,2.56457,1.67495,3.4542,All
0.658684,12.6089,0.658684,0.430193,0.887176,2.73752,2.78818,2.73752,1.7879,3.68715,All
0.726094,12.541,0.726094,0.474218,0.977969,2.92214,2.98075,2.92214,1.90848,3.9358,All
0.800402,12.4784,0.800402,0.52275,1.07805,3.11921,3.18607,3.11921,2.03718,4.20123,All
0.882315,12.4102,0.882315,0.576248,1.18838,3.32956,3.4005,3.32956,2.17457,4.48456,All
0.972611,12.3611,0.972611,0.635221,1.31,3.38203,3.45315,3.38203,2.20883,4.55522,All
1.07215,12.3114,1.07215,0.700229,1.44407,3.55411,3.62585,3.55411,2.32122,4.78699,All
1.18187,12.2807,1.18187,0.77189,1.59185,3.79379,3.8619,3.79379,2.47776,5.10982,All
1.30282,12.2656,1.30282,0.850886,1.75476,4.04964,4.11113,4.04964,2.64486,5.45442,All
1.43615,12.2776,1.43615,0.937965,1.93434,4.32274,4.37585,4.32274,2.82322,5.82226,All
1.58313,12.3087,1.58313,1.03396,2.1323,4.51329,4.5603,4.51329,2.94767,6.07891,All
1.74515,12.3999,1.74515,1.13977,2.35052,4.61426,4.65822,4.61426,3.01362,6.21491,All
1.76581,12.4125,1.76581,1.15326,2.37835,4.92545,4.96179,4.92545,3.21685,6.63404,All
1.92374,12.509,1.92374,1.25641,2.59107,5.25761,5.28984,5.25761,3.43379,7.08143,All
2.12062,12.6339,2.12062,1.385,2.85624,5.61218,5.64513,5.61218,3.66537,7.55899,All
2.33764,12.8325,2.33764,1.52674,3.14855,5.64456,5.67786,5.64456,3.68651,7.6026,All
2.57688,13.0819,2.57688,1.68298,3.47077,5.99066,6.03072,5.99066,3.91255,8.06877,All
2.84059,13.3813,2.84059,1.85522,3.82597,6.39466,6.45033,6.39466,4.17641,8.61291,All
3.03988,13.6154,3.03988,1.98537,4.09438,6.77582,6.85511,6.77582,4.42535,9.1263,All
3.1313,13.7228,3.1313,2.04508,4.21752,6.82591,6.909,6.82591,4.45807,9.19376,All
3.45175,14.0904,3.45175,2.25437,4.64914,7.28625,7.40434,7.28625,4.75871,9.81378,All
3.80501,14.4547,3.80501,2.48508,5.12493,7.77762,7.89718,7.77762,5.07964,10.4756,All
4.19441,14.7664,4.19441,2.73941,5.64941,7.90709,8.02116,7.90709,5.16419,10.65,All
4.31395,14.8351,4.31395,2.81748,5.81042,8.30214,8.41296,8.30214,5.4222,11.1821,All
4.62366,14.9327,4.62366,3.01976,6.22757,8.86202,9.04824,8.86202,5.78787,11.9362,All
5.09685,14.8725,5.09685,3.3288,6.8649,9.03836,9.22316,9.03836,5.90303,12.1737,All
5.58802,14.6053,5.58802,3.64959,7.52646,9.45967,9.60887,9.45967,6.1782,12.7411,All
5.61846,14.5869,5.61846,3.66947,7.56745,10.0976,10.3949,10.0976,6.59485,13.6004,All
6.19345,14.32,6.19345,4.045,8.3419,10.1696,10.485,10.1696,6.64187,13.6974,All
6.82729,14.4733,6.82729,4.45896,9.19561,10.7786,10.945,10.7786,7.0396,14.5176,All
6.86209,14.4952,6.86209,4.4817,9.24249,11.3009,11.5682,11.3009,7.38071,15.2211,All
7.52599,14.7102,7.52599,4.91529,10.1367,11.5055,11.809,11.5055,7.51434,15.4966,All
8.13617,14.3104,8.13617,5.3138,10.9585,12.2814,12.5149,12.2814,8.0211,16.5417,All
8.2962,14.2148,8.2962,5.41832,11.1741,12.4322,12.7005,12.4322,8.11955,16.7448,All
9.14523,14.3816,9.14523,5.97283,12.3176,13.1097,13.445,13.1097,8.56203,17.6573,All
9.41024,14.5264,9.41024,6.14591,12.6746,13.5634,13.9424,13.5634,8.85839,18.2685,All
10.0811,14.4988,10.0811,6.58409,13.5782,13.9938,14.2035,13.9938,9.13945,18.8481,All
10.6843,15.2555,10.6843,6.97802,14.3906,14.6947,15.1218,14.6947,9.59723,19.7921,All
11.1128,15.3142,11.1128,7.2579,14.9678,14.9375,15.2111,14.9375,9.7558,20.1192,All
11.9584,15.1669,11.9584,7.81013,16.1066,15.826,16.1273,15.826,10.3361,21.3158,All
12.2501,15.2738,12.2501,8.00067,16.4996,15.9448,16.237,15.9448,10.4137,21.476,All
13.2325,15.9428,13.2325,8.64223,17.8227,16.9572,17.2012,16.9572,11.0749,22.8395,All
13.5038,16.0449,13.5038,8.81946,18.1882,17.0202,17.2635,17.0202,11.116,22.9243,All
14.5065,16.5598,14.5065,9.47434,19.5387,18.0885,18.4003,18.0885,11.8138,24.3632,All
14.8858,16.2742,14.8858,9.72204,20.0495,18.168,18.5501,18.168,11.8657,24.4703,All
15.7806,16.4157,15.7806,10.3064,21.2547,19.2198,19.6016,19.2198,12.5526,25.8869,All
16.4092,16.9225,16.4092,10.717,22.1014,19.3932,19.8366,19.3932,12.6659,26.1205,All
17.0547,16.8104,17.0547,11.1386,22.9708,20.351,20.5966,20.351,13.2914,27.4106,All
18.0885,17.0241,18.0885,11.8138,24.3632,20.7011,21.0869,20.7011,13.52,27.8821,All
18.3287,17.3157,18.3287,11.9707,24.6868,21.4823,21.9491,21.4823,14.0303,28.9343,All
19.6028,18.032,19.6028,12.8028,26.4028,22.0971,22.5681,22.0971,14.4318,29.7624,All
19.9397,17.8943,19.9397,13.0228,26.8566,22.6136,23.1502,22.6136,14.7691,30.458,All
20.8769,18.1635,20.8769,13.6349,28.1189,23.5873,24.0571,23.5873,15.4051,31.7696,All
21.9803,18.5536,21.9803,14.3555,29.6051,23.7448,24.2996,23.7448,15.508,31.9817,All
22.151,18.9034,22.151,14.467,29.8349,24.8761,25.5313,24.8761,16.2468,33.5054,All
23.425,18.3564,23.425,15.2991,31.551,25.178,25.7899,25.178,16.444,33.9121,All
24.2297,19.4028,24.2297,15.8247,32.6348,26.0074,26.6448,26.0074,16.9856,35.0291,All
24.6991,19.8773,24.6991,16.1312,33.267,26.876,27.524,26.876,17.553,36.199,All
25.9732,19.4458,25.9732,16.9633,34.983,27.1386,27.6951,27.1386,17.7245,36.5528,All
26.7094,19.6294,26.7094,17.4442,35.9747,28.2699,28.461,28.2699,18.4633,38.0765,All
27.2472,20.4036,27.2472,17.7954,36.6991,28.6885,28.9039,28.6885,18.7367,38.6403,All
28.5213,20.5687,28.5213,18.6275,38.4151,29.4012,29.9566,29.4012,19.2022,39.6001,All
29.4428,20.2086,29.4428,19.2294,39.6563,30.5324,31.6669,30.5324,19.941,41.1238,All
29.7954,20.0625,29.7954,19.4596,40.1311,30.6232,31.7706,30.6232,20.0003,41.2461,All
31.0695,21.2831,31.0695,20.2917,41.8472,31.6637,32.6462,31.6637,20.6798,42.6475,All
32.3435,21.4824,32.3435,21.1239,43.5632,32.6884,33.319,32.6884,21.3491,44.0277,All
32.456,21.4212,32.456,21.1973,43.7147,32.795,33.3958,32.795,21.4187,44.1712,All
33.6176,21.1756,33.6176,21.956,45.2792,33.9262,34.3082,33.9262,22.1575,45.6949,All
34.8917,21.8529,34.8917,22.7881,46.9953,34.8929,35.2029,34.8929,22.7889,46.9969,All
35.7776,22.3946,35.7776,23.3666,48.1885,35.0575,35.3645,35.0575,22.8964,47.2186,All
36.1657,22.6,36.1657,23.6202,48.7113,36.1888,36.5232,36.1888,23.6352,48.7423,All
37.4398,23.1203,37.4398,24.4523,50.4274,37.246,37.6572,37.246,24.3257,50.1663,All
38.7139,23.4473,38.7139,25.2844,52.1434,37.32,37.7374,37.32,24.374,50.266,All
39.439,23.5845,39.439,25.758,53.1201,38.4513,38.9743,38.4513,25.1129,51.7897,All
39.988,23.6787,39.988,26.1165,53.8594,39.5825,40.2264,39.5825,25.8517,53.3134,All
41.262,23.895,41.262,26.9486,55.5755,39.7579,40.4218,39.7579,25.9662,53.5495,All
42.5361,24.1025,42.5361,27.7807,57.2915,40.7138,41.4936,40.7138,26.5906,54.8371,All
43.4752,24.2407,43.4752,28.394,58.5564,41.8451,42.7712,41.8451,27.3294,56.3608,All
43.8102,24.2861,43.8102,28.6128,59.0075,42.4391,43.4449,42.4391,27.7174,57.1608,All
45.0842,24.4311,45.0842,29.4449,60.7236,42.9763,44.0569,42.9763,28.0682,57.8845,All
46.3583,24.5298,46.3583,30.277,62.4396,44.1076,45.3503,44.1076,28.8071,59.4081,All
47.6324,24.591,47.6324,31.1091,64.1556,45.2389,46.6485,45.2389,29.5459,60.9318,All
47.9244,24.6021,47.9244,31.2999,64.549,45.3011,46.72,45.3011,29.5866,61.0157,All
48.9065,24.6332,48.9065,31.9413,65.8717,46.3701,47.9489,46.3701,30.2848,62.4555,All
50.1805,24.6687,50.1805,32.7734,67.5877,47.5014,49.2485,47.5014,31.0236,63.9792,All
51.4546,24.7115,51.4546,33.6055,69.3037,48.3562,50.2269,48.3562,31.5819,65.1305,All
52.7287,24.7768,52.7287,34.4376,71.0198,48.6327,50.5434,48.6327,31.7624,65.5029,All
52.829,24.7835,52.829,34.5031,71.1549,49.7639,51.8383,49.7639,32.5013,67.0266,All
54.0027,24.8842,54.0027,35.2697,72.7358,50.8952,53.1223,50.8952,33.2401,68.5503,All
55.2768,25.0588,55.2768,36.1018,74.4519,51.6173,53.935,51.6173,33.7117,69.5229,All
56.5509,25.3818,56.5509,36.9339,76.1679,52.0265,54.3955,52.0265,33.979,70.074,All
57.825,25.9586,57.825,37.766,77.8839,53.1577,55.6687,53.1577,34.7178,71.5977,All
58.2355,26.1445,58.2355,38.0341,78.4369,54.289,56.9036,54.289,35.4566,73.1214,All
59.099,26.5354,59.099,38.5981,79.6,55.0983,57.7787,55.0983,35.9852,74.2114,All
60.3731,27.1122,60.3731,39.4302,81.316,55.4203,58.1269,55.4203,36.1955,74.6451,All
61.6472,27.689,61.6472,40.2623,83.032,56.5515,59.3502,56.5515,36.9343,76.1688,All
62.9213,28.2658,62.9213,41.0944,84.7481,57.6828,60.5735,57.6828,37.6732,77.6925,All
64.1953,28.8426,64.1953,41.9265,86.4641,58.8141,61.7526,58.8141,38.412,79.2162,All
