iteration,convergenceIndicator,phase,V_pop,Cl_pop,omega_V,omega_Cl,b
1,18435.3,1,1,0.5,1,1,0.3
2,17149.1,1,1.96095,0.457998,1.02277,0.974679,0.452377
3,17672.1,1,2.24208,0.482255,1.04664,0.95,0.508638
4,17679.6,1,2.65693,0.521197,1.06933,0.925945,0.519484
5,17678.6,1,3.15905,0.566133,1.11281,0.9025,0.529751
6,17635.9,1,3.75718,0.621852,1.17305,0.879648,0.525046
7,17620.5,1,4.85801,0.699181,1.2352,0.857375,0.512492
8,17540.6,1,6.69708,0.774566,1.30484,0.835666,0.498598
9,17383.7,1,9.31227,0.861413,1.41021,0.814506,0.473668
10,16892.2,1,13.6122,0.963991,1.48726,0.793882,0.449985
11,16507.6,1,22.1706,1.06797,1.47849,0.773781,0.427486
12,16101.7,1,30.1454,1.15111,1.44106,0.754188,0.406112
13,15723.2,1,39.7135,1.24892,1.40457,0.735092,0.385806
14,15259.1,1,52.2593,1.26733,1.369,0.716479,0.366516
15,15026.7,1,59.5008,1.28357,1.33434,0.69924,0.34819
16,14785.4,1,66.1686,1.30479,1.30055,0.699818,0.33078
17,14456.7,1,71.092,1.28208,1.26762,0.682099,0.314241
18,14413.6,1,74.7555,1.27482,1.23553,0.681078,0.298529
19,14115.7,1,74.9045,1.27335,1.20424,0.673995,0.283603
20,13964,1,77.1827,1.2985,1.17375,0.671452,0.269423
21,13949.4,1,78.2338,1.29108,1.14403,0.67858,0.262654
22,13848.3,1,78.896,1.28406,1.11506,0.67405,0.257159
23,13661.2,1,77.957,1.31414,1.08683,0.675362,0.246165
24,13495,1,80.2118,1.33267,1.05931,0.659517,0.242158
25,13498.5,1,79.4678,1.35258,1.03249,0.685115,0.239712
26,13441.6,1,79.2071,1.36785,1.00634,0.705339,0.230295
27,13334.8,1,81.1883,1.37498,0.980863,0.695249,0.228313
28,13264.9,1,81.7613,1.35093,0.956027,0.678464,0.225225
29,13074.6,1,81.6368,1.37437,0.93182,0.692938,0.213964
30,13055.4,1,80.4869,1.41313,0.908226,0.710588,0.211598
31,12981.7,1,82.0669,1.40912,0.885229,0.716019,0.210419
32,12905.2,1,81.3374,1.42156,0.862814,0.70658,0.208648
33,12926.4,1,82.037,1.43903,0.840967,0.735706,0.207797
34,12935,1,80.6571,1.43614,0.819674,0.7421,0.207784
35,12915.4,1,81.8433,1.44604,0.802349,0.772421,0.204164
36,12920.8,1,81.0594,1.43751,0.782033,0.779325,0.206367
37,12826.2,1,81.3346,1.43923,0.767411,0.789162,0.199691
38,12835.7,1,80.0409,1.45102,0.760854,0.812188,0.197184
39,12797.7,1,78.7628,1.48171,0.748251,0.826474,0.194379
40,12825.4,1,79.7217,1.42879,0.736286,0.84227,0.194992
41,12749.1,1,79.3105,1.47864,0.721722,0.820943,0.196762
42,12649.4,1,81.268,1.5065,0.718667,0.800157,0.195881
43,12767.4,1,80.527,1.51346,0.710321,0.819061,0.200536
44,12788.3,1,82.2184,1.48419,0.714477,0.821308,0.203198
45,12902.3,1,83.1995,1.40587,0.697621,0.873726,0.202559
46,12821.6,1,85.8376,1.4383,0.694215,0.85454,0.201829
47,12856.8,1,86.2047,1.39986,0.705923,0.853817,0.203207
48,12913.6,1,83.7153,1.40611,0.709241,0.866681,0.202973
49,12894.6,1,84.1696,1.36612,0.725382,0.859119,0.198968
50,12973.8,1,81.2332,1.39889,0.721811,0.897449,0.199122
51,12939.8,1,82.3774,1.36528,0.713454,0.878565,0.201745
52,13025.9,1,82.0826,1.35068,0.723676,0.896573,0.200443
53,12982.1,1,82.4385,1.36492,0.716544,0.895215,0.201402
54,12908.9,1,81.388,1.38287,0.70878,0.882582,0.200122
55,12988.3,1,81.5375,1.40658,0.690833,0.894949,0.207096
56,12932.3,1,81.2532,1.40353,0.686084,0.877487,0.206235
57,12876,1,80.9053,1.41813,0.672333,0.863516,0.205581
58,12834.2,1,83.8174,1.43092,0.668698,0.858023,0.206061
59,12920.4,1,85.0965,1.40746,0.688033,0.846188,0.209387
60,12839.9,1,84.2148,1.42997,0.692344,0.854529,0.203373
61,12883.7,1,84.8431,1.43249,0.684884,0.860664,0.207441
62,12878.1,1,85.1789,1.44051,0.69184,0.853202,0.206337
63,12872.9,1,84.2027,1.45373,0.674322,0.844414,0.210895
64,12872.5,1,85.4557,1.42246,0.689438,0.85544,0.205647
65,12825.3,1,81.553,1.46116,0.678127,0.871571,0.20299
66,12817.3,1,80.5484,1.4581,0.681477,0.849502,0.203554
67,12864,1,81.8818,1.43147,0.698322,0.830181,0.205253
68,12861.4,1,84.453,1.40217,0.68064,0.859682,0.205146
69,12947.8,1,84.4908,1.39344,0.663406,0.888079,0.210949
70,12986.6,1,86.559,1.34099,0.676064,0.89217,0.208196
71,12995.4,1,86.1917,1.35808,0.671321,0.892595,0.209831
72,12998.3,1,84.1811,1.37802,0.673539,0.885607,0.212168
73,13017.8,1,86.3243,1.38528,0.670057,0.893697,0.21435
74,13006.7,1,83.8041,1.37213,0.65309,0.890777,0.217588
75,12959.3,1,85.8087,1.34895,0.658299,0.890899,0.212715
76,12970.3,1,85.115,1.32622,0.652716,0.895178,0.212425
77,12988.2,1,85.0562,1.35096,0.654943,0.896917,0.212283
78,12958.4,1,81.6279,1.41002,0.656033,0.891504,0.210441
79,12847.2,1,81.0053,1.4389,0.646872,0.875249,0.207792
80,12725.5,1,80.2088,1.46415,0.639591,0.874819,0.202233
81,12797.5,1,78.7988,1.47415,0.658782,0.895236,0.199397
82,12720.5,1,79.2024,1.46051,0.659294,0.872568,0.198669
83,12718.2,1,80.0078,1.45076,0.653929,0.877721,0.198653
84,12732.2,1,80.5704,1.45754,0.656618,0.882941,0.199561
85,12745.1,1,80.0291,1.48309,0.664087,0.884873,0.199107
86,12704.2,1,80.0755,1.49366,0.647272,0.864494,0.201777
87,12687.2,1,80.5456,1.48774,0.648349,0.865575,0.199021
88,12776.6,1,79.3015,1.46473,0.651085,0.892817,0.200429
89,12719.3,1,79.4848,1.47424,0.636879,0.893112,0.199683
90,12747.5,1,79.9253,1.49358,0.644424,0.88338,0.20173
91,12717,1,80.9542,1.48964,0.645131,0.869485,0.201092
92,12660.2,1,79.0175,1.49279,0.629982,0.887489,0.198396
93,12635,1,78.7856,1.48571,0.617496,0.887857,0.199572
94,12690.9,1,80.1153,1.47397,0.620112,0.876904,0.203953
95,12803.2,1,79.8086,1.5037,0.618339,0.898608,0.206996
96,12719.7,1,79.0202,1.52424,0.623583,0.894754,0.201753
97,12719.5,1,79.8842,1.52611,0.616471,0.891162,0.204843
98,12720,1,79.3844,1.53908,0.608562,0.888343,0.205114
99,12763.6,1,81.2566,1.49806,0.607499,0.907301,0.208271
100,12698,1,81.822,1.50612,0.603996,0.892293,0.206131
101,12747.6,1,83.2229,1.44912,0.598703,0.921893,0.205487
102,12705.9,1,83.4524,1.46597,0.601322,0.910595,0.204423
103,12681.7,1,83.6946,1.49498,0.60044,0.904579,0.204815
104,12685.1,1,82.6161,1.4843,0.6078,0.89929,0.203551
105,12675.5,1,83.4129,1.45133,0.612219,0.904377,0.201009
106,12681.2,1,82.6594,1.46676,0.599086,0.882121,0.205913
107,12650.4,1,83.0461,1.48286,0.59211,0.905106,0.202963
108,12738.8,1,81.6143,1.48278,0.598275,0.928172,0.203345
109,12668.8,1,79.7615,1.47825,0.586151,0.936264,0.200498
110,12609.9,1,79.4914,1.55691,0.57492,0.912558,0.202532
111,12560.1,1,80.0089,1.54016,0.585113,0.889451,0.202646
112,12603,1,78.5483,1.53688,0.591616,0.89216,0.201739
113,12603.8,1,78.8929,1.54141,0.595398,0.912892,0.197148
114,12547.6,1,79.4399,1.58787,0.583417,0.907215,0.198752
115,12629.6,1,78.2854,1.58972,0.593612,0.884244,0.204446
116,12746,1,77.111,1.55785,0.605826,0.874574,0.210065
117,12759,1,78.8311,1.53475,0.594134,0.899226,0.209666
118,12721.6,1,78.9104,1.53689,0.583109,0.90067,0.210937
119,12818.4,1,78.2544,1.50782,0.590032,0.909956,0.212703
120,12727.1,1,78.9873,1.52031,0.575092,0.901408,0.213126
121,12836.8,1,78.5661,1.51129,0.576102,0.886032,0.220882
122,12859.9,1,81.3424,1.49625,0.576263,0.899556,0.221409
123,12838.1,1,80.0819,1.49076,0.581448,0.913746,0.215902
124,12750.9,1,78.9456,1.49847,0.583518,0.898597,0.211424
125,12733.5,1,77.9099,1.53991,0.589212,0.890791,0.211327
126,12823.3,1,78.0383,1.58689,0.591248,0.873672,0.220467
127,12763.7,1,78.4203,1.54575,0.600446,0.875473,0.215739
128,12781.4,1,77.7276,1.52631,0.604405,0.889839,0.211745
129,12897.1,1,77.0781,1.47662,0.611528,0.916511,0.212733
130,12859.5,1,79.1165,1.46163,0.607016,0.912934,0.212698
131,12771.3,1,79.9647,1.51795,0.591646,0.915784,0.212307
132,12680.9,1,79.5001,1.5241,0.577638,0.904392,0.20897
133,12712.8,1,79.1769,1.53238,0.590685,0.886553,0.210631
134,12744.3,1,77.4637,1.54053,0.602236,0.864105,0.213094
135,12663.2,1,78.7845,1.56001,0.610583,0.843974,0.209618
136,12667.3,1,79.8671,1.5373,0.613431,0.85946,0.206775
137,12701.4,1,79.1262,1.48532,0.625524,0.88856,0.201553
138,12774.2,1,78.37,1.52773,0.625723,0.893078,0.205341
139,12720.7,1,80.3447,1.52234,0.619681,0.875913,0.206814
140,12735,1,79.7196,1.52689,0.613339,0.871747,0.209689
141,12763.1,1,78.7965,1.50291,0.634687,0.861507,0.206382
142,12614.1,1,81.1118,1.56992,0.618616,0.854483,0.207122
143,12680.6,1,80.3205,1.56541,0.609101,0.860885,0.208731
144,12695.2,1,77.9537,1.5922,0.600656,0.883112,0.2093
145,12721.3,1,79.6603,1.54247,0.585447,0.890861,0.211263
146,12801.7,1,77.2222,1.56158,0.583506,0.915134,0.213549
147,12830.5,1,76.4167,1.5336,0.602167,0.917107,0.2102
148,12729.9,1,77.2791,1.57572,0.607867,0.894947,0.207563
149,12776.2,1,78.5226,1.55464,0.618195,0.906249,0.206521
150,12737,1,76.942,1.59422,0.60403,0.885818,0.209078
151,12627.1,1,77.3977,1.58317,0.588735,0.88284,0.206767
152,12708.5,1,77.3958,1.56985,0.586714,0.887439,0.212332
153,12625.9,1,75.547,1.63004,0.571858,0.872203,0.21062
154,12675.4,1,75.9598,1.65455,0.562103,0.893692,0.214541
155,12728,1,77.0238,1.61721,0.556995,0.901052,0.217927
156,12726.6,1,76.3872,1.5861,0.557579,0.920799,0.212585
157,12568.6,1,77.6757,1.58254,0.561032,0.897484,0.206928
158,12594.8,1,77.3361,1.56399,0.555261,0.888816,0.208308
159,12636.6,1,78.6194,1.53246,0.559022,0.897986,0.211129
160,12805.5,1,79.6222,1.51615,0.58503,0.922629,0.212761
161,12738.5,1,81.0805,1.50804,0.591236,0.904376,0.210598
162,12679.8,1,81.2616,1.49834,0.592808,0.903004,0.207311
163,12761.1,1,79.7746,1.50659,0.58858,0.929558,0.207985
164,12714,1,81.1838,1.50569,0.591858,0.917665,0.206528
165,12860.4,1,80.6067,1.45997,0.605359,0.906536,0.212995
166,12704.9,1,80.5014,1.53149,0.592169,0.884565,0.209728
167,12795.2,1,79.9276,1.51057,0.59102,0.87647,0.217318
168,12870,1,79.2264,1.51659,0.578014,0.897929,0.222211
169,12856.1,1,80.8893,1.50687,0.576824,0.898088,0.221617
170,12862.9,1,79.4255,1.49383,0.586225,0.911743,0.216707
171,12882.6,1,78.0735,1.54208,0.59086,0.892461,0.220498
172,12812.6,1,78.677,1.52929,0.58679,0.893611,0.216564
173,12794,1,78.9138,1.51879,0.603328,0.908559,0.208303
174,12703.1,1,80.0903,1.55689,0.588051,0.90378,0.208807
175,12778.4,1,80.6905,1.48965,0.57812,0.900456,0.214199
176,12803.5,1,78.2626,1.52549,0.581526,0.92663,0.212179
177,12786.2,1,79.2665,1.49098,0.569225,0.964945,0.208482
178,12816.5,1,80.8434,1.47173,0.557925,0.969242,0.211761
179,12807.7,1,82.0075,1.40895,0.573481,0.967833,0.208714
180,12753.2,1,81.8966,1.42216,0.577259,0.945236,0.206006
181,12665.5,1,80.9428,1.48628,0.566574,0.928208,0.206167
182,12597.3,1,79.4172,1.53472,0.579394,0.914324,0.201927
183,12560.6,1,79.5005,1.5474,0.585814,0.90854,0.199878
184,12624.1,1,79.5154,1.5366,0.58126,0.910366,0.203458
185,12590.3,1,79.9376,1.54378,0.58338,0.888873,0.204121
186,12670.5,1,80.0694,1.56141,0.588909,0.869222,0.209689
187,12645.5,1,81.2871,1.54582,0.588921,0.873209,0.208011
188,12849.3,1,81.5114,1.50467,0.612183,0.892464,0.21381
189,12825.1,1,82.007,1.45107,0.604323,0.905587,0.211166
190,12759.5,1,82.9962,1.42975,0.590577,0.928225,0.207651
191,12648.6,1,81.1649,1.47812,0.589125,0.904722,0.204716
192,12630.3,1,79.6285,1.48674,0.589193,0.900329,0.201999
193,12665.1,1,79.6618,1.50153,0.60766,0.903035,0.200262
194,12624.9,1,79.5204,1.50262,0.599311,0.911991,0.19871
195,12505.2,1,77.0252,1.58156,0.588301,0.894032,0.196906
196,12629.1,1,77.0403,1.57831,0.586686,0.895149,0.204491
197,12754.3,1,77.8306,1.56798,0.602374,0.875848,0.211748
198,12771.3,1,76.5083,1.54736,0.608218,0.903155,0.20841
199,12789.6,1,77.6536,1.55268,0.613625,0.904647,0.207838
200,12789.6,1,79.1483,1.55031,0.619456,0.908411,0.208308
201,12844.5,1,79.9427,1.51361,0.624951,0.903886,0.208298
202,12872.6,1,77.7915,1.52551,0.621339,0.890309,0.21296
203,12844.2,1,77.5967,1.52547,0.626129,0.883109,0.210089
204,12699.6,1,78.6905,1.5127,0.610275,0.894909,0.204338
205,12731,1,79.0867,1.5172,0.603094,0.905894,0.205936
206,12690.8,1,78.4782,1.50584,0.611097,0.882957,0.204694
207,12665.4,1,78.8394,1.53317,0.606291,0.875204,0.205332
208,12754.9,1,80.6477,1.52853,0.615873,0.886699,0.209166
209,12731.8,1,80.846,1.51271,0.620197,0.878219,0.206138
210,12841.6,1,82.5624,1.43324,0.624655,0.883544,0.210489
211,12806.5,1,83.0603,1.46204,0.623977,0.885931,0.210323
212,12830.4,1,82.6302,1.48852,0.629518,0.878924,0.210952
213,12859.7,1,81.3964,1.47168,0.619681,0.898637,0.211129
214,12721.1,1,81.8219,1.51247,0.60399,0.890868,0.209513
215,12708,1,81.2232,1.51928,0.609801,0.882781,0.206949
216,12716.2,1,81.4356,1.50053,0.62551,0.901368,0.202187
217,12665.8,1,81.8535,1.49921,0.609672,0.87887,0.204976
218,12727.4,1,78.9511,1.50684,0.61448,0.858982,0.20817
219,12717.2,1,80.4057,1.51158,0.613577,0.860662,0.209864
220,12835.9,1,81.4927,1.47415,0.631611,0.878749,0.21108
221,12827.8,1,80.8905,1.46244,0.623556,0.884305,0.210505
222,12826.6,1,82.0624,1.44414,0.633372,0.900367,0.20695
223,12835.7,1,82.0392,1.46523,0.634548,0.897553,0.208948
224,12805.9,1,80.9183,1.49994,0.63492,0.881814,0.208363
225,12813.7,1,78.9222,1.53906,0.618898,0.884957,0.211831
226,12802.1,1,80.8447,1.5075,0.622777,0.899276,0.207395
227,12656.6,1,79.8758,1.51918,0.623764,0.876506,0.201857
228,12701,1,78.7514,1.55302,0.627987,0.863175,0.206169
229,12668.4,1,78.78,1.56585,0.612086,0.867557,0.206706
230,12593,1,79.1638,1.53859,0.610149,0.867581,0.200835
231,12702,1,79.6343,1.51124,0.619673,0.910128,0.199719
232,12638.8,1,79.8621,1.49337,0.606097,0.893372,0.20116
233,12656.1,1,81.0703,1.48476,0.592432,0.894505,0.204559
234,12620.1,1,81.0553,1.50824,0.578155,0.915362,0.203201
235,12625.9,1,78.5054,1.527,0.56451,0.919773,0.203543
236,12566.8,1,79.7689,1.51672,0.564555,0.908664,0.202686
237,12633.8,1,82.1755,1.4914,0.572707,0.931767,0.203997
238,12591.7,1,83.0378,1.50061,0.584094,0.921647,0.201269
239,12704,1,82.4538,1.46756,0.582524,0.911682,0.207264
240,12742.7,1,82.2305,1.51315,0.585679,0.93151,0.207247
241,12673.1,1,80.2536,1.49587,0.584555,0.920416,0.203318
242,12728.2,1,81.754,1.46042,0.593578,0.910253,0.206877
243,12773.4,1,83.1119,1.46124,0.600832,0.898489,0.211036
244,12802.5,2,83.4127,1.46294,0.587012,0.89133,0.215851
245,12834.6,2,83.3765,1.46745,0.572148,0.884458,0.222116
246,12798.9,2,83.9782,1.46102,0.591367,0.901735,0.214448
247,12694.3,2,83.4163,1.50784,0.589646,0.888391,0.210429
248,12804.5,2,82.1222,1.46313,0.597854,0.910278,0.210211
249,12830.9,2,81.7519,1.45642,0.592154,0.913425,0.212933
250,12792.5,2,80.4258,1.47955,0.598532,0.901392,0.212231
251,12791.9,2,80.9516,1.50714,0.598216,0.89388,0.213111
252,12787.9,2,80.143,1.50757,0.61111,0.880174,0.211957
253,12743.8,2,78.7621,1.51027,0.606137,0.889584,0.207309
254,12686.6,2,79.4623,1.49795,0.593527,0.902097,0.205471
255,12743,2,80.7674,1.49614,0.586147,0.904063,0.207959
256,12716.1,2,81.1478,1.46888,0.582304,0.925405,0.206217
257,12710.4,2,81.5944,1.48969,0.591211,0.918529,0.207508
258,12682,2,80.9885,1.49688,0.582394,0.930134,0.205819
259,12670.2,2,80.6107,1.47279,0.582646,0.929794,0.203129
260,12612.3,2,80.3427,1.49501,0.58824,0.912826,0.202567
261,12653,2,79.0794,1.51424,0.595463,0.91061,0.201471
262,12796.5,2,79.4255,1.47274,0.60366,0.921668,0.202656
263,12662.4,2,79.4729,1.4904,0.608223,0.914432,0.201415
264,12727.3,2,78.9918,1.4977,0.614112,0.910006,0.201226
265,12645.3,2,78.9893,1.50259,0.616515,0.904753,0.199413
266,12699.3,2,79.0935,1.50583,0.621944,0.893913,0.200769
267,12692.6,2,78.6399,1.49766,0.622389,0.900017,0.199775
268,12688.4,2,78.9257,1.50478,0.619819,0.893691,0.201133
269,12716.5,2,79.1303,1.49463,0.616731,0.900821,0.200557
270,12770.1,2,79.1067,1.48227,0.615596,0.903983,0.201168
271,12825.1,2,79.5987,1.48481,0.617732,0.903504,0.203399
272,12788.2,2,79.5488,1.48618,0.615315,0.902313,0.204885
273,12767.6,2,79.5563,1.49674,0.610826,0.902709,0.206347
274,12805.9,2,79.6975,1.49771,0.611252,0.899838,0.20736
275,12734.2,2,79.6216,1.50929,0.609234,0.899068,0.207479
276,12727.9,2,80.0916,1.50367,0.605977,0.897335,0.207512
277,12710.5,2,80.2055,1.50925,0.608802,0.894219,0.206741
278,12698.9,2,80.2971,1.50333,0.607632,0.893237,0.206373
279,12764.8,2,80.3702,1.4973,0.608708,0.894606,0.206216
280,12784.5,2,80.192,1.49594,0.609531,0.893608,0.206621
281,12768.6,2,80.0937,1.5005,0.60928,0.893568,0.20697
282,12687.7,2,80.056,1.50772,0.607251,0.892552,0.206964
283,12625.3,2,80.2139,1.51235,0.60529,0.891101,0.206676
284,12679.8,2,80.3556,1.5095,0.602814,0.895586,0.206228
285,12813,2,80.499,1.5057,0.601936,0.899374,0.207049
286,12742.6,2,80.6233,1.50696,0.602013,0.898833,0.207357
287,12754.4,2,80.7167,1.50662,0.60114,0.899502,0.207449
288,12708.8,2,80.7095,1.5055,0.600601,0.900619,0.207253
289,12756.3,2,80.6998,1.50802,0.600891,0.8998,0.207659
290,12711.5,2,80.7363,1.50737,0.600768,0.899452,0.207674
291,12689.9,2,80.6198,1.51082,0.60006,0.89814,0.20792
292,12660.7,2,80.7502,1.51127,0.599987,0.897902,0.207707
293,12640.3,2,80.8454,1.51056,0.598335,0.898208,0.207665
294,12756.6,2,80.7934,1.50689,0.598316,0.898682,0.207625
295,12778.5,2,80.7823,1.50693,0.598542,0.898556,0.207655
296,12635.4,2,80.7364,1.50794,0.598754,0.898212,0.207509
297,12852.1,2,80.695,1.50815,0.599101,0.898177,0.207578
298,12778.3,2,80.6844,1.50846,0.599213,0.897997,0.207632
299,12718.8,2,80.6604,1.50877,0.59932,0.897954,0.207611
300,12802.2,2,80.6253,1.50875,0.599249,0.898238,0.207637
301,12815.4,2,80.6157,1.50871,0.599518,0.898396,0.207654
302,12826.4,2,80.6133,1.50842,0.599702,0.898463,0.207712
303,12784.3,2,80.6116,1.50866,0.599809,0.898324,0.207756
304,12630,2,80.5991,1.50959,0.599745,0.89829,0.207686
305,12691,2,80.5915,1.51004,0.599485,0.898593,0.207683
306,12755.6,2,80.5945,1.50989,0.599131,0.899036,0.207721
307,12677.2,2,80.5987,1.50967,0.598616,0.899405,0.207706
308,12856.7,2,80.5986,1.50959,0.59868,0.89966,0.207771
309,12701.5,2,80.5957,1.50963,0.598713,0.899624,0.207744
310,12708.1,2,80.5763,1.50997,0.598615,0.899814,0.207722
311,12691.9,2,80.5738,1.5105,0.598568,0.899771,0.207759
312,12866,2,80.562,1.51076,0.598558,0.899656,0.207914
313,12735.2,2,80.5559,1.51011,0.598614,0.899739,0.207878
314,12708.9,2,80.5259,1.51034,0.598545,0.899769,0.207875
315,12665.8,2,80.4998,1.51038,0.59846,0.899838,0.207816
316,12806.8,2,80.4889,1.50994,0.598655,0.900036,0.20781
317,12702.6,2,80.4673,1.51025,0.598735,0.900031,0.207766
318,12680.9,2,80.4515,1.51091,0.598553,0.900035,0.207758
319,12656.2,2,80.436,1.5114,0.598515,0.899808,0.207746
320,12761.6,2,80.4271,1.51077,0.598377,0.899916,0.207792
321,12668,2,80.4158,1.51024,0.598153,0.900089,0.207757
322,12815.7,2,80.4466,1.50988,0.598222,0.900357,0.207777
323,12794.6,2,80.4825,1.50916,0.598169,0.900689,0.207806
324,12777.3,2,80.4963,1.50848,0.598341,0.90049,0.207835
325,12744.8,2,80.4911,1.50822,0.598353,0.900417,0.207831
326,12698.7,2,80.4917,1.50804,0.598253,0.900576,0.207807
327,12633.7,2,80.4954,1.5084,0.598215,0.900552,0.207783
328,12729.4,2,80.4736,1.50863,0.598223,0.900375,0.207814
329,12673,2,80.4567,1.50912,0.598129,0.899994,0.207851
330,12743.9,2,80.4265,1.50922,0.598157,0.899949,0.207849
331,12883.5,2,80.4123,1.50889,0.598142,0.900226,0.207917
332,12815.5,2,80.3978,1.50851,0.598283,0.90049,0.207897
