id,importanceSampling
1,6.666156
2,10.979893
3,7.435253
4,14.752356
5,15.251248
6,6.805584
7,8.070122
8,8.926809
9,5.798680
10,17.201342
11,15.449474
12,5.216186
13,6.346184
14,9.304487
15,15.075800
16,11.621208
17,13.447762
18,12.882305
19,12.573384
20,7.103924
21,13.688121
22,8.054178
23,7.526938
24,6.624261
25,6.830677
26,7.101028
27,6.676989
28,14.127697
29,5.711175
30,15.789403
31,6.833098
32,7.267149
33,5.654762
34,6.991889
35,11.774256
36,6.852821
37,16.706120
38,6.529951
39,8.556433
40,22.322986
41,13.543167
42,6.796812
43,25.757556
44,8.595173
45,6.477296
46,7.695440
47,9.543935
48,6.167328
49,12.362850
50,6.065388
51,13.787816
52,7.322881
53,23.136966
54,23.726274
55,7.057564
56,5.475786
57,14.294089
58,12.151051
59,6.776853
60,5.188343
61,11.195129
62,6.848476
63,15.553537
64,8.106985
65,7.249023
66,14.085322
67,10.056172
68,17.546829
69,12.474421
70,12.151953
71,6.792906
72,22.397460
73,6.629270
74,6.271041
75,20.732784
76,21.935848
77,6.632488
78,6.469449
79,7.494695
80,23.587722
81,13.228128
82,5.285386
83,5.696855
84,20.556926
85,6.610587
86,6.468134
87,13.761865
88,14.323596
89,7.413609
90,7.342100
91,15.790826
92,6.843439
93,11.602185
94,6.363147
95,6.949012
96,21.039877
97,5.937664
98,7.310077
99,5.445559
100,11.337220
101,11.300282
102,20.785852
103,23.468615
104,17.983167
105,16.960707
106,12.504378
107,11.622493
108,6.676594
109,6.003272
110,9.120677
111,12.703089
112,13.315700
113,14.800442
114,4.966269
115,16.287113
116,7.384703
117,6.885921
118,8.141696
119,11.708985
120,6.975273
121,11.925493
122,6.372817
123,19.111001
124,5.055723
125,13.840254
126,7.037287
127,8.475469
128,4.877099
129,12.663481
130,6.608396
131,19.855364
132,7.467550
133,7.722865
134,12.735344
135,12.250064
136,9.358283
137,6.495958
138,10.090214
139,20.611071
140,6.438970
141,17.304006
142,18.032093
143,17.879910
144,13.563273
145,6.982583
146,23.599427
147,20.099786
148,11.667548
149,7.604388
150,15.340239
151,18.447252
152,15.620963
153,15.964852
154,9.234485
155,7.237590
156,10.786956
157,15.330138
158,10.731611
159,8.761135
160,7.246394
161,14.654316
162,6.428728
163,7.508910
164,6.349571
165,8.832523
166,6.955092
167,10.774019
168,6.312823
169,5.532453
170,13.240513
171,6.252274
172,10.452165
173,8.697391
174,7.797465
175,6.088890
176,11.322799
177,5.325912
178,6.446923
179,12.131040
180,13.804210
181,9.187415
182,6.585234
183,7.873604
184,12.058986
185,6.846296
186,7.028534
187,6.421144
188,7.136030
189,7.001885
190,7.793618
191,20.294727
192,15.511782
193,6.760028
194,4.958531
195,9.892495
196,13.378294
197,5.126109
198,17.631045
199,6.060070
200,6.480214
201,7.222671
202,6.642427
203,6.212448
204,14.314981
205,14.702643
206,5.645169
207,14.769328
208,6.286882
209,7.640456
210,11.363352
211,18.330958
212,13.046126
213,7.911021
214,11.916871
215,7.878392
216,13.993564
217,14.807768
218,15.301833
219,7.052546
220,9.745652
221,13.996568
222,5.391279
223,6.115374
224,5.984809
225,19.219079
226,6.648963
227,9.582003
228,7.833090
229,5.814181
230,5.515317
231,7.392246
232,18.593702
233,13.939407
234,5.331067
235,8.384540
236,12.029480
237,19.456648
238,23.287279
239,16.686678
240,12.175675
241,7.503607
242,5.822752
243,7.674177
244,18.970591
245,8.120515
246,9.852842
247,6.173874
248,12.475610
249,19.520262
250,6.151088
251,7.021096
252,8.110294
253,7.083041
254,6.206549
255,13.341166
256,7.256999
257,19.660793
258,6.318324
259,15.396931
260,10.258039
261,19.024815
262,18.844346
263,6.841033
264,13.896329
265,7.847821
266,16.341384
267,5.248350
268,7.033299
269,6.560252
270,6.983883
271,9.214274
272,12.428833
273,19.410488
274,6.201917
275,6.700321
276,22.221795
277,11.540543
278,8.341797
279,7.710305
280,6.752526
281,6.039488
282,18.995659
283,13.695643
284,7.122447
285,6.831825
286,12.482787
287,5.993396
288,13.145637
289,17.883571
290,13.853049
291,25.484651
292,27.373815
293,6.695906
294,7.994538
295,6.869151
296,11.730080
297,5.318515
298,7.955307
299,7.421948
300,10.752048
301,20.000918
302,5.726865
303,14.989613
304,15.412392
305,33.442240
306,11.066514
307,7.671520
308,24.835183
309,19.603241
310,12.100508
311,14.361023
312,5.551342
313,10.676144
314,13.424935
315,6.383821
316,5.500122
317,16.273991
318,14.371907
319,14.248990
320,18.035271
321,22.796382
322,9.205973
323,13.227333
324,14.073211
325,25.426618
326,4.901919
327,5.854741
328,12.830313
329,12.054488
330,17.499440
331,14.572905
332,13.534962
333,6.353111
334,6.250911
335,9.066522
336,7.913812
337,9.174363
338,5.601720
339,5.819663
340,19.236169
341,12.294921
342,6.135596
343,5.902507
344,5.836797
345,5.144323
346,7.707927
347,5.696446
348,6.625220
349,22.537226
350,6.170892
351,4.974211
352,7.694780
353,5.058157
354,7.286255
355,5.530464
356,9.469643
357,9.254552
358,6.114347
359,15.381867
360,13.289759
361,26.251968
362,14.865951
363,7.417878
364,5.587802
365,30.978766
366,6.155536
367,12.615661
368,7.210346
369,8.648796
370,13.829454
371,12.643767
372,7.433730
373,13.782897
374,6.275335
375,9.273430
376,6.756423
377,8.265582
378,12.756610
379,5.608547
380,7.067865
381,15.177310
382,7.037660
383,7.923644
384,15.494860
385,16.841134
386,7.563153
387,7.044941
388,5.564809
389,12.496070
390,5.230726
391,6.676060
392,19.146553
393,20.049420
394,13.518888
395,12.898956
396,7.951226
397,7.243361
398,5.477661
399,6.787920
400,5.700751
401,8.129189
402,15.663351
403,6.555191
404,15.223294
405,16.114373
406,5.804911
407,16.950990
408,6.002611
409,6.594714
410,6.931371
411,6.686238
412,6.219676
413,7.257399
414,13.359132
415,7.857282
416,8.083438
417,7.412957
418,14.009035
419,16.682206
420,6.059051
421,5.160334
422,12.324360
423,19.835792
424,19.117810
425,19.198128
426,6.239190
427,22.475531
428,5.892156
429,6.338800
430,5.310898
431,6.923045
432,12.749062
433,15.333084
434,8.782097
435,13.528109
436,28.242263
437,5.517189
438,14.131381
439,13.245936
440,12.788147
441,13.789533
442,7.181061
443,7.912229
444,8.140405
445,11.560211
446,7.061058
447,6.957581
448,20.023039
449,6.094292
450,7.022575
451,21.358549
452,7.238946
453,13.493092
454,7.289015
455,11.858661
456,14.870755
457,18.451288
458,6.180984
459,7.620255
460,7.099361
461,11.012141
462,13.151811
463,18.829004
464,13.863453
465,6.555197
466,6.203474
467,14.326447
468,16.506966
469,15.229348
470,13.405320
471,6.779659
472,14.455508
473,18.613006
474,7.810137
475,18.094450
476,7.725288
477,6.704770
478,8.428201
479,10.165339
480,13.311191
481,7.001921
482,6.874200
483,14.498522
484,7.208803
485,5.873481
486,15.271474
487,6.955096
488,14.083753
489,6.146118
490,13.640695
491,7.798429
492,11.260554
493,12.876887
494,6.035513
495,14.267522
496,11.855681
497,6.380522
498,8.360325
499,12.584489
500,6.941316
501,24.595528
502,14.586899
503,20.161839
504,9.550477
505,7.007973
506,22.669262
507,6.581082
508,10.242413
509,5.875366
510,6.844224
511,17.172552
512,7.522453
513,37.217010
514,12.137200
515,6.651947
516,13.635743
517,14.348406
518,12.887339
519,13.425559
520,6.655179
521,8.537049
522,12.643292
523,11.103202
524,6.720132
525,7.239288
526,18.588031
527,6.319662
528,6.582863
529,6.196632
530,6.223933
531,7.492810
532,6.342672
533,16.907131
534,5.780274
535,12.561538
536,15.916115
537,5.472825
538,17.635647
539,17.206735
540,8.149030
541,7.601977
542,12.248374
543,7.306860
544,11.364186
545,17.213376
546,7.447989
547,55.488199
548,10.667723
549,18.176431
550,8.645449
551,12.947405
552,6.974445
553,20.118827
554,17.555988
555,14.219741
556,6.210492
557,8.897017
558,11.621303
559,47.125773
560,10.081691
561,8.961118
562,14.636837
563,7.226941
564,5.848679
565,13.258986
566,5.733151
567,13.550450
568,6.446909
569,5.973130
570,6.863236
571,18.466426
572,8.077144
573,14.964837
574,6.511175
575,7.748627
576,6.756166
577,18.191451
578,6.306675
579,6.977167
580,7.080705
581,5.088712
582,5.341905
583,21.111619
584,8.417307
585,14.588788
586,5.612969
587,6.196783
588,8.260291
589,6.191306
590,13.452628
591,6.849036
592,5.699786
593,6.484038
594,6.588891
595,5.145229
596,18.705275
597,7.758784
598,8.369650
599,9.046654
600,9.060407
601,6.594457
602,13.197318
603,7.041571
604,10.803690
605,6.573995
606,6.705806
607,21.925154
608,6.931957
609,16.431696
610,19.027107
611,7.895072
612,12.461845
613,10.144583
614,7.103083
615,7.106363
616,15.252562
617,7.612705
618,14.867893
619,14.659810
620,7.853247
621,17.870334
622,5.356385
623,13.617995
624,5.919561
625,26.723668
626,6.072056
627,6.177789
628,5.856439
629,15.068238
630,4.798125
631,7.121795
632,19.979649
633,11.768360
634,14.995055
635,5.918193
636,6.648235
637,10.138169
638,10.718254
639,6.707365
640,20.442306
641,7.428546
642,8.391660
643,7.380478
644,15.090274
645,13.650786
646,6.012634
647,12.538225
648,10.291802
649,8.864149
650,11.118180
651,7.778928
652,15.021817
653,7.222840
654,13.202397
655,10.060761
656,4.867942
657,6.267770
658,7.520419
659,6.348203
660,6.149917
661,18.413669
662,6.748259
663,5.122774
664,12.203412
665,8.526050
666,6.843981
667,4.945027
668,14.027152
669,13.545837
670,11.539199
671,7.694900
672,8.923879
673,13.127756
674,5.866209
675,15.696756
676,6.706428
677,7.247513
678,7.523490
679,9.368745
680,8.907169
681,12.729186
682,15.591104
683,11.948787
684,8.484443
685,6.109753
686,6.068850
687,13.803398
688,16.480073
689,22.229991
690,7.341864
691,6.748883
692,6.133850
693,6.346645
694,13.385117
695,18.852646
696,7.138293
697,6.414446
698,14.047170
699,7.607646
700,34.208683
701,15.322375
702,5.934511
703,4.855483
704,14.615957
705,7.959949
706,7.263534
707,14.984346
708,8.880291
709,6.783248
710,13.690541
711,7.576255
712,6.908860
713,19.602488
714,8.037440
715,36.269673
716,6.700077
717,6.354590
718,16.325602
719,5.589586
720,18.881487
721,10.881689
722,8.665011
723,9.313001
724,15.126430
725,7.989022
726,6.778133
727,8.504184
728,21.717378
729,6.896914
730,14.080491
731,5.248355
732,6.073144
733,8.841776
734,14.446953
735,17.787187
736,13.506691
737,6.879148
738,7.214963
739,5.541212
740,18.771650
741,4.930839
742,6.569104
743,33.930044
744,6.269381
745,17.761653
746,13.537638
747,6.013962
748,12.692823
749,6.342466
750,23.820796
751,10.710724
752,7.222343
753,13.903330
754,16.856411
755,41.387233
756,6.387126
757,7.224764
758,9.947018
759,6.832063
760,7.275239
761,7.142684
762,5.104391
763,6.601694
764,13.639945
765,16.874705
766,14.329837
767,15.856982
768,14.284739
769,20.774081
770,6.103273
771,14.283472
772,10.190003
773,19.709420
774,6.922747
775,8.111819
776,6.101557
777,8.683220
778,7.067261
779,6.200580
780,20.687316
781,6.579223
782,6.611774
783,7.431318
784,19.879281
785,14.805450
786,6.736580
787,7.069591
788,15.662388
789,8.533735
790,6.789591
791,28.038539
792,7.495707
793,7.311106
794,6.733184
795,34.264741
796,8.778062
797,6.237844
798,6.261316
799,10.818598
800,7.604676
801,15.808685
802,13.119964
803,14.034134
804,5.383335
805,40.199544
806,8.491641
807,6.922007
808,6.671203
809,6.935439
810,7.642142
811,6.127952
812,16.772123
813,7.006399
814,14.127939
815,7.916991
816,8.305950
817,7.072900
818,5.692550
819,11.815252
820,8.011875
821,12.218442
822,7.342675
823,49.413495
824,5.631705
825,6.937937
826,6.600755
827,13.607888
828,7.196538
829,7.899581
830,7.030799
831,23.384682
832,5.887078
833,5.545339
834,10.400378
835,6.982876
836,6.953837
837,9.752966
838,5.624491
839,5.970252
840,7.355704
841,7.287732
842,6.519389
843,19.638969
844,6.923355
845,11.332654
846,6.781701
847,5.617472
848,7.440931
849,11.761949
850,12.481973
851,6.913137
852,14.430246
853,6.628212
854,17.272462
855,26.400980
856,19.166072
857,16.299063
858,8.972147
859,28.533320
860,16.944036
861,5.029481
862,7.526017
863,6.105757
864,14.320472
865,7.034356
866,14.811072
867,10.356116
868,9.125971
869,6.781704
870,8.634410
871,8.043710
872,11.997743
873,16.172154
874,13.257890
875,16.823339
876,17.587886
877,13.593395
878,13.759946
879,7.990621
880,7.796582
881,6.113938
882,22.098791
883,13.888641
884,14.604261
885,14.383793
886,18.066055
887,23.158859
888,15.664692
889,5.945114
890,6.502678
891,6.717742
892,17.399500
893,17.018145
894,7.050250
895,17.649470
896,13.679610
897,7.119420
898,22.942613
899,8.417298
900,12.194827
901,13.278032
902,8.060041
903,6.571484
904,15.270885
905,7.489616
906,12.317181
907,5.313440
908,13.129064
909,18.639550
910,6.979001
911,6.222011
912,16.470653
913,7.341988
914,7.283271
915,11.704131
916,7.659572
917,6.362969
918,11.741373
919,7.202185
920,12.437373
921,5.219725
922,9.577998
923,6.788296
924,14.598957
925,5.496565
926,6.683867
927,6.846910
928,5.837364
929,13.198263
930,13.135637
931,13.128150
932,12.285190
933,11.892760
934,14.511954
935,6.754919
936,11.664948
937,6.456887
938,14.324872
939,13.476531
940,21.547587
941,27.486398
942,7.297449
943,7.936241
944,15.226010
945,7.593118
946,12.835026
947,9.497603
948,14.270004
949,7.917546
950,7.180921
951,6.023381
952,7.382501
953,13.562980
954,8.694218
955,13.144997
956,9.476801
957,7.761378
958,14.152650
959,7.587121
960,7.034226
961,13.860226
962,20.132325
963,11.754170
964,14.199868
965,5.398886
966,20.161156
967,13.203505
968,18.207763
969,6.154020
970,6.006426
971,14.745594
972,5.615144
973,14.349680
974,10.540492
975,6.652361
976,6.936183
977,15.763119
978,8.573327
979,6.576150
980,15.053382
981,8.022034
982,7.341976
983,13.444719
984,20.267757
985,12.270492
986,13.585857
987,7.787687
988,14.722650
989,12.413159
990,6.316383
991,13.195968
992,5.622226
993,14.202963
994,12.921098
995,7.188414
996,7.086532
997,13.970654
998,13.482440
999,11.209134
1000,5.469900
1001,12.406140
1002,12.793766
1003,10.113738
1004,5.846392
