pwRes_abscissa,pwRes_cdf,iwRes_abscissa,iwRes_cdf,npde_abscissa,npde_cdf,split
-4,0,-4.12914,0.000634115,-4,0,All
-1.88792,0.000634115,-3.64127,0.00126823,-3.31385,0.000634115,All
-1.50133,0.00126823,-3.0339,0.00190235,-2.38328,0.00126823,All
-1.49564,0.00190235,-3.02443,0.00253646,-2.27418,0.00190235,All
-1.44876,0.00253646,-2.9875,0.00317058,-2.26675,0.00253646,All
-1.44054,0.00317058,-2.96396,0.00380469,-2.19133,0.00317058,All
-1.43412,0.00380469,-2.87616,0.00443881,-2.18651,0.00380469,All
-1.42581,0.00443881,-2.65469,0.00507292,-2.17118,0.00443881,All
-1.41525,0.00507292,-2.61954,0.00570704,-2.1436,0.00507292,All
-1.3879,0.00570704,-2.53797,0.00634115,-2.09231,0.00570704,All
-1.38169,0.00634115,-2.34668,0.00697527,-1.99174,0.00634115,All
-1.37385,0.00697527,-2.25092,0.00760938,-1.96566,0.00697527,All
-1.36887,0.00760938,-2.2498,0.0082435,-1.92711,0.00760938,All
-1.35817,0.0082435,-2.19352,0.00887762,-1.92109,0.0082435,All
-1.34432,0.00887762,-1.97187,0.00951173,-1.91429,0.00887762,All
-1.33903,0.00951173,-1.90345,0.0101458,-1.87729,0.00951173,All
-1.33132,0.0101458,-1.81965,0.01078,-1.83488,0.0101458,All
-1.33098,0.01078,-1.76189,0.0114141,-1.83404,0.01078,All
-1.31883,0.0114141,-1.74133,0.0120482,-1.81467,0.0114141,All
-1.3188,0.0120482,-1.73657,0.0126823,-1.80588,0.0120482,All
-1.31475,0.0126823,-1.7087,0.0133164,-1.80372,0.0126823,All
-1.31036,0.0133164,-1.70843,0.0139505,-1.80154,0.0133164,All
-1.30496,0.0139505,-1.70569,0.0145847,-1.79175,0.0139505,All
-1.30239,0.0145847,-1.69346,0.0152188,-1.78784,0.0145847,All
-1.29781,0.0152188,-1.66592,0.0158529,-1.77291,0.0152188,All
-1.29499,0.0158529,-1.63541,0.016487,-1.76485,0.0158529,All
-1.29196,0.016487,-1.60858,0.0171211,-1.75859,0.016487,All
-1.287,0.0171211,-1.58973,0.0177552,-1.73893,0.0171211,All
-1.2841,0.0177552,-1.53775,0.0183893,-1.72627,0.0177552,All
-1.28385,0.0183893,-1.51698,0.0190235,-1.70842,0.0183893,All
-1.27744,0.0190235,-1.49841,0.0196576,-1.70633,0.0190235,All
-1.27674,0.0196576,-1.45299,0.0202917,-1.69904,0.0196576,All
-1.27464,0.0202917,-1.40061,0.0209258,-1.69251,0.0202917,All
-1.27034,0.0209258,-1.37683,0.0215599,-1.6877,0.0209258,All
-1.26847,0.0215599,-1.3604,0.022194,-1.68741,0.0215599,All
-1.26582,0.022194,-1.33635,0.0228282,-1.67831,0.022194,All
-1.2589,0.0228282,-1.33322,0.0234623,-1.67321,0.0228282,All
-1.25576,0.0234623,-1.31523,0.0240964,-1.66935,0.0234623,All
-1.25353,0.0240964,-1.28914,0.0247305,-1.65972,0.0240964,All
-1.25209,0.0247305,-1.2641,0.0253646,-1.65698,0.0247305,All
-1.24687,0.0253646,-1.26315,0.0259987,-1.64755,0.0253646,All
-1.23978,0.0259987,-1.25377,0.0266328,-1.64385,0.0259987,All
-1.23749,0.0266328,-1.25169,0.027267,-1.63791,0.0266328,All
-1.23666,0.027267,-1.24196,0.0279011,-1.63323,0.027267,All
-1.23182,0.0279011,-1.2403,0.0285352,-1.6304,0.0279011,All
-1.22433,0.0285352,-1.21456,0.0291693,-1.62745,0.0285352,All
-1.22382,0.0291693,-1.20928,0.0298034,-1.62134,0.0291693,All
-1.21885,0.0298034,-1.2069,0.0304375,-1.62004,0.0298034,All
-1.21158,0.0304375,-1.20638,0.0310717,-1.60323,0.0304375,All
-1.20824,0.0310717,-1.15802,0.0317058,-1.59696,0.0310717,All
-1.2061,0.0317058,-1.15504,0.0323399,-1.58534,0.0317058,All
-1.20485,0.0323399,-1.15199,0.032974,-1.57964,0.0323399,All
-1.20351,0.032974,-1.14058,0.0336081,-1.576,0.032974,All
-1.20172,0.0336081,-1.09907,0.0342422,-1.55753,0.0336081,All
-1.19434,0.0342422,-1.09519,0.0348763,-1.55603,0.0342422,All
-1.19286,0.0348763,-1.08116,0.0355105,-1.55021,0.0348763,All
-1.19259,0.0355105,-1.0751,0.0361446,-1.54325,0.0355105,All
-1.19184,0.0361446,-1.05916,0.0367787,-1.53713,0.0361446,All
-1.19139,0.0367787,-1.04389,0.0374128,-1.53242,0.0367787,All
-1.18698,0.0374128,-1.03532,0.0380469,-1.53234,0.0374128,All
-1.17244,0.0380469,-1.01218,0.038681,-1.52995,0.0380469,All
-1.17091,0.038681,-0.984836,0.0393152,-1.52723,0.038681,All
-1.16822,0.0393152,-0.980973,0.0399493,-1.5268,0.0393152,All
-1.1668,0.0399493,-0.962913,0.0405834,-1.52414,0.0399493,All
-1.16123,0.0405834,-0.960874,0.0412175,-1.5192,0.0405834,All
-1.15396,0.0412175,-0.954964,0.0418516,-1.51861,0.0412175,All
-1.15345,0.0418516,-0.94,0.0424857,-1.51205,0.0418516,All
-1.15333,0.0424857,-0.916544,0.0431198,-1.50936,0.0424857,All
-1.15293,0.0431198,-0.907855,0.043754,-1.50591,0.0431198,All
-1.14674,0.043754,-0.892778,0.0443881,-1.50501,0.043754,All
-1.14377,0.0443881,-0.890035,0.0450222,-1.49651,0.0443881,All
-1.13732,0.0450222,-0.889325,0.0456563,-1.48102,0.0450222,All
-1.13623,0.0456563,-0.888702,0.0462904,-1.46654,0.0456563,All
-1.13362,0.0462904,-0.888186,0.0469245,-1.46148,0.0462904,All
-1.13162,0.0469245,-0.873027,0.0475587,-1.45944,0.0469245,All
-1.12964,0.0475587,-0.872731,0.0481928,-1.45773,0.0475587,All
-1.12952,0.0481928,-0.866193,0.0488269,-1.45071,0.0481928,All
-1.12682,0.0488269,-0.849823,0.049461,-1.44364,0.0488269,All
-1.12545,0.049461,-0.848374,0.0500951,-1.44074,0.049461,All
-1.12459,0.0500951,-0.841143,0.0507292,-1.43075,0.0500951,All
-1.12357,0.0507292,-0.837436,0.0513633,-1.42472,0.0507292,All
-1.12321,0.0513633,-0.833256,0.0519975,-1.42465,0.0513633,All
-1.1212,0.0519975,-0.828682,0.0526316,-1.41897,0.0519975,All
-1.11944,0.0526316,-0.825816,0.0532657,-1.41171,0.0526316,All
-1.11657,0.0532657,-0.820849,0.0538998,-1.40655,0.0532657,All
-1.1139,0.0538998,-0.809421,0.0545339,-1.40293,0.0538998,All
-1.1124,0.0545339,-0.808475,0.055168,-1.40137,0.0545339,All
-1.11237,0.055168,-0.807867,0.0558022,-1.39151,0.055168,All
-1.11116,0.0558022,-0.798456,0.0564363,-1.38517,0.0558022,All
-1.1099,0.0564363,-0.796698,0.0570704,-1.38384,0.0564363,All
-1.10546,0.0570704,-0.782582,0.0577045,-1.3796,0.0570704,All
-1.10425,0.0577045,-0.781707,0.0583386,-1.37938,0.0577045,All
-1.10395,0.0583386,-0.774526,0.0589727,-1.37901,0.0583386,All
-1.10328,0.0589727,-0.771564,0.0596068,-1.36934,0.0589727,All
-1.09903,0.0596068,-0.764923,0.060241,-1.36705,0.0596068,All
-1.0989,0.060241,-0.763963,0.0608751,-1.36693,0.060241,All
-1.09807,0.0608751,-0.75982,0.0615092,-1.35003,0.0608751,All
-1.097,0.0615092,-0.75718,0.0621433,-1.34963,0.0615092,All
-1.0956,0.0621433,-0.751563,0.0627774,-1.34693,0.0621433,All
-1.09427,0.0627774,-0.744835,0.0634115,-1.34314,0.0627774,All
-1.09145,0.0634115,-0.736144,0.0640457,-1.34307,0.0634115,All
-1.09093,0.0640457,-0.731892,0.0646798,-1.33947,0.0640457,All
-1.09055,0.0646798,-0.716855,0.0653139,-1.33523,0.0646798,All
-1.09008,0.0653139,-0.712346,0.065948,-1.33148,0.0653139,All
-1.08851,0.065948,-0.704796,0.0665821,-1.32391,0.065948,All
-1.08846,0.0665821,-0.704744,0.0672162,-1.31899,0.0665821,All
-1.08408,0.0672162,-0.700626,0.0678503,-1.31672,0.0672162,All
-1.08269,0.0678503,-0.699779,0.0684845,-1.31611,0.0678503,All
-1.08116,0.0684845,-0.690288,0.0691186,-1.31465,0.0684845,All
-1.07703,0.0691186,-0.689325,0.0697527,-1.31143,0.0691186,All
-1.0769,0.0697527,-0.679503,0.0703868,-1.30811,0.0697527,All
-1.0749,0.0703868,-0.675083,0.0710209,-1.30641,0.0703868,All
-1.07133,0.0710209,-0.673637,0.071655,-1.30427,0.0710209,All
-1.07078,0.071655,-0.667608,0.0722892,-1.30402,0.071655,All
-1.07073,0.0722892,-0.66715,0.0729233,-1.30329,0.0722892,All
-1.07069,0.0729233,-0.657792,0.0735574,-1.30269,0.0729233,All
-1.06881,0.0735574,-0.656106,0.0741915,-1.30032,0.0735574,All
-1.06864,0.0741915,-0.655134,0.0748256,-1.29521,0.0741915,All
-1.06547,0.0748256,-0.6531,0.0754597,-1.29475,0.0748256,All
-1.06437,0.0754597,-0.651363,0.0760938,-1.29046,0.0754597,All
-1.06351,0.0760938,-0.647244,0.076728,-1.2903,0.0760938,All
-1.06122,0.076728,-0.645408,0.0773621,-1.28537,0.076728,All
-1.05868,0.0773621,-0.643766,0.0779962,-1.28243,0.0773621,All
-1.05736,0.0779962,-0.642232,0.0786303,-1.2809,0.0779962,All
-1.05637,0.0786303,-0.636124,0.0792644,-1.27916,0.0786303,All
-1.05625,0.0792644,-0.626842,0.0798985,-1.27845,0.0792644,All
-1.05614,0.0798985,-0.625004,0.0805327,-1.2722,0.0798985,All
-1.05612,0.0805327,-0.616502,0.0811668,-1.27144,0.0805327,All
-1.05525,0.0811668,-0.609516,0.0818009,-1.2706,0.0811668,All
-1.05459,0.0818009,-0.596891,0.082435,-1.27039,0.0818009,All
-1.05372,0.082435,-0.595155,0.0830691,-1.26814,0.082435,All
-1.0488,0.0830691,-0.592924,0.0837032,-1.2673,0.0830691,All
-1.04822,0.0837032,-0.591711,0.0843373,-1.25983,0.0837032,All
-1.04737,0.0843373,-0.586417,0.0849715,-1.25543,0.0843373,All
-1.04709,0.0849715,-0.585948,0.0856056,-1.24335,0.0849715,All
-1.0435,0.0856056,-0.585146,0.0862397,-1.24064,0.0856056,All
-1.04062,0.0862397,-0.581871,0.0868738,-1.2376,0.0862397,All
-1.04048,0.0868738,-0.580567,0.0875079,-1.23727,0.0868738,All
-1.03908,0.0875079,-0.575013,0.088142,-1.23395,0.0875079,All
-1.03567,0.088142,-0.571464,0.0887762,-1.23315,0.088142,All
-1.03009,0.0887762,-0.570204,0.0894103,-1.23077,0.0887762,All
-1.02975,0.0894103,-0.568994,0.0900444,-1.22933,0.0894103,All
-1.02796,0.0900444,-0.565743,0.0906785,-1.22682,0.0900444,All
-1.02762,0.0906785,-0.563131,0.0913126,-1.22676,0.0906785,All
-1.02114,0.0913126,-0.561232,0.0919467,-1.22479,0.0913126,All
-1.01728,0.0919467,-0.559313,0.0925808,-1.22218,0.0919467,All
-1.01674,0.0925808,-0.557597,0.093215,-1.22215,0.0925808,All
-1.01553,0.093215,-0.556588,0.0938491,-1.22063,0.093215,All
-1.01302,0.0938491,-0.555381,0.0944832,-1.21125,0.0938491,All
-1.01219,0.0944832,-0.549052,0.0951173,-1.21062,0.0944832,All
-1.01024,0.0951173,-0.547406,0.0957514,-1.19625,0.0951173,All
-1.01024,0.0957514,-0.542841,0.0963855,-1.19203,0.0957514,All
-1.00789,0.0963855,-0.537564,0.0970197,-1.18977,0.0963855,All
-1.00786,0.0970197,-0.526355,0.0976538,-1.18812,0.0970197,All
-1.00717,0.0976538,-0.51963,0.0982879,-1.18748,0.0976538,All
-1.00562,0.0982879,-0.517952,0.098922,-1.18571,0.0982879,All
-1.00545,0.098922,-0.512411,0.0995561,-1.18562,0.098922,All
-1.00491,0.0995561,-0.504925,0.10019,-1.18118,0.0995561,All
-1.00446,0.10019,-0.500822,0.100824,-1.17932,0.10019,All
-1.00413,0.100824,-0.495247,0.101458,-1.17867,0.100824,All
-1.00349,0.101458,-0.492855,0.102093,-1.16931,0.101458,All
-1.00323,0.102093,-0.491542,0.102727,-1.16644,0.102093,All
-1.00008,0.102727,-0.488051,0.103361,-1.16319,0.102727,All
-0.998077,0.103361,-0.474971,0.103995,-1.15636,0.103361,All
-0.998046,0.103995,-0.474932,0.104629,-1.15635,0.103995,All
-0.996508,0.104629,-0.474369,0.105263,-1.15009,0.104629,All
-0.993269,0.105263,-0.469646,0.105897,-1.14984,0.105263,All
-0.990432,0.105897,-0.468345,0.106531,-1.1451,0.105897,All
-0.988852,0.106531,-0.461646,0.107166,-1.14095,0.106531,All
-0.986549,0.107166,-0.450772,0.1078,-1.13418,0.107166,All
-0.984116,0.1078,-0.450312,0.108434,-1.13155,0.1078,All
-0.98249,0.108434,-0.450007,0.109068,-1.13039,0.108434,All
-0.98181,0.109068,-0.443936,0.109702,-1.12996,0.109068,All
-0.980528,0.109702,-0.443462,0.110336,-1.1289,0.109702,All
-0.973559,0.110336,-0.442531,0.11097,-1.12007,0.110336,All
-0.972243,0.11097,-0.441952,0.111604,-1.11732,0.11097,All
-0.971798,0.111604,-0.441592,0.112238,-1.11348,0.111604,All
-0.970081,0.112238,-0.440182,0.112873,-1.10959,0.112238,All
-0.969388,0.112873,-0.436144,0.113507,-1.10901,0.112873,All
-0.967605,0.113507,-0.435139,0.114141,-1.10102,0.113507,All
-0.966916,0.114141,-0.434682,0.114775,-1.10102,0.114141,All
-0.966234,0.114775,-0.434336,0.115409,-1.10072,0.114775,All
-0.962443,0.115409,-0.433818,0.116043,-1.10021,0.115409,All
-0.961674,0.116043,-0.43329,0.116677,-1.09914,0.116043,All
-0.959887,0.116677,-0.431218,0.117311,-1.09539,0.116677,All
-0.959723,0.117311,-0.429638,0.117945,-1.09321,0.117311,All
-0.95913,0.117945,-0.42831,0.11858,-1.09296,0.117945,All
-0.957884,0.11858,-0.428066,0.119214,-1.09213,0.11858,All
-0.957134,0.119214,-0.427305,0.119848,-1.09159,0.119214,All
-0.955017,0.119848,-0.427205,0.120482,-1.09114,0.119848,All
-0.954961,0.120482,-0.425816,0.121116,-1.09107,0.120482,All
-0.954178,0.121116,-0.422769,0.12175,-1.08481,0.121116,All
-0.950666,0.12175,-0.422574,0.122384,-1.08188,0.12175,All
-0.947537,0.122384,-0.421424,0.123018,-1.07599,0.122384,All
-0.945627,0.123018,-0.420071,0.123653,-1.0753,0.123018,All
-0.94479,0.123653,-0.41537,0.124287,-1.07388,0.123653,All
-0.944306,0.124287,-0.415367,0.124921,-1.07213,0.124287,All
-0.943838,0.124921,-0.415117,0.125555,-1.06885,0.124921,All
-0.943542,0.125555,-0.415063,0.126189,-1.06249,0.125555,All
-0.941195,0.126189,-0.414802,0.126823,-1.05288,0.126189,All
-0.940969,0.126823,-0.409625,0.127457,-1.05278,0.126823,All
-0.939374,0.127457,-0.404465,0.128091,-1.05159,0.127457,All
-0.939053,0.128091,-0.398779,0.128725,-1.05138,0.128091,All
-0.93884,0.128725,-0.398638,0.12936,-1.05036,0.128725,All
-0.936255,0.12936,-0.397039,0.129994,-1.04988,0.12936,All
-0.935745,0.129994,-0.396857,0.130628,-1.0464,0.129994,All
-0.935468,0.130628,-0.39252,0.131262,-1.04608,0.130628,All
-0.932152,0.131262,-0.389311,0.131896,-1.04577,0.131262,All
-0.931813,0.131896,-0.386107,0.13253,-1.04419,0.131896,All
-0.930766,0.13253,-0.384749,0.133164,-1.04405,0.13253,All
-0.930266,0.133164,-0.382038,0.133798,-1.04267,0.133164,All
-0.925895,0.133798,-0.381,0.134432,-1.03554,0.133798,All
-0.924146,0.134432,-0.378434,0.135067,-1.03243,0.134432,All
-0.923719,0.135067,-0.376244,0.135701,-1.02952,0.135067,All
-0.92261,0.135701,-0.372078,0.136335,-1.02875,0.135701,All
-0.921041,0.136335,-0.368204,0.136969,-1.02873,0.136335,All
-0.920708,0.136969,-0.366923,0.137603,-1.02701,0.136969,All
-0.920119,0.137603,-0.362764,0.138237,-1.02338,0.137603,All
-0.918723,0.138237,-0.360781,0.138871,-1.02308,0.138237,All
-0.916724,0.138871,-0.360196,0.139505,-1.01843,0.138871,All
-0.909698,0.139505,-0.357026,0.14014,-1.01625,0.139505,All
-0.907368,0.14014,-0.355003,0.140774,-1.0155,0.14014,All
-0.905647,0.140774,-0.35391,0.141408,-1.01533,0.140774,All
-0.905276,0.141408,-0.353528,0.142042,-1.01485,0.141408,All
-0.90307,0.142042,-0.352866,0.142676,-1.01132,0.142042,All
-0.901546,0.142676,-0.352598,0.14331,-1.01057,0.142676,All
-0.900626,0.14331,-0.351113,0.143944,-1.00771,0.14331,All
-0.900308,0.143944,-0.349937,0.144578,-1.0075,0.143944,All
-0.898809,0.144578,-0.347685,0.145212,-1.00527,0.144578,All
-0.898587,0.145212,-0.346568,0.145847,-1.00282,0.145212,All
-0.896229,0.145847,-0.346513,0.146481,-1.00142,0.145847,All
-0.894794,0.146481,-0.342476,0.147115,-0.986552,0.146481,All
-0.893965,0.147115,-0.342226,0.147749,-0.986304,0.147115,All
-0.885649,0.147749,-0.338707,0.148383,-0.98512,0.147749,All
-0.884509,0.148383,-0.338176,0.149017,-0.978551,0.148383,All
-0.883567,0.149017,-0.338001,0.149651,-0.976339,0.149017,All
-0.883465,0.149651,-0.337299,0.150285,-0.975271,0.149651,All
-0.881909,0.150285,-0.33692,0.150919,-0.973558,0.150285,All
-0.881869,0.150919,-0.336342,0.151554,-0.972262,0.150919,All
-0.881363,0.151554,-0.332316,0.152188,-0.97191,0.151554,All
-0.878777,0.152188,-0.324109,0.152822,-0.967818,0.152188,All
-0.878658,0.152822,-0.317434,0.153456,-0.967545,0.152822,All
-0.876384,0.153456,-0.316838,0.15409,-0.961297,0.153456,All
-0.876333,0.15409,-0.315109,0.154724,-0.960241,0.15409,All
-0.875969,0.154724,-0.313957,0.155358,-0.956284,0.154724,All
-0.875963,0.155358,-0.310176,0.155992,-0.954548,0.155358,All
-0.875221,0.155992,-0.308061,0.156627,-0.948074,0.155992,All
-0.874257,0.156627,-0.306244,0.157261,-0.945804,0.156627,All
-0.871438,0.157261,-0.30248,0.157895,-0.942931,0.157261,All
-0.870819,0.157895,-0.300286,0.158529,-0.942884,0.157895,All
-0.870514,0.158529,-0.298178,0.159163,-0.934407,0.158529,All
-0.869587,0.159163,-0.291697,0.159797,-0.930935,0.159163,All
-0.8691,0.159797,-0.291324,0.160431,-0.926381,0.159797,All
-0.868387,0.160431,-0.289112,0.161065,-0.924924,0.160431,All
-0.867168,0.161065,-0.287911,0.161699,-0.92354,0.161065,All
-0.860967,0.161699,-0.287404,0.162334,-0.922746,0.161699,All
-0.860653,0.162334,-0.287157,0.162968,-0.920852,0.162334,All
-0.85939,0.162968,-0.286859,0.163602,-0.916553,0.162968,All
-0.857872,0.163602,-0.286481,0.164236,-0.916348,0.163602,All
-0.855847,0.164236,-0.285789,0.16487,-0.915623,0.164236,All
-0.854581,0.16487,-0.284815,0.165504,-0.907849,0.16487,All
-0.851731,0.165504,-0.282566,0.166138,-0.906623,0.165504,All
-0.849921,0.166138,-0.280756,0.166772,-0.906588,0.166138,All
-0.848209,0.166772,-0.280623,0.167406,-0.906577,0.166772,All
-0.847885,0.167406,-0.279144,0.168041,-0.900432,0.167406,All
-0.847193,0.168041,-0.276465,0.168675,-0.900366,0.168041,All
-0.846433,0.168675,-0.272102,0.169309,-0.90019,0.168675,All
-0.845857,0.169309,-0.269917,0.169943,-0.899659,0.169309,All
-0.843335,0.169943,-0.269157,0.170577,-0.896916,0.169943,All
-0.841468,0.170577,-0.267441,0.171211,-0.895409,0.170577,All
-0.838441,0.171211,-0.267392,0.171845,-0.892358,0.171211,All
-0.836307,0.171845,-0.267331,0.172479,-0.890999,0.171845,All
-0.834235,0.172479,-0.265924,0.173114,-0.888087,0.172479,All
-0.834071,0.173114,-0.265846,0.173748,-0.887891,0.173114,All
-0.834049,0.173748,-0.261666,0.174382,-0.886281,0.173748,All
-0.83288,0.174382,-0.261057,0.175016,-0.881029,0.174382,All
-0.832467,0.175016,-0.259681,0.17565,-0.877419,0.175016,All
-0.8321,0.17565,-0.259326,0.176284,-0.87523,0.17565,All
-0.831894,0.176284,-0.258204,0.176918,-0.871181,0.176284,All
-0.829045,0.176918,-0.255742,0.177552,-0.869134,0.176918,All
-0.828484,0.177552,-0.255411,0.178186,-0.868838,0.177552,All
-0.825706,0.178186,-0.252382,0.178821,-0.861798,0.178186,All
-0.825317,0.178821,-0.251421,0.179455,-0.861651,0.178821,All
-0.824135,0.179455,-0.251035,0.180089,-0.85824,0.179455,All
-0.821117,0.180089,-0.250697,0.180723,-0.857381,0.180089,All
-0.82107,0.180723,-0.250605,0.181357,-0.855253,0.180723,All
-0.819027,0.181357,-0.248588,0.181991,-0.854906,0.181357,All
-0.816976,0.181991,-0.24707,0.182625,-0.85371,0.181991,All
-0.816961,0.182625,-0.246539,0.183259,-0.851472,0.182625,All
-0.814309,0.183259,-0.243161,0.183893,-0.850151,0.183259,All
-0.813457,0.183893,-0.24176,0.184528,-0.850007,0.183893,All
-0.811892,0.184528,-0.241672,0.185162,-0.846399,0.184528,All
-0.811038,0.185162,-0.240782,0.185796,-0.844673,0.185162,All
-0.807632,0.185796,-0.240734,0.18643,-0.844012,0.185796,All
-0.806261,0.18643,-0.239528,0.187064,-0.838106,0.18643,All
-0.80596,0.187064,-0.239274,0.187698,-0.837791,0.187064,All
-0.802116,0.187698,-0.237358,0.188332,-0.835672,0.187698,All
-0.800861,0.188332,-0.237015,0.188966,-0.833841,0.188332,All
-0.797602,0.188966,-0.236646,0.189601,-0.830214,0.188966,All
-0.795744,0.189601,-0.232329,0.190235,-0.827189,0.189601,All
-0.794443,0.190235,-0.231354,0.190869,-0.821495,0.190235,All
-0.792867,0.190869,-0.230466,0.191503,-0.813491,0.190869,All
-0.792289,0.191503,-0.229758,0.192137,-0.813335,0.191503,All
-0.791192,0.192137,-0.229275,0.192771,-0.812186,0.192137,All
-0.78894,0.192771,-0.228424,0.193405,-0.810217,0.192771,All
-0.78838,0.193405,-0.228202,0.194039,-0.808842,0.193405,All
-0.787556,0.194039,-0.22809,0.194673,-0.804139,0.194039,All
-0.787494,0.194673,-0.227381,0.195308,-0.798757,0.194673,All
-0.787055,0.195308,-0.227017,0.195942,-0.798746,0.195308,All
-0.786745,0.195942,-0.226506,0.196576,-0.79655,0.195942,All
-0.785693,0.196576,-0.226209,0.19721,-0.796263,0.196576,All
-0.785362,0.19721,-0.223695,0.197844,-0.794583,0.19721,All
-0.783528,0.197844,-0.223308,0.198478,-0.793445,0.197844,All
-0.782718,0.198478,-0.222045,0.199112,-0.793271,0.198478,All
-0.782412,0.199112,-0.221446,0.199746,-0.792596,0.199112,All
-0.779357,0.199746,-0.220929,0.20038,-0.790478,0.199746,All
-0.777431,0.20038,-0.218889,0.201015,-0.785574,0.20038,All
-0.776992,0.201015,-0.217828,0.201649,-0.785184,0.201015,All
-0.776901,0.201649,-0.216427,0.202283,-0.78278,0.201649,All
-0.776841,0.202283,-0.215911,0.202917,-0.781995,0.202283,All
-0.776605,0.202917,-0.215802,0.203551,-0.780515,0.202917,All
-0.776545,0.203551,-0.214806,0.204185,-0.780383,0.203551,All
-0.77392,0.204185,-0.213514,0.204819,-0.780197,0.204185,All
-0.772051,0.204819,-0.211174,0.205453,-0.779782,0.204819,All
-0.770568,0.205453,-0.208418,0.206088,-0.776695,0.205453,All
-0.769955,0.206088,-0.207895,0.206722,-0.776432,0.206088,All
-0.769507,0.206722,-0.207684,0.207356,-0.768519,0.206722,All
-0.769145,0.207356,-0.207639,0.20799,-0.766728,0.207356,All
-0.768774,0.20799,-0.206929,0.208624,-0.762263,0.20799,All
-0.7684,0.208624,-0.206292,0.209258,-0.761614,0.208624,All
-0.767457,0.209258,-0.205815,0.209892,-0.760204,0.209258,All
-0.766607,0.209892,-0.204786,0.210526,-0.75926,0.209892,All
-0.765926,0.210526,-0.203849,0.21116,-0.758697,0.210526,All
-0.7643,0.21116,-0.202854,0.211795,-0.757732,0.21116,All
-0.759512,0.211795,-0.202632,0.212429,-0.756311,0.211795,All
-0.758972,0.212429,-0.202436,0.213063,-0.755927,0.212429,All
-0.756817,0.213063,-0.202414,0.213697,-0.753708,0.213063,All
-0.755148,0.213697,-0.199606,0.214331,-0.751765,0.213697,All
-0.754782,0.214331,-0.198941,0.214965,-0.750511,0.214331,All
-0.75442,0.214965,-0.197794,0.215599,-0.748962,0.214965,All
-0.753551,0.215599,-0.197379,0.216233,-0.74747,0.215599,All
-0.752534,0.216233,-0.195903,0.216867,-0.74744,0.216233,All
-0.751661,0.216867,-0.195549,0.217502,-0.743142,0.216867,All
-0.751362,0.217502,-0.194446,0.218136,-0.742518,0.217502,All
-0.750805,0.218136,-0.194255,0.21877,-0.741797,0.218136,All
-0.749192,0.21877,-0.193911,0.219404,-0.735061,0.21877,All
-0.747559,0.219404,-0.191104,0.220038,-0.734702,0.219404,All
-0.744195,0.220038,-0.189718,0.220672,-0.732678,0.220038,All
-0.741229,0.220672,-0.189362,0.221306,-0.73185,0.220672,All
-0.741027,0.221306,-0.188517,0.22194,-0.730151,0.221306,All
-0.740749,0.22194,-0.187324,0.222575,-0.728218,0.22194,All
-0.739834,0.222575,-0.187071,0.223209,-0.722403,0.222575,All
-0.739047,0.223209,-0.185027,0.223843,-0.720345,0.223209,All
-0.736995,0.223843,-0.184081,0.224477,-0.714422,0.223843,All
-0.735562,0.224477,-0.182532,0.225111,-0.712405,0.224477,All
-0.735292,0.225111,-0.181665,0.225745,-0.708922,0.225111,All
-0.73405,0.225745,-0.180949,0.226379,-0.708318,0.225745,All
-0.732556,0.226379,-0.180762,0.227013,-0.708117,0.226379,All
-0.731643,0.227013,-0.178713,0.227647,-0.706446,0.227013,All
-0.731159,0.227647,-0.178022,0.228282,-0.705628,0.227647,All
-0.731135,0.228282,-0.176653,0.228916,-0.704266,0.228282,All
-0.727437,0.228916,-0.17593,0.22955,-0.704207,0.228916,All
-0.726851,0.22955,-0.174767,0.230184,-0.702905,0.22955,All
-0.726148,0.230184,-0.172976,0.230818,-0.702516,0.230184,All
-0.725451,0.230818,-0.172294,0.231452,-0.701226,0.230818,All
-0.724984,0.231452,-0.171808,0.232086,-0.70046,0.231452,All
-0.724563,0.232086,-0.170096,0.23272,-0.700138,0.232086,All
-0.72314,0.23272,-0.169845,0.233354,-0.699437,0.23272,All
-0.721332,0.233354,-0.168064,0.233989,-0.699246,0.233354,All
-0.720739,0.233989,-0.166425,0.234623,-0.69875,0.233989,All
-0.720484,0.234623,-0.16586,0.235257,-0.696521,0.234623,All
-0.718667,0.235257,-0.165825,0.235891,-0.696269,0.235257,All
-0.718507,0.235891,-0.165198,0.236525,-0.695637,0.235891,All
-0.712726,0.236525,-0.16381,0.237159,-0.692288,0.236525,All
-0.71181,0.237159,-0.157446,0.237793,-0.691766,0.237159,All
-0.710141,0.237793,-0.156937,0.238427,-0.690398,0.237793,All
-0.710137,0.238427,-0.156803,0.239062,-0.68978,0.238427,All
-0.704687,0.239062,-0.156611,0.239696,-0.689213,0.239062,All
-0.703676,0.239696,-0.156502,0.24033,-0.688224,0.239696,All
-0.701179,0.24033,-0.156412,0.240964,-0.684173,0.24033,All
-0.696175,0.240964,-0.156185,0.241598,-0.683472,0.240964,All
-0.692949,0.241598,-0.156054,0.242232,-0.681742,0.241598,All
-0.690192,0.242232,-0.153522,0.242866,-0.678562,0.242232,All
-0.689607,0.242866,-0.153504,0.2435,-0.673891,0.242866,All
-0.689498,0.2435,-0.15247,0.244134,-0.672545,0.2435,All
-0.688964,0.244134,-0.150683,0.244769,-0.672485,0.244134,All
-0.687933,0.244769,-0.148544,0.245403,-0.663532,0.244769,All
-0.687238,0.245403,-0.147704,0.246037,-0.6601,0.245403,All
-0.68685,0.246037,-0.146941,0.246671,-0.657734,0.246037,All
-0.686511,0.246671,-0.145367,0.247305,-0.654248,0.246671,All
-0.68566,0.247305,-0.144817,0.247939,-0.653118,0.247305,All
-0.68512,0.247939,-0.144755,0.248573,-0.652761,0.247939,All
-0.682138,0.248573,-0.144468,0.249207,-0.652131,0.248573,All
-0.67892,0.249207,-0.144148,0.249841,-0.647829,0.249207,All
-0.67848,0.249841,-0.144134,0.250476,-0.647003,0.249841,All
-0.676969,0.250476,-0.142879,0.25111,-0.646789,0.250476,All
-0.676747,0.25111,-0.142366,0.251744,-0.646739,0.25111,All
-0.674913,0.251744,-0.141988,0.252378,-0.642735,0.251744,All
-0.672263,0.252378,-0.14163,0.253012,-0.641703,0.252378,All
-0.671865,0.253012,-0.141287,0.253646,-0.639903,0.253012,All
-0.671861,0.253646,-0.140776,0.25428,-0.637127,0.253646,All
-0.671773,0.25428,-0.1406,0.254914,-0.636899,0.25428,All
-0.669782,0.254914,-0.140005,0.255549,-0.636256,0.254914,All
-0.66891,0.255549,-0.139934,0.256183,-0.633005,0.255549,All
-0.668438,0.256183,-0.139906,0.256817,-0.632437,0.256183,All
-0.667506,0.256817,-0.138534,0.257451,-0.632001,0.256817,All
-0.666299,0.257451,-0.137849,0.258085,-0.630477,0.257451,All
-0.666033,0.258085,-0.137766,0.258719,-0.627363,0.258085,All
-0.664124,0.258719,-0.137702,0.259353,-0.626132,0.258719,All
-0.663579,0.259353,-0.13765,0.259987,-0.62173,0.259353,All
-0.663511,0.259987,-0.13738,0.260621,-0.621472,0.259987,All
-0.663124,0.260621,-0.136804,0.261256,-0.621087,0.260621,All
-0.663038,0.261256,-0.135335,0.26189,-0.619713,0.261256,All
-0.662816,0.26189,-0.134089,0.262524,-0.614862,0.26189,All
-0.662719,0.262524,-0.133921,0.263158,-0.604572,0.262524,All
-0.662627,0.263158,-0.133913,0.263792,-0.604365,0.263158,All
-0.662513,0.263792,-0.132494,0.264426,-0.603796,0.263792,All
-0.661959,0.264426,-0.132036,0.26506,-0.601141,0.264426,All
-0.660056,0.26506,-0.131965,0.265694,-0.6009,0.26506,All
-0.656948,0.265694,-0.130357,0.266328,-0.597844,0.265694,All
-0.656129,0.266328,-0.129025,0.266963,-0.595442,0.266328,All
-0.652916,0.266963,-0.127985,0.267597,-0.595022,0.266963,All
-0.650938,0.267597,-0.12698,0.268231,-0.593986,0.267597,All
-0.650609,0.268231,-0.126603,0.268865,-0.592513,0.268231,All
-0.650334,0.268865,-0.126432,0.269499,-0.587425,0.268865,All
-0.650271,0.269499,-0.125992,0.270133,-0.586021,0.269499,All
-0.649033,0.270133,-0.125973,0.270767,-0.584737,0.270133,All
-0.648274,0.270767,-0.125874,0.271401,-0.57718,0.270767,All
-0.645361,0.271401,-0.124889,0.272036,-0.575919,0.271401,All
-0.644541,0.272036,-0.124632,0.27267,-0.575271,0.272036,All
-0.638249,0.27267,-0.123753,0.273304,-0.569925,0.27267,All
-0.638109,0.273304,-0.123197,0.273938,-0.568192,0.273304,All
-0.63558,0.273938,-0.123193,0.274572,-0.568166,0.273938,All
-0.634535,0.274572,-0.120887,0.275206,-0.568005,0.274572,All
-0.633127,0.275206,-0.120291,0.27584,-0.56684,0.275206,All
-0.631664,0.27584,-0.117185,0.276474,-0.566441,0.27584,All
-0.630961,0.276474,-0.115189,0.277108,-0.561375,0.276474,All
-0.630786,0.277108,-0.113944,0.277743,-0.56061,0.277108,All
-0.628124,0.277743,-0.112024,0.278377,-0.557458,0.277743,All
-0.625381,0.278377,-0.111523,0.279011,-0.556966,0.278377,All
-0.622327,0.279011,-0.111509,0.279645,-0.556671,0.279011,All
-0.61876,0.279645,-0.109342,0.280279,-0.552807,0.279645,All
-0.618757,0.280279,-0.109254,0.280913,-0.552675,0.280279,All
-0.616747,0.280913,-0.109099,0.281547,-0.55227,0.280913,All
-0.615362,0.281547,-0.109033,0.282181,-0.55221,0.281547,All
-0.614613,0.282181,-0.107304,0.282815,-0.551168,0.282181,All
-0.613959,0.282815,-0.104402,0.28345,-0.5406,0.282815,All
-0.610755,0.28345,-0.103595,0.284084,-0.537936,0.28345,All
-0.610727,0.284084,-0.103459,0.284718,-0.53782,0.284084,All
-0.610667,0.284718,-0.102805,0.285352,-0.536212,0.284718,All
-0.610308,0.285352,-0.102564,0.285986,-0.535541,0.285352,All
-0.609399,0.285986,-0.102516,0.28662,-0.535418,0.285986,All
-0.608827,0.28662,-0.102513,0.287254,-0.535188,0.28662,All
-0.608765,0.287254,-0.10205,0.287888,-0.534247,0.287254,All
-0.608731,0.287888,-0.100881,0.288523,-0.534175,0.287888,All
-0.608296,0.288523,-0.100683,0.289157,-0.52792,0.288523,All
-0.607779,0.289157,-0.10057,0.289791,-0.527077,0.289157,All
-0.605926,0.289791,-0.100256,0.290425,-0.525638,0.289791,All
-0.605157,0.290425,-0.0999481,0.291059,-0.525439,0.290425,All
-0.604464,0.291059,-0.0996862,0.291693,-0.524573,0.291059,All
-0.604299,0.291693,-0.0984877,0.292327,-0.523057,0.291693,All
-0.603934,0.292327,-0.0982907,0.292961,-0.522434,0.292327,All
-0.60276,0.292961,-0.0979507,0.293595,-0.522384,0.292961,All
-0.602526,0.293595,-0.0948307,0.29423,-0.520723,0.293595,All
-0.602082,0.29423,-0.0941687,0.294864,-0.518462,0.29423,All
-0.598886,0.294864,-0.0928669,0.295498,-0.518036,0.294864,All
-0.598528,0.295498,-0.092218,0.296132,-0.515258,0.295498,All
-0.596873,0.296132,-0.0914668,0.296766,-0.514325,0.296132,All
-0.595361,0.296766,-0.0913915,0.2974,-0.51424,0.296766,All
-0.593105,0.2974,-0.0912986,0.298034,-0.512893,0.2974,All
-0.587843,0.298034,-0.0906278,0.298668,-0.511425,0.298034,All
-0.587432,0.298668,-0.0895584,0.299302,-0.511375,0.298668,All
-0.586174,0.299302,-0.0853545,0.299937,-0.511372,0.299302,All
-0.585666,0.299937,-0.0853222,0.300571,-0.511314,0.299937,All
-0.58528,0.300571,-0.082418,0.301205,-0.510976,0.300571,All
-0.583013,0.301205,-0.0814855,0.301839,-0.508959,0.301205,All
-0.582762,0.301839,-0.0797643,0.302473,-0.508767,0.301839,All
-0.581536,0.302473,-0.0795701,0.303107,-0.507819,0.302473,All
-0.579892,0.303107,-0.079348,0.303741,-0.503719,0.303107,All
-0.579804,0.303741,-0.0791465,0.304375,-0.499767,0.303741,All
-0.579318,0.304375,-0.0786925,0.30501,-0.496744,0.304375,All
-0.578715,0.30501,-0.0762842,0.305644,-0.489218,0.30501,All
-0.578104,0.305644,-0.0760159,0.306278,-0.488172,0.305644,All
-0.576907,0.306278,-0.0752783,0.306912,-0.484902,0.306278,All
-0.575789,0.306912,-0.0750604,0.307546,-0.484131,0.306912,All
-0.575069,0.307546,-0.0744185,0.30818,-0.480892,0.307546,All
-0.57062,0.30818,-0.0743517,0.308814,-0.479929,0.30818,All
-0.569785,0.308814,-0.0737776,0.309448,-0.479306,0.308814,All
-0.569489,0.309448,-0.0722715,0.310082,-0.476999,0.309448,All
-0.568856,0.310082,-0.0722027,0.310717,-0.475913,0.310082,All
-0.568484,0.310717,-0.0709525,0.311351,-0.473929,0.310717,All
-0.568402,0.311351,-0.0706141,0.311985,-0.472666,0.311351,All
-0.560743,0.311985,-0.070401,0.312619,-0.470414,0.311985,All
-0.560673,0.312619,-0.0701344,0.313253,-0.47017,0.312619,All
-0.558595,0.313253,-0.0693864,0.313887,-0.469995,0.313253,All
-0.556813,0.313887,-0.06866,0.314521,-0.468574,0.313887,All
-0.556451,0.314521,-0.068413,0.315155,-0.467624,0.314521,All
-0.553968,0.315155,-0.0677229,0.315789,-0.466472,0.315155,All
-0.553001,0.315789,-0.0676178,0.316424,-0.465227,0.315789,All
-0.552383,0.316424,-0.0667836,0.317058,-0.463804,0.316424,All
-0.551179,0.317058,-0.0665725,0.317692,-0.463743,0.317058,All
-0.551102,0.317692,-0.0663527,0.318326,-0.452159,0.317692,All
-0.548905,0.318326,-0.0663403,0.31896,-0.450695,0.318326,All
-0.548367,0.31896,-0.0662963,0.319594,-0.449361,0.31896,All
-0.545332,0.319594,-0.0661698,0.320228,-0.448598,0.319594,All
-0.542341,0.320228,-0.0655532,0.320862,-0.447371,0.320228,All
-0.541076,0.320862,-0.0642849,0.321497,-0.442448,0.320862,All
-0.539562,0.321497,-0.064052,0.322131,-0.440574,0.321497,All
-0.537971,0.322131,-0.0630886,0.322765,-0.439921,0.322131,All
-0.537124,0.322765,-0.0628202,0.323399,-0.439249,0.322765,All
-0.534497,0.323399,-0.0620286,0.324033,-0.433858,0.323399,All
-0.533796,0.324033,-0.061917,0.324667,-0.432299,0.324033,All
-0.532572,0.324667,-0.0614683,0.325301,-0.429108,0.324667,All
-0.530837,0.325301,-0.0605619,0.325935,-0.427517,0.325301,All
-0.530418,0.325935,-0.0595458,0.326569,-0.421174,0.325935,All
-0.530208,0.326569,-0.0584146,0.327204,-0.418181,0.326569,All
-0.529024,0.327204,-0.0575427,0.327838,-0.415611,0.327204,All
-0.528243,0.327838,-0.0545062,0.328472,-0.415234,0.327838,All
-0.528242,0.328472,-0.0539379,0.329106,-0.413584,0.328472,All
-0.5266,0.329106,-0.0531626,0.32974,-0.410397,0.329106,All
-0.526325,0.32974,-0.0527976,0.330374,-0.40869,0.32974,All
-0.525756,0.330374,-0.0527254,0.331008,-0.408674,0.330374,All
-0.524924,0.331008,-0.0518352,0.331642,-0.408508,0.331008,All
-0.524307,0.331642,-0.0514785,0.332276,-0.408308,0.331642,All
-0.520899,0.332276,-0.0506919,0.332911,-0.406782,0.332276,All
-0.519148,0.332911,-0.049769,0.333545,-0.406272,0.332911,All
-0.518007,0.333545,-0.0487708,0.334179,-0.402105,0.333545,All
-0.514935,0.334179,-0.0469131,0.334813,-0.400596,0.334179,All
-0.514184,0.334813,-0.0462446,0.335447,-0.400216,0.334813,All
-0.513872,0.335447,-0.0452667,0.336081,-0.398725,0.335447,All
-0.510082,0.336081,-0.0440127,0.336715,-0.397023,0.336081,All
-0.508883,0.336715,-0.0422572,0.337349,-0.39601,0.336715,All
-0.505805,0.337349,-0.042063,0.337984,-0.395655,0.337349,All
-0.504545,0.337984,-0.0417672,0.338618,-0.395628,0.337984,All
-0.503901,0.338618,-0.0406666,0.339252,-0.393684,0.338618,All
-0.502669,0.339252,-0.040655,0.339886,-0.392643,0.339252,All
-0.502086,0.339886,-0.0398901,0.34052,-0.391964,0.339886,All
-0.49932,0.34052,-0.0382219,0.341154,-0.387549,0.34052,All
-0.498729,0.341154,-0.0374871,0.341788,-0.385221,0.341154,All
-0.49848,0.341788,-0.0367894,0.342422,-0.381718,0.341788,All
-0.497644,0.342422,-0.0367451,0.343056,-0.380434,0.342422,All
-0.497425,0.343056,-0.0359892,0.343691,-0.379976,0.343056,All
-0.49475,0.343691,-0.0326671,0.344325,-0.379503,0.343691,All
-0.49432,0.344325,-0.0324332,0.344959,-0.377603,0.344325,All
-0.492768,0.344959,-0.0317551,0.345593,-0.373378,0.344959,All
-0.490012,0.345593,-0.0314195,0.346227,-0.37262,0.345593,All
-0.489684,0.346227,-0.031183,0.346861,-0.372352,0.346227,All
-0.488484,0.346861,-0.0306639,0.347495,-0.372267,0.346861,All
-0.486948,0.347495,-0.0299212,0.348129,-0.367112,0.347495,All
-0.485228,0.348129,-0.0283738,0.348763,-0.364001,0.348129,All
-0.484836,0.348763,-0.0282435,0.349398,-0.359305,0.348763,All
-0.484836,0.349398,-0.0278315,0.350032,-0.359163,0.349398,All
-0.484644,0.350032,-0.0277985,0.350666,-0.35806,0.350032,All
-0.484135,0.350666,-0.0269687,0.3513,-0.357374,0.350666,All
-0.483785,0.3513,-0.0264865,0.351934,-0.3536,0.3513,All
-0.478078,0.351934,-0.0257793,0.352568,-0.353389,0.351934,All
-0.478049,0.352568,-0.0256435,0.353202,-0.352478,0.352568,All
-0.476204,0.353202,-0.0240986,0.353836,-0.351255,0.353202,All
-0.475672,0.353836,-0.0230889,0.354471,-0.350938,0.353836,All
-0.47495,0.354471,-0.0228955,0.355105,-0.350234,0.354471,All
-0.474031,0.355105,-0.0228764,0.355739,-0.34793,0.355105,All
-0.47197,0.355739,-0.0226756,0.356373,-0.34755,0.355739,All
-0.471821,0.356373,-0.0224552,0.357007,-0.347454,0.356373,All
-0.469841,0.357007,-0.0219127,0.357641,-0.34392,0.357007,All
-0.46972,0.357641,-0.0212558,0.358275,-0.342196,0.357641,All
-0.468217,0.358275,-0.0204927,0.358909,-0.338906,0.358275,All
-0.467187,0.358909,-0.0202157,0.359543,-0.338594,0.358909,All
-0.46508,0.359543,-0.0195839,0.360178,-0.337892,0.359543,All
-0.463041,0.360178,-0.0184614,0.360812,-0.336104,0.360178,All
-0.461878,0.360812,-0.0180669,0.361446,-0.335342,0.360812,All
-0.46153,0.361446,-0.017987,0.36208,-0.331815,0.361446,All
-0.461183,0.36208,-0.0173765,0.362714,-0.331471,0.36208,All
-0.460806,0.362714,-0.0170092,0.363348,-0.328222,0.362714,All
-0.460522,0.363348,-0.0162374,0.363982,-0.327086,0.363348,All
-0.458048,0.363982,-0.0156145,0.364616,-0.324447,0.363982,All
-0.457639,0.364616,-0.0154108,0.36525,-0.323845,0.364616,All
-0.457294,0.36525,-0.0152299,0.365885,-0.323561,0.36525,All
-0.455836,0.365885,-0.0145293,0.366519,-0.321909,0.365885,All
-0.455646,0.366519,-0.0134754,0.367153,-0.320573,0.366519,All
-0.453307,0.367153,-0.0133038,0.367787,-0.316038,0.367153,All
-0.452232,0.367787,-0.0132606,0.368421,-0.312738,0.367787,All
-0.448718,0.368421,-0.0132382,0.369055,-0.312512,0.368421,All
-0.448498,0.369055,-0.0131655,0.369689,-0.312433,0.369055,All
-0.445216,0.369689,-0.0113102,0.370323,-0.305665,0.369689,All
-0.444813,0.370323,-0.0112986,0.370958,-0.305152,0.370323,All
-0.443943,0.370958,-0.0110831,0.371592,-0.304359,0.370958,All
-0.439986,0.371592,-0.0107384,0.372226,-0.303487,0.371592,All
-0.437655,0.372226,-0.0104956,0.37286,-0.302243,0.372226,All
-0.435639,0.37286,-0.0101226,0.373494,-0.300534,0.37286,All
-0.434923,0.373494,-0.00978071,0.374128,-0.296956,0.373494,All
-0.432827,0.374128,-0.0085963,0.374762,-0.292846,0.374128,All
-0.431929,0.374762,-0.00807612,0.375396,-0.292154,0.374762,All
-0.429897,0.375396,-0.00792766,0.37603,-0.289563,0.375396,All
-0.427928,0.37603,-0.00671968,0.376665,-0.286291,0.37603,All
-0.425765,0.376665,-0.00655257,0.377299,-0.28326,0.376665,All
-0.421615,0.377299,-0.00654337,0.377933,-0.281793,0.377299,All
-0.419828,0.377933,-0.0065428,0.378567,-0.28058,0.377933,All
-0.419433,0.378567,-0.00652125,0.379201,-0.27965,0.378567,All
-0.411474,0.379201,-0.00614867,0.379835,-0.275653,0.379201,All
-0.411156,0.379835,-0.00301841,0.380469,-0.27465,0.379835,All
-0.408868,0.380469,-0.00288513,0.381103,-0.273015,0.380469,All
-0.408529,0.381103,-0.00157339,0.381737,-0.273006,0.381103,All
-0.406608,0.381737,-0.00110684,0.382372,-0.271829,0.381737,All
-0.406305,0.382372,0.000622683,0.383006,-0.266972,0.382372,All
-0.404861,0.383006,0.000852286,0.38364,-0.264212,0.383006,All
-0.404445,0.38364,0.000911697,0.384274,-0.26243,0.38364,All
-0.40291,0.384274,0.00133142,0.384908,-0.260169,0.384274,All
-0.401938,0.384908,0.00205163,0.385542,-0.256827,0.384908,All
-0.399809,0.385542,0.00235611,0.386176,-0.250934,0.385542,All
-0.399559,0.386176,0.0038861,0.38681,-0.250141,0.386176,All
-0.398259,0.38681,0.00442235,0.387445,-0.247754,0.38681,All
-0.397005,0.387445,0.00444764,0.388079,-0.247475,0.387445,All
-0.396684,0.388079,0.005327,0.388713,-0.247247,0.388079,All
-0.395065,0.388713,0.00576568,0.389347,-0.240788,0.388713,All
-0.394203,0.389347,0.00645477,0.389981,-0.237683,0.389347,All
-0.394187,0.389981,0.00652427,0.390615,-0.237078,0.389981,All
-0.393461,0.390615,0.0065454,0.391249,-0.23617,0.390615,All
-0.392972,0.391249,0.00733674,0.391883,-0.235288,0.391249,All
-0.392939,0.391883,0.00740273,0.392517,-0.234841,0.391883,All
-0.391176,0.392517,0.00764478,0.393152,-0.232673,0.392517,All
-0.391107,0.393152,0.00830756,0.393786,-0.231865,0.393152,All
-0.388063,0.393786,0.00842911,0.39442,-0.230957,0.393786,All
-0.387015,0.39442,0.00988151,0.395054,-0.230487,0.39442,All
-0.385575,0.395054,0.0102275,0.395688,-0.229837,0.395054,All
-0.383563,0.395688,0.0106423,0.396322,-0.227562,0.395688,All
-0.382558,0.396322,0.0111815,0.396956,-0.224847,0.396322,All
-0.376021,0.396956,0.0112232,0.39759,-0.224825,0.396956,All
-0.369084,0.39759,0.0117547,0.398224,-0.22475,0.39759,All
-0.367632,0.398224,0.0122487,0.398859,-0.22458,0.398224,All
-0.36729,0.398859,0.0138155,0.399493,-0.224209,0.398859,All
-0.365321,0.399493,0.014611,0.400127,-0.22333,0.399493,All
-0.365158,0.400127,0.0148396,0.400761,-0.222705,0.400127,All
-0.364292,0.400761,0.0167072,0.401395,-0.2211,0.400761,All
-0.363485,0.401395,0.017905,0.402029,-0.219432,0.401395,All
-0.362804,0.402029,0.0181425,0.402663,-0.216216,0.402029,All
-0.362504,0.402663,0.0188586,0.403297,-0.215434,0.402663,All
-0.362385,0.403297,0.0189406,0.403932,-0.214123,0.403297,All
-0.361427,0.403932,0.0194566,0.404566,-0.213065,0.403932,All
-0.361121,0.404566,0.0201232,0.4052,-0.20959,0.404566,All
-0.357779,0.4052,0.0201361,0.405834,-0.207089,0.4052,All
-0.356555,0.405834,0.0204853,0.406468,-0.204094,0.405834,All
-0.356064,0.406468,0.0208517,0.407102,-0.200676,0.406468,All
-0.355999,0.407102,0.0214665,0.407736,-0.197281,0.407102,All
-0.355433,0.407736,0.0225945,0.40837,-0.19664,0.407736,All
-0.351325,0.40837,0.0246329,0.409004,-0.196362,0.40837,All
-0.348996,0.409004,0.0246552,0.409639,-0.196113,0.409004,All
-0.348297,0.409639,0.0246887,0.410273,-0.195819,0.409639,All
-0.347913,0.410273,0.0251879,0.410907,-0.195361,0.410273,All
-0.346632,0.410907,0.0266765,0.411541,-0.191829,0.410907,All
-0.345207,0.411541,0.0272191,0.412175,-0.190235,0.411541,All
-0.343193,0.412175,0.0285533,0.412809,-0.185831,0.412175,All
-0.342325,0.412809,0.0285997,0.413443,-0.184789,0.412809,All
-0.340923,0.413443,0.0288626,0.414077,-0.182633,0.413443,All
-0.337121,0.414077,0.0297219,0.414711,-0.182479,0.414077,All
-0.335723,0.414711,0.0299026,0.415346,-0.179358,0.414711,All
-0.332647,0.415346,0.0309207,0.41598,-0.17884,0.415346,All
-0.323021,0.41598,0.0312499,0.416614,-0.178252,0.41598,All
-0.322104,0.416614,0.0316046,0.417248,-0.176994,0.416614,All
-0.321428,0.417248,0.0319937,0.417882,-0.175884,0.417248,All
-0.319373,0.417882,0.0321391,0.418516,-0.17584,0.417882,All
-0.319157,0.418516,0.0322471,0.41915,-0.175011,0.418516,All
-0.319105,0.41915,0.0322537,0.419784,-0.168686,0.41915,All
-0.318329,0.419784,0.0331376,0.420419,-0.167564,0.419784,All
-0.317223,0.420419,0.0351085,0.421053,-0.165342,0.420419,All
-0.315603,0.421053,0.035984,0.421687,-0.165228,0.421053,All
-0.315175,0.421687,0.0362519,0.422321,-0.158628,0.421687,All
-0.315057,0.422321,0.0368382,0.422955,-0.15583,0.422321,All
-0.314005,0.422955,0.0368595,0.423589,-0.155156,0.422955,All
-0.313526,0.423589,0.0374326,0.424223,-0.145874,0.423589,All
-0.310469,0.424223,0.0374787,0.424857,-0.145621,0.424223,All
-0.307445,0.424857,0.0374815,0.425491,-0.142539,0.424857,All
-0.306851,0.425491,0.0383177,0.426126,-0.140365,0.425491,All
-0.30527,0.426126,0.0399018,0.42676,-0.139757,0.426126,All
-0.304324,0.42676,0.0402857,0.427394,-0.139575,0.42676,All
-0.304216,0.427394,0.0406992,0.428028,-0.134042,0.427394,All
-0.303791,0.428028,0.0418024,0.428662,-0.133405,0.428028,All
-0.302657,0.428662,0.0420773,0.429296,-0.132682,0.428662,All
-0.302534,0.429296,0.0423054,0.42993,-0.13073,0.429296,All
-0.301225,0.42993,0.0424767,0.430564,-0.129291,0.42993,All
-0.300032,0.430564,0.0426288,0.431198,-0.127147,0.430564,All
-0.29958,0.431198,0.0426641,0.431833,-0.124428,0.431198,All
-0.298688,0.431833,0.0436392,0.432467,-0.124036,0.431833,All
-0.29797,0.432467,0.045585,0.433101,-0.123018,0.432467,All
-0.295888,0.433101,0.0467787,0.433735,-0.122575,0.433101,All
-0.295317,0.433735,0.047153,0.434369,-0.121577,0.433735,All
-0.293258,0.434369,0.0474866,0.435003,-0.119927,0.434369,All
-0.292754,0.435003,0.0477753,0.435637,-0.115515,0.435003,All
-0.291844,0.435637,0.0479778,0.436271,-0.114689,0.435637,All
-0.291663,0.436271,0.0497969,0.436906,-0.11463,0.436271,All
-0.291273,0.436906,0.0513076,0.43754,-0.112624,0.436906,All
-0.287188,0.43754,0.0525115,0.438174,-0.110298,0.43754,All
-0.286208,0.438174,0.0531137,0.438808,-0.105564,0.438174,All
-0.284954,0.438808,0.053695,0.439442,-0.104503,0.438808,All
-0.281891,0.439442,0.0539155,0.440076,-0.1032,0.439442,All
-0.28112,0.440076,0.0540471,0.44071,-0.102665,0.440076,All
-0.275899,0.44071,0.0558948,0.441344,-0.100528,0.44071,All
-0.274819,0.441344,0.0560491,0.441978,-0.0964609,0.441344,All
-0.273073,0.441978,0.0571929,0.442613,-0.0950714,0.441978,All
-0.27298,0.442613,0.057563,0.443247,-0.0946127,0.442613,All
-0.272562,0.443247,0.0578003,0.443881,-0.0938419,0.443247,All
-0.271251,0.443881,0.0579301,0.444515,-0.0935751,0.443881,All
-0.270214,0.444515,0.0580797,0.445149,-0.0925957,0.444515,All
-0.27002,0.445149,0.0596397,0.445783,-0.0914519,0.445149,All
-0.266817,0.445783,0.0602728,0.446417,-0.0908283,0.445783,All
-0.266494,0.446417,0.0605087,0.447051,-0.0894503,0.446417,All
-0.265442,0.447051,0.061652,0.447685,-0.089135,0.447051,All
-0.264378,0.447685,0.0619711,0.44832,-0.0890889,0.447685,All
-0.264296,0.44832,0.0637769,0.448954,-0.0884239,0.44832,All
-0.264139,0.448954,0.0641019,0.449588,-0.0873318,0.448954,All
-0.263683,0.449588,0.0648029,0.450222,-0.0873105,0.449588,All
-0.263261,0.450222,0.0649147,0.450856,-0.0871745,0.450222,All
-0.262484,0.450856,0.066199,0.45149,-0.0858874,0.450856,All
-0.261943,0.45149,0.0672455,0.452124,-0.0854722,0.45149,All
-0.261844,0.452124,0.0673932,0.452758,-0.0853126,0.452124,All
-0.260615,0.452758,0.0676478,0.453393,-0.0846555,0.452758,All
-0.260436,0.453393,0.0677147,0.454027,-0.0827269,0.453393,All
-0.254485,0.454027,0.0681885,0.454661,-0.0824145,0.454027,All
-0.254271,0.454661,0.0689757,0.455295,-0.0798245,0.454661,All
-0.253663,0.455295,0.0690825,0.455929,-0.0789668,0.455295,All
-0.253119,0.455929,0.070281,0.456563,-0.0766173,0.455929,All
-0.251924,0.456563,0.0712411,0.457197,-0.0749492,0.456563,All
-0.251879,0.457197,0.0714762,0.457831,-0.0742512,0.457197,All
-0.251657,0.457831,0.0723647,0.458465,-0.0684949,0.457831,All
-0.251621,0.458465,0.0732768,0.4591,-0.0666676,0.458465,All
-0.249606,0.4591,0.0735024,0.459734,-0.0657225,0.4591,All
-0.249559,0.459734,0.0738483,0.460368,-0.0627868,0.459734,All
-0.24916,0.460368,0.0740893,0.461002,-0.0627729,0.460368,All
-0.249001,0.461002,0.0741648,0.461636,-0.0624572,0.461002,All
-0.248801,0.461636,0.0751372,0.46227,-0.0608724,0.461636,All
-0.24379,0.46227,0.0754565,0.462904,-0.0585778,0.46227,All
-0.243261,0.462904,0.0764747,0.463538,-0.0583886,0.462904,All
-0.239469,0.463538,0.0773314,0.464172,-0.0579593,0.463538,All
-0.235135,0.464172,0.0773816,0.464807,-0.0561135,0.464172,All
-0.235086,0.464807,0.0784201,0.465441,-0.0559218,0.464807,All
-0.23444,0.465441,0.0790397,0.466075,-0.0557756,0.465441,All
-0.233379,0.466075,0.0792414,0.466709,-0.0553286,0.466075,All
-0.229265,0.466709,0.079727,0.467343,-0.0547321,0.466709,All
-0.228423,0.467343,0.0804503,0.467977,-0.0543658,0.467343,All
-0.227939,0.467977,0.0809417,0.468611,-0.0543405,0.467977,All
-0.22761,0.468611,0.0817402,0.469245,-0.0538621,0.468611,All
-0.225447,0.469245,0.0828891,0.46988,-0.0537938,0.469245,All
-0.225099,0.46988,0.0833945,0.470514,-0.0534576,0.46988,All
-0.224958,0.470514,0.0856493,0.471148,-0.0525967,0.470514,All
-0.224409,0.471148,0.0856917,0.471782,-0.0519401,0.471148,All
-0.224022,0.471782,0.0860779,0.472416,-0.0497745,0.471782,All
-0.223636,0.472416,0.0863455,0.47305,-0.0482286,0.472416,All
-0.223535,0.47305,0.0865592,0.473684,-0.0477684,0.47305,All
-0.219293,0.473684,0.0866089,0.474318,-0.045737,0.473684,All
-0.218901,0.474318,0.0871321,0.474952,-0.044609,0.474318,All
-0.21726,0.474952,0.0875168,0.475587,-0.0444448,0.474952,All
-0.215134,0.475587,0.0900694,0.476221,-0.0438216,0.475587,All
-0.214189,0.476221,0.0903842,0.476855,-0.0432714,0.476221,All
-0.213946,0.476855,0.0919799,0.477489,-0.042853,0.476855,All
-0.213746,0.477489,0.0924866,0.478123,-0.0421674,0.477489,All
-0.212524,0.478123,0.0927303,0.478757,-0.0395936,0.478123,All
-0.211656,0.478757,0.0936144,0.479391,-0.0391017,0.478757,All
-0.210509,0.479391,0.0936812,0.480025,-0.0382882,0.479391,All
-0.209397,0.480025,0.0940292,0.480659,-0.0379076,0.480025,All
-0.20791,0.480659,0.0942238,0.481294,-0.0368481,0.480659,All
-0.207873,0.481294,0.0959785,0.481928,-0.0351967,0.481294,All
-0.207385,0.481928,0.0962429,0.482562,-0.0339878,0.481928,All
-0.207288,0.482562,0.0962741,0.483196,-0.0322766,0.482562,All
-0.206889,0.483196,0.0963462,0.48383,-0.0289811,0.483196,All
-0.206859,0.48383,0.0966598,0.484464,-0.0279456,0.48383,All
-0.206702,0.484464,0.0968533,0.485098,-0.0250792,0.484464,All
-0.206286,0.485098,0.0975812,0.485732,-0.0224954,0.485098,All
-0.202554,0.485732,0.0975929,0.486367,-0.0222565,0.485732,All
-0.201989,0.486367,0.0981278,0.487001,-0.0217053,0.486367,All
-0.200773,0.487001,0.0981403,0.487635,-0.018578,0.487001,All
-0.199795,0.487635,0.0983726,0.488269,-0.0182514,0.487635,All
-0.197789,0.488269,0.0984257,0.488903,-0.0181053,0.488269,All
-0.196191,0.488903,0.0991408,0.489537,-0.012539,0.488903,All
-0.193891,0.489537,0.100393,0.490171,-0.0123496,0.489537,All
-0.193312,0.490171,0.100593,0.490805,-0.0097696,0.490171,All
-0.192965,0.490805,0.100929,0.491439,-0.00684263,0.490805,All
-0.191949,0.491439,0.101274,0.492074,-0.0068229,0.491439,All
-0.191876,0.492074,0.101502,0.492708,-0.00350252,0.492074,All
-0.191352,0.492708,0.103222,0.493342,-0.00160849,0.492708,All
-0.191156,0.493342,0.103737,0.493976,-0.00111614,0.493342,All
-0.188827,0.493976,0.104154,0.49461,6.87749e-05,0.493976,All
-0.188626,0.49461,0.105092,0.495244,0.00225304,0.49461,All
-0.18795,0.495244,0.1052,0.495878,0.00298771,0.495244,All
-0.187413,0.495878,0.106914,0.496512,0.00451672,0.495878,All
-0.185953,0.496512,0.107953,0.497146,0.00612866,0.496512,All
-0.185402,0.497146,0.10882,0.497781,0.00727511,0.497146,All
-0.183454,0.497781,0.108876,0.498415,0.00779945,0.497781,All
-0.182481,0.498415,0.109119,0.499049,0.00848385,0.498415,All
-0.181321,0.499049,0.109424,0.499683,0.0102691,0.499049,All
-0.180736,0.499683,0.109614,0.500317,0.0116949,0.499683,All
-0.179149,0.500317,0.109817,0.500951,0.0122674,0.500317,All
-0.175885,0.500951,0.109961,0.501585,0.0154441,0.500951,All
-0.175053,0.501585,0.11033,0.502219,0.0165212,0.501585,All
-0.173752,0.502219,0.110507,0.502854,0.0172379,0.502219,All
-0.171919,0.502854,0.110667,0.503488,0.0174922,0.502854,All
-0.171875,0.503488,0.11087,0.504122,0.018108,0.503488,All
-0.171856,0.504122,0.111231,0.504756,0.0203919,0.504122,All
-0.171514,0.504756,0.112051,0.50539,0.0215025,0.504756,All
-0.170609,0.50539,0.113,0.506024,0.0241015,0.50539,All
-0.164111,0.506024,0.113072,0.506658,0.0259905,0.506024,All
-0.163217,0.506658,0.113414,0.507292,0.0270586,0.506658,All
-0.160046,0.507292,0.113506,0.507926,0.028194,0.507292,All
-0.158703,0.507926,0.113923,0.508561,0.0287914,0.507926,All
-0.157972,0.508561,0.11404,0.509195,0.030347,0.508561,All
-0.15676,0.509195,0.115722,0.509829,0.0342886,0.509195,All
-0.156554,0.509829,0.116174,0.510463,0.0372665,0.509829,All
-0.155073,0.510463,0.116787,0.511097,0.0421361,0.510463,All
-0.154451,0.511097,0.118122,0.511731,0.0422949,0.511097,All
-0.152972,0.511731,0.118956,0.512365,0.0435684,0.511731,All
-0.145871,0.512365,0.119973,0.512999,0.0458147,0.512365,All
-0.143507,0.512999,0.121076,0.513633,0.0474845,0.512999,All
-0.142947,0.513633,0.122771,0.514268,0.0516567,0.513633,All
-0.142431,0.514268,0.122949,0.514902,0.0540942,0.514268,All
-0.14209,0.514902,0.123743,0.515536,0.0566627,0.514902,All
-0.141478,0.515536,0.124507,0.51617,0.0572843,0.515536,All
-0.141396,0.51617,0.124703,0.516804,0.0579539,0.51617,All
-0.13986,0.516804,0.1274,0.517438,0.0584274,0.516804,All
-0.136741,0.517438,0.12786,0.518072,0.0586217,0.517438,All
-0.135917,0.518072,0.128991,0.518706,0.058838,0.518072,All
-0.134593,0.518706,0.129577,0.519341,0.0604558,0.518706,All
-0.132364,0.519341,0.12987,0.519975,0.0624514,0.519341,All
-0.131256,0.519975,0.129931,0.520609,0.0624752,0.519975,All
-0.130729,0.520609,0.130815,0.521243,0.0626431,0.520609,All
-0.129554,0.521243,0.131813,0.521877,0.0635914,0.521243,All
-0.127943,0.521877,0.132823,0.522511,0.0681859,0.521877,All
-0.127569,0.522511,0.133968,0.523145,0.0682803,0.522511,All
-0.123413,0.523145,0.137389,0.523779,0.0694317,0.523145,All
-0.122165,0.523779,0.139849,0.524413,0.0711266,0.523779,All
-0.119262,0.524413,0.140742,0.525048,0.0716829,0.524413,All
-0.11853,0.525048,0.140839,0.525682,0.0785835,0.525048,All
-0.117937,0.525682,0.141619,0.526316,0.079076,0.525682,All
-0.114496,0.526316,0.141933,0.52695,0.0833367,0.526316,All
-0.112743,0.52695,0.141954,0.527584,0.0878054,0.52695,All
-0.109713,0.527584,0.143279,0.528218,0.0884484,0.527584,All
-0.108971,0.528218,0.145006,0.528852,0.0924193,0.528218,All
-0.104807,0.528852,0.147091,0.529486,0.0967486,0.528852,All
-0.103541,0.529486,0.147401,0.53012,0.0975195,0.529486,All
-0.0983553,0.53012,0.147467,0.530755,0.0983747,0.53012,All
-0.0953373,0.530755,0.148145,0.531389,0.099427,0.530755,All
-0.0949452,0.531389,0.1484,0.532023,0.104002,0.531389,All
-0.0936642,0.532023,0.149018,0.532657,0.105226,0.532023,All
-0.0933195,0.532657,0.149696,0.533291,0.113133,0.532657,All
-0.0903257,0.533291,0.150412,0.533925,0.113451,0.533291,All
-0.0873691,0.533925,0.150894,0.534559,0.114483,0.533925,All
-0.0853455,0.534559,0.15214,0.535193,0.116321,0.534559,All
-0.0841644,0.535193,0.152187,0.535828,0.117274,0.535193,All
-0.0832059,0.535828,0.153116,0.536462,0.118894,0.535828,All
-0.0792819,0.536462,0.15531,0.537096,0.123681,0.536462,All
-0.0784239,0.537096,0.156857,0.53773,0.123793,0.537096,All
-0.0772856,0.53773,0.158819,0.538364,0.130307,0.53773,All
-0.07633,0.538364,0.159331,0.538998,0.133502,0.538364,All
-0.0738578,0.538998,0.160903,0.539632,0.135718,0.538998,All
-0.0708896,0.539632,0.160951,0.540266,0.135842,0.539632,All
-0.0708624,0.540266,0.16136,0.5409,0.136724,0.540266,All
-0.0705311,0.5409,0.161813,0.541535,0.138953,0.5409,All
-0.0692403,0.541535,0.163664,0.542169,0.141753,0.541535,All
-0.0690057,0.542169,0.165361,0.542803,0.1432,0.542169,All
-0.0681434,0.542803,0.165514,0.543437,0.143287,0.542803,All
-0.0590777,0.543437,0.166778,0.544071,0.144318,0.543437,All
-0.0589393,0.544071,0.168142,0.544705,0.14566,0.544071,All
-0.0569472,0.544705,0.169474,0.545339,0.145733,0.544705,All
-0.0544999,0.545339,0.170061,0.545973,0.147404,0.545339,All
-0.0541198,0.545973,0.170918,0.546607,0.148002,0.545973,All
-0.0509588,0.546607,0.171598,0.547242,0.14895,0.546607,All
-0.0483299,0.547242,0.172086,0.547876,0.152234,0.547242,All
-0.0479153,0.547876,0.172728,0.54851,0.152427,0.547876,All
-0.0476404,0.54851,0.172874,0.549144,0.157934,0.54851,All
-0.0475293,0.549144,0.174505,0.549778,0.158982,0.549144,All
-0.0472101,0.549778,0.175174,0.550412,0.162086,0.549778,All
-0.0450936,0.550412,0.176314,0.551046,0.163945,0.550412,All
-0.0437514,0.551046,0.177243,0.55168,0.165391,0.551046,All
-0.0409101,0.55168,0.178605,0.552315,0.168008,0.55168,All
-0.0393152,0.552315,0.178808,0.552949,0.170637,0.552315,All
-0.038882,0.552949,0.179194,0.553583,0.171848,0.552949,All
-0.0346557,0.553583,0.179281,0.554217,0.172053,0.553583,All
-0.0314468,0.554217,0.181886,0.554851,0.174874,0.554217,All
-0.0310784,0.554851,0.182672,0.555485,0.175131,0.554851,All
-0.0310399,0.555485,0.18272,0.556119,0.177792,0.555485,All
-0.0309037,0.556119,0.182799,0.556753,0.183315,0.556119,All
-0.0303696,0.556753,0.182835,0.557387,0.183317,0.556753,All
-0.0261633,0.557387,0.185673,0.558022,0.185024,0.557387,All
-0.0219081,0.558022,0.186163,0.558656,0.185357,0.558022,All
-0.0219071,0.558656,0.186914,0.55929,0.186453,0.558656,All
-0.0209261,0.55929,0.187231,0.559924,0.188582,0.55929,All
-0.0178647,0.559924,0.189265,0.560558,0.189094,0.559924,All
-0.0151218,0.560558,0.190056,0.561192,0.189992,0.560558,All
-0.0138014,0.561192,0.19006,0.561826,0.191328,0.561192,All
-0.0103645,0.561826,0.19117,0.56246,0.196779,0.561826,All
-0.00730853,0.56246,0.191442,0.563094,0.196895,0.56246,All
-0.00712303,0.563094,0.191682,0.563729,0.19729,0.563094,All
-0.00710547,0.563729,0.191896,0.564363,0.198856,0.563729,All
-0.0055498,0.564363,0.192537,0.564997,0.199447,0.564363,All
-0.00200566,0.564997,0.194063,0.565631,0.203646,0.564997,All
-0.00197246,0.565631,0.194314,0.566265,0.210316,0.565631,All
-0.00075521,0.566265,0.195199,0.566899,0.21502,0.566265,All
-0.000472027,0.566899,0.196033,0.567533,0.215518,0.566899,All
-3.48566e-05,0.567533,0.199846,0.568167,0.216509,0.567533,All
0.00271585,0.568167,0.200708,0.568802,0.22065,0.568167,All
0.00395242,0.568802,0.201333,0.569436,0.221158,0.568802,All
0.00428288,0.569436,0.203212,0.57007,0.224062,0.569436,All
0.00710205,0.57007,0.204318,0.570704,0.225669,0.57007,All
0.00820346,0.570704,0.206707,0.571338,0.225856,0.570704,All
0.0085599,0.571338,0.20795,0.571972,0.231901,0.571338,All
0.0123295,0.571972,0.208438,0.572606,0.233482,0.571972,All
0.0174081,0.572606,0.212549,0.57324,0.233514,0.572606,All
0.0210625,0.57324,0.214309,0.573874,0.234824,0.57324,All
0.0223177,0.573874,0.215035,0.574509,0.234831,0.573874,All
0.0227939,0.574509,0.216143,0.575143,0.239811,0.574509,All
0.0231656,0.575143,0.216166,0.575777,0.24018,0.575143,All
0.027695,0.575777,0.218986,0.576411,0.243365,0.575777,All
0.032522,0.576411,0.219145,0.577045,0.244838,0.576411,All
0.0335793,0.577045,0.219446,0.577679,0.24758,0.577045,All
0.0372811,0.577679,0.21954,0.578313,0.247588,0.577679,All
0.0422894,0.578313,0.220551,0.578947,0.251334,0.578313,All
0.045683,0.578947,0.221147,0.579581,0.251615,0.578947,All
0.048094,0.579581,0.221377,0.580216,0.256551,0.579581,All
0.0541428,0.580216,0.222068,0.58085,0.257472,0.580216,All
0.0550179,0.58085,0.22222,0.581484,0.257874,0.58085,All
0.0605471,0.581484,0.222597,0.582118,0.258651,0.581484,All
0.062213,0.582118,0.222621,0.582752,0.262051,0.582118,All
0.0631431,0.582752,0.222621,0.583386,0.265993,0.582752,All
0.0644469,0.583386,0.22361,0.58402,0.267738,0.583386,All
0.0655036,0.58402,0.224159,0.584654,0.269408,0.58402,All
0.0685353,0.584654,0.224183,0.585289,0.269699,0.584654,All
0.0711998,0.585289,0.224687,0.585923,0.272796,0.585289,All
0.0722831,0.585923,0.225215,0.586557,0.277843,0.585923,All
0.0738932,0.586557,0.226026,0.587191,0.278135,0.586557,All
0.0751071,0.587191,0.228548,0.587825,0.278177,0.587191,All
0.0753271,0.587825,0.229019,0.588459,0.27844,0.587825,All
0.0768998,0.588459,0.230173,0.589093,0.283444,0.588459,All
0.0831131,0.589093,0.231627,0.589727,0.284471,0.589093,All
0.0842056,0.589727,0.232167,0.590361,0.284746,0.589727,All
0.0844915,0.590361,0.232184,0.590996,0.29088,0.590361,All
0.0869246,0.590996,0.23314,0.59163,0.293502,0.590996,All
0.0888635,0.59163,0.23401,0.592264,0.294084,0.59163,All
0.0939619,0.592264,0.234947,0.592898,0.296259,0.592264,All
0.0947538,0.592898,0.235594,0.593532,0.296656,0.592898,All
0.0949781,0.593532,0.237038,0.594166,0.297249,0.593532,All
0.0956137,0.594166,0.239678,0.5948,0.298582,0.594166,All
0.0967963,0.5948,0.240988,0.595434,0.302433,0.5948,All
0.0971817,0.595434,0.241105,0.596068,0.303778,0.595434,All
0.0982894,0.596068,0.24275,0.596703,0.304439,0.596068,All
0.101211,0.596703,0.242829,0.597337,0.305528,0.596703,All
0.101271,0.597337,0.245324,0.597971,0.308835,0.597337,All
0.10238,0.597971,0.245685,0.598605,0.310744,0.597971,All
0.103043,0.598605,0.245842,0.599239,0.311118,0.598605,All
0.104984,0.599239,0.245959,0.599873,0.311403,0.599239,All
0.10523,0.599873,0.246539,0.600507,0.311867,0.599873,All
0.105241,0.600507,0.246665,0.601141,0.312569,0.600507,All
0.105746,0.601141,0.246831,0.601776,0.314361,0.601141,All
0.105967,0.601776,0.247032,0.60241,0.31588,0.601776,All
0.108192,0.60241,0.248316,0.603044,0.316039,0.60241,All
0.108476,0.603044,0.248531,0.603678,0.316098,0.603044,All
0.109244,0.603678,0.249086,0.604312,0.316232,0.603678,All
0.109808,0.604312,0.250755,0.604946,0.316448,0.604312,All
0.111868,0.604946,0.251594,0.60558,0.316934,0.604946,All
0.112272,0.60558,0.253303,0.606214,0.317002,0.60558,All
0.112785,0.606214,0.253317,0.606848,0.318576,0.606214,All
0.116387,0.606848,0.253838,0.607483,0.319174,0.606848,All
0.124301,0.607483,0.253936,0.608117,0.31956,0.607483,All
0.124319,0.608117,0.256394,0.608751,0.319708,0.608117,All
0.12436,0.608751,0.256956,0.609385,0.320153,0.608751,All
0.124672,0.609385,0.25727,0.610019,0.32029,0.609385,All
0.125224,0.610019,0.258441,0.610653,0.322537,0.610019,All
0.127587,0.610653,0.259928,0.611287,0.323648,0.610653,All
0.129908,0.611287,0.260245,0.611921,0.326868,0.611287,All
0.130145,0.611921,0.260891,0.612555,0.327276,0.611921,All
0.131549,0.612555,0.261633,0.61319,0.327569,0.612555,All
0.131802,0.61319,0.261847,0.613824,0.334274,0.61319,All
0.134431,0.613824,0.2619,0.614458,0.335184,0.613824,All
0.1355,0.614458,0.262206,0.615092,0.337649,0.614458,All
0.135838,0.615092,0.262286,0.615726,0.339869,0.615092,All
0.140561,0.615726,0.262345,0.61636,0.340666,0.615726,All
0.143091,0.61636,0.263034,0.616994,0.344498,0.61636,All
0.14312,0.616994,0.263289,0.617628,0.349512,0.616994,All
0.143239,0.617628,0.264017,0.618263,0.352119,0.617628,All
0.151056,0.618263,0.264379,0.618897,0.357367,0.618263,All
0.151161,0.618897,0.264608,0.619531,0.364529,0.618897,All
0.156087,0.619531,0.265437,0.620165,0.364738,0.619531,All
0.156908,0.620165,0.266035,0.620799,0.365633,0.620165,All
0.156941,0.620799,0.267152,0.621433,0.36826,0.620799,All
0.157068,0.621433,0.267201,0.622067,0.370993,0.621433,All
0.157761,0.622067,0.269428,0.622701,0.37159,0.622067,All
0.160954,0.622701,0.270429,0.623335,0.3723,0.622701,All
0.161061,0.623335,0.270596,0.62397,0.374435,0.623335,All
0.161711,0.62397,0.271778,0.624604,0.375937,0.62397,All
0.164637,0.624604,0.272127,0.625238,0.376455,0.624604,All
0.167692,0.625238,0.272619,0.625872,0.379393,0.625238,All
0.171128,0.625872,0.272838,0.626506,0.379805,0.625872,All
0.171452,0.626506,0.273282,0.62714,0.381396,0.626506,All
0.171925,0.62714,0.273346,0.627774,0.387861,0.62714,All
0.172029,0.627774,0.275189,0.628408,0.38874,0.627774,All
0.17313,0.628408,0.275409,0.629042,0.389631,0.628408,All
0.173194,0.629042,0.275683,0.629677,0.390957,0.629042,All
0.175545,0.629677,0.275725,0.630311,0.391659,0.629677,All
0.177651,0.630311,0.276394,0.630945,0.392637,0.630311,All
0.178007,0.630945,0.277406,0.631579,0.393522,0.630945,All
0.180093,0.631579,0.278416,0.632213,0.393588,0.631579,All
0.180501,0.632213,0.280742,0.632847,0.396524,0.632213,All
0.180747,0.632847,0.281682,0.633481,0.402555,0.632847,All
0.181975,0.633481,0.283036,0.634115,0.402655,0.633481,All
0.182845,0.634115,0.284037,0.63475,0.402941,0.634115,All
0.1832,0.63475,0.284152,0.635384,0.403484,0.63475,All
0.184764,0.635384,0.284999,0.636018,0.407516,0.635384,All
0.184862,0.636018,0.285546,0.636652,0.408289,0.636018,All
0.187188,0.636652,0.286395,0.637286,0.408569,0.636652,All
0.191347,0.637286,0.287003,0.63792,0.410301,0.637286,All
0.19691,0.63792,0.287198,0.638554,0.41164,0.63792,All
0.201524,0.638554,0.28745,0.639188,0.415971,0.638554,All
0.20194,0.639188,0.288266,0.639822,0.418603,0.639188,All
0.205462,0.639822,0.288319,0.640457,0.420909,0.639822,All
0.206785,0.640457,0.288415,0.641091,0.421013,0.640457,All
0.208064,0.641091,0.289256,0.641725,0.42278,0.641091,All
0.209068,0.641725,0.290429,0.642359,0.423113,0.641725,All
0.209178,0.642359,0.290766,0.642993,0.423699,0.642359,All
0.211464,0.642993,0.291288,0.643627,0.427699,0.642993,All
0.211808,0.643627,0.291465,0.644261,0.429472,0.643627,All
0.214479,0.644261,0.29249,0.644895,0.429814,0.644261,All
0.217466,0.644895,0.295579,0.645529,0.432445,0.644895,All
0.224529,0.645529,0.295894,0.646164,0.433436,0.645529,All
0.224913,0.646164,0.296503,0.646798,0.435288,0.646164,All
0.225784,0.646798,0.296702,0.647432,0.435433,0.646798,All
0.229351,0.647432,0.29767,0.648066,0.43616,0.647432,All
0.229549,0.648066,0.299069,0.6487,0.436249,0.648066,All
0.229747,0.6487,0.299313,0.649334,0.437338,0.6487,All
0.230578,0.649334,0.299636,0.649968,0.440186,0.649334,All
0.231559,0.649968,0.299866,0.650602,0.443258,0.649968,All
0.232559,0.650602,0.29988,0.651237,0.451881,0.650602,All
0.241964,0.651237,0.300052,0.651871,0.452348,0.651237,All
0.243932,0.651871,0.302743,0.652505,0.45242,0.651871,All
0.244693,0.652505,0.303092,0.653139,0.456408,0.652505,All
0.248724,0.653139,0.304073,0.653773,0.457192,0.653139,All
0.252966,0.653773,0.304254,0.654407,0.45795,0.653773,All
0.255185,0.654407,0.304564,0.655041,0.460978,0.654407,All
0.255492,0.655041,0.304721,0.655675,0.462578,0.655041,All
0.257323,0.655675,0.305121,0.656309,0.465118,0.655675,All
0.258304,0.656309,0.306414,0.656944,0.465547,0.656309,All
0.258366,0.656944,0.306906,0.657578,0.465638,0.656944,All
0.260253,0.657578,0.309038,0.658212,0.466193,0.657578,All
0.260525,0.658212,0.309166,0.658846,0.466698,0.658212,All
0.261745,0.658846,0.310659,0.65948,0.467832,0.658846,All
0.264043,0.65948,0.310757,0.660114,0.467884,0.65948,All
0.264187,0.660114,0.311067,0.660748,0.46844,0.660114,All
0.265353,0.660748,0.311682,0.661382,0.471612,0.660748,All
0.265554,0.661382,0.314284,0.662016,0.475066,0.661382,All
0.26866,0.662016,0.314332,0.662651,0.475793,0.662016,All
0.272688,0.662651,0.315424,0.663285,0.477149,0.662651,All
0.273493,0.663285,0.315673,0.663919,0.481537,0.663285,All
0.274116,0.663919,0.316127,0.664553,0.482891,0.663919,All
0.274132,0.664553,0.316199,0.665187,0.483908,0.664553,All
0.278961,0.665187,0.316947,0.665821,0.484694,0.665187,All
0.279472,0.665821,0.317493,0.666455,0.48473,0.665821,All
0.281747,0.666455,0.318266,0.667089,0.485799,0.666455,All
0.283932,0.667089,0.318949,0.667724,0.49188,0.667089,All
0.284076,0.667724,0.319212,0.668358,0.49826,0.667724,All
0.288222,0.668358,0.319713,0.668992,0.499256,0.668358,All
0.288235,0.668992,0.320491,0.669626,0.500701,0.668992,All
0.288938,0.669626,0.321285,0.67026,0.501405,0.669626,All
0.290457,0.67026,0.322149,0.670894,0.502399,0.67026,All
0.291705,0.670894,0.322406,0.671528,0.503022,0.670894,All
0.296431,0.671528,0.322604,0.672162,0.503485,0.671528,All
0.296572,0.672162,0.32351,0.672796,0.504073,0.672162,All
0.303783,0.672796,0.323583,0.673431,0.505777,0.672796,All
0.303951,0.673431,0.32451,0.674065,0.506957,0.673431,All
0.307223,0.674065,0.325706,0.674699,0.511784,0.674065,All
0.308315,0.674699,0.326367,0.675333,0.512756,0.674699,All
0.312979,0.675333,0.327152,0.675967,0.514152,0.675333,All
0.313081,0.675967,0.327866,0.676601,0.51687,0.675967,All
0.314061,0.676601,0.327893,0.677235,0.518305,0.676601,All
0.315022,0.677235,0.328107,0.677869,0.518386,0.677235,All
0.316441,0.677869,0.328135,0.678503,0.519639,0.677869,All
0.31989,0.678503,0.328678,0.679138,0.520324,0.678503,All
0.320203,0.679138,0.3309,0.679772,0.52321,0.679138,All
0.321937,0.679772,0.332873,0.680406,0.526315,0.679772,All
0.322636,0.680406,0.333722,0.68104,0.526772,0.680406,All
0.32311,0.68104,0.334969,0.681674,0.528272,0.68104,All
0.324092,0.681674,0.335885,0.682308,0.529089,0.681674,All
0.325264,0.682308,0.336056,0.682942,0.530343,0.682308,All
0.328083,0.682942,0.336117,0.683576,0.530954,0.682942,All
0.331301,0.683576,0.336274,0.684211,0.531065,0.683576,All
0.335245,0.684211,0.337607,0.684845,0.531399,0.684211,All
0.336382,0.684845,0.337629,0.685479,0.535499,0.684845,All
0.337127,0.685479,0.338018,0.686113,0.536757,0.685479,All
0.340022,0.686113,0.338573,0.686747,0.537009,0.686113,All
0.341959,0.686747,0.338595,0.687381,0.539788,0.686747,All
0.345147,0.687381,0.33866,0.688015,0.540813,0.687381,All
0.345534,0.688015,0.338695,0.688649,0.540913,0.688015,All
0.346084,0.688649,0.338845,0.689283,0.543321,0.688649,All
0.351438,0.689283,0.339854,0.689918,0.544213,0.689283,All
0.351786,0.689918,0.340559,0.690552,0.546279,0.689918,All
0.352978,0.690552,0.34265,0.691186,0.546359,0.690552,All
0.353849,0.691186,0.344867,0.69182,0.546924,0.691186,All
0.354282,0.69182,0.345052,0.692454,0.548379,0.69182,All
0.359212,0.692454,0.345489,0.693088,0.550662,0.692454,All
0.362463,0.693088,0.345667,0.693722,0.55124,0.693088,All
0.362972,0.693722,0.345809,0.694356,0.551508,0.693722,All
0.363225,0.694356,0.346158,0.69499,0.551827,0.694356,All
0.365673,0.69499,0.347371,0.695625,0.557778,0.69499,All
0.365831,0.695625,0.34845,0.696259,0.55962,0.695625,All
0.3687,0.696259,0.348905,0.696893,0.559661,0.696259,All
0.370517,0.696893,0.349063,0.697527,0.559896,0.696893,All
0.37196,0.697527,0.349203,0.698161,0.56079,0.697527,All
0.372302,0.698161,0.35121,0.698795,0.564826,0.698161,All
0.375104,0.698795,0.351537,0.699429,0.565776,0.698795,All
0.377062,0.699429,0.352307,0.700063,0.567744,0.699429,All
0.378387,0.700063,0.353539,0.700698,0.568686,0.700063,All
0.378978,0.700698,0.353639,0.701332,0.569346,0.700698,All
0.380626,0.701332,0.353884,0.701966,0.569618,0.701332,All
0.381844,0.701966,0.354408,0.7026,0.56973,0.701966,All
0.38441,0.7026,0.354444,0.703234,0.570507,0.7026,All
0.385596,0.703234,0.355873,0.703868,0.572716,0.703234,All
0.385673,0.703868,0.357677,0.704502,0.574898,0.703868,All
0.386075,0.704502,0.357812,0.705136,0.576741,0.704502,All
0.391845,0.705136,0.357923,0.70577,0.579706,0.705136,All
0.394717,0.70577,0.35845,0.706405,0.588368,0.70577,All
0.395489,0.706405,0.359268,0.707039,0.589876,0.706405,All
0.395859,0.707039,0.359847,0.707673,0.590439,0.707039,All
0.397383,0.707673,0.362731,0.708307,0.592709,0.707673,All
0.400261,0.708307,0.363199,0.708941,0.59296,0.708307,All
0.402697,0.708941,0.36355,0.709575,0.594032,0.708941,All
0.403198,0.709575,0.364226,0.710209,0.594876,0.709575,All
0.406255,0.710209,0.365666,0.710843,0.598526,0.710209,All
0.410262,0.710843,0.365705,0.711477,0.599586,0.710843,All
0.41362,0.711477,0.369394,0.712112,0.599827,0.711477,All
0.41388,0.712112,0.369546,0.712746,0.608111,0.712112,All
0.415753,0.712746,0.371142,0.71338,0.614562,0.712746,All
0.418393,0.71338,0.371549,0.714014,0.615939,0.71338,All
0.419092,0.714014,0.372807,0.714648,0.61619,0.714014,All
0.419142,0.714648,0.376925,0.715282,0.616682,0.714648,All
0.421059,0.715282,0.37877,0.715916,0.619994,0.715282,All
0.421654,0.715916,0.380442,0.71655,0.621503,0.715916,All
0.421945,0.71655,0.380949,0.717185,0.621853,0.71655,All
0.422439,0.717185,0.382332,0.717819,0.622031,0.717185,All
0.425233,0.717819,0.383258,0.718453,0.62661,0.717819,All
0.426106,0.718453,0.384161,0.719087,0.62703,0.718453,All
0.429703,0.719087,0.384504,0.719721,0.62771,0.719087,All
0.430312,0.719721,0.3875,0.720355,0.628938,0.719721,All
0.430338,0.720355,0.387546,0.720989,0.628991,0.720355,All
0.430891,0.720989,0.387779,0.721623,0.629228,0.720989,All
0.435557,0.721623,0.388315,0.722257,0.631429,0.721623,All
0.435941,0.722257,0.389417,0.722892,0.631637,0.722257,All
0.437849,0.722892,0.390393,0.723526,0.637454,0.722892,All
0.440731,0.723526,0.391107,0.72416,0.642306,0.723526,All
0.441909,0.72416,0.392573,0.724794,0.642664,0.72416,All
0.446435,0.724794,0.393165,0.725428,0.642835,0.724794,All
0.447826,0.725428,0.393745,0.726062,0.643553,0.725428,All
0.44927,0.726062,0.395052,0.726696,0.644806,0.726062,All
0.451291,0.726696,0.395937,0.72733,0.645372,0.726696,All
0.453872,0.72733,0.396883,0.727964,0.64654,0.72733,All
0.465351,0.727964,0.397105,0.728599,0.647218,0.727964,All
0.469995,0.728599,0.397256,0.729233,0.649072,0.728599,All
0.471029,0.729233,0.397985,0.729867,0.65559,0.729233,All
0.471884,0.729867,0.398619,0.730501,0.660058,0.729867,All
0.472088,0.730501,0.399142,0.731135,0.660389,0.730501,All
0.47472,0.731135,0.399459,0.731769,0.662425,0.731135,All
0.478143,0.731769,0.399729,0.732403,0.664571,0.731769,All
0.478824,0.732403,0.40187,0.733037,0.665279,0.732403,All
0.479084,0.733037,0.401955,0.733672,0.666544,0.733037,All
0.483711,0.733672,0.402548,0.734306,0.671939,0.733672,All
0.488203,0.734306,0.403032,0.73494,0.672362,0.734306,All
0.491396,0.73494,0.407226,0.735574,0.672507,0.73494,All
0.492052,0.735574,0.408678,0.736208,0.672604,0.735574,All
0.49322,0.736208,0.408818,0.736842,0.67272,0.736208,All
0.493814,0.736842,0.410077,0.737476,0.67668,0.736842,All
0.495867,0.737476,0.410196,0.73811,0.68388,0.737476,All
0.497152,0.73811,0.410258,0.738744,0.684213,0.73811,All
0.498124,0.738744,0.410297,0.739379,0.68581,0.738744,All
0.498168,0.739379,0.410465,0.740013,0.686548,0.739379,All
0.505628,0.740013,0.411684,0.740647,0.687367,0.740013,All
0.508282,0.740647,0.413117,0.741281,0.687551,0.740647,All
0.511701,0.741281,0.413328,0.741915,0.689643,0.741281,All
0.515264,0.741915,0.413937,0.742549,0.693224,0.741915,All
0.515682,0.742549,0.414757,0.743183,0.693613,0.742549,All
0.516077,0.743183,0.416612,0.743817,0.696968,0.743183,All
0.524893,0.743817,0.418415,0.744451,0.697604,0.743817,All
0.52887,0.744451,0.419683,0.745086,0.702673,0.744451,All
0.529747,0.745086,0.420326,0.74572,0.7028,0.745086,All
0.531162,0.74572,0.421233,0.746354,0.703702,0.74572,All
0.536619,0.746354,0.423002,0.746988,0.706137,0.746354,All
0.538685,0.746988,0.423949,0.747622,0.706934,0.746988,All
0.541569,0.747622,0.425256,0.748256,0.708305,0.747622,All
0.545914,0.748256,0.427573,0.74889,0.7107,0.748256,All
0.549063,0.74889,0.427984,0.749524,0.712605,0.74889,All
0.558226,0.749524,0.428168,0.750159,0.714822,0.749524,All
0.559307,0.750159,0.428834,0.750793,0.716346,0.750159,All
0.564347,0.750793,0.428845,0.751427,0.716366,0.750793,All
0.565964,0.751427,0.429618,0.752061,0.719588,0.751427,All
0.568841,0.752061,0.431321,0.752695,0.722661,0.752061,All
0.570493,0.752695,0.432092,0.753329,0.72515,0.752695,All
0.575906,0.753329,0.433792,0.753963,0.725441,0.753329,All
0.5821,0.753963,0.434858,0.754597,0.727339,0.753963,All
0.582288,0.754597,0.437954,0.755231,0.729233,0.754597,All
0.584122,0.755231,0.438197,0.755866,0.733413,0.755231,All
0.586327,0.755866,0.440252,0.7565,0.736158,0.755866,All
0.594334,0.7565,0.441079,0.757134,0.743114,0.7565,All
0.59869,0.757134,0.441182,0.757768,0.743803,0.757134,All
0.602276,0.757768,0.441698,0.758402,0.746563,0.757768,All
0.60628,0.758402,0.441855,0.759036,0.749219,0.758402,All
0.60656,0.759036,0.441964,0.75967,0.74949,0.759036,All
0.607884,0.75967,0.442625,0.760304,0.750975,0.75967,All
0.607886,0.760304,0.442795,0.760938,0.75156,0.760304,All
0.609542,0.760938,0.44352,0.761573,0.753052,0.760938,All
0.619547,0.761573,0.445877,0.762207,0.753847,0.761573,All
0.626582,0.762207,0.447626,0.762841,0.75837,0.762207,All
0.628021,0.762841,0.448847,0.763475,0.759604,0.762841,All
0.629851,0.763475,0.450332,0.764109,0.764207,0.763475,All
0.632583,0.764109,0.450858,0.764743,0.768708,0.764109,All
0.635444,0.764743,0.453295,0.765377,0.770536,0.764743,All
0.635661,0.765377,0.453808,0.766011,0.771086,0.765377,All
0.636189,0.766011,0.453892,0.766646,0.771895,0.766011,All
0.640189,0.766646,0.454407,0.76728,0.774424,0.766646,All
0.641819,0.76728,0.455714,0.767914,0.77514,0.76728,All
0.643548,0.767914,0.456864,0.768548,0.775788,0.767914,All
0.644831,0.768548,0.458901,0.769182,0.787831,0.768548,All
0.64547,0.769182,0.458988,0.769816,0.78969,0.769182,All
0.645849,0.769816,0.459355,0.77045,0.790759,0.769816,All
0.646657,0.77045,0.459523,0.771084,0.7932,0.77045,All
0.647292,0.771084,0.46186,0.771718,0.796848,0.771084,All
0.652545,0.771718,0.465432,0.772353,0.799724,0.771718,All
0.653229,0.772353,0.466637,0.772987,0.804976,0.772353,All
0.653767,0.772987,0.467626,0.773621,0.805502,0.772987,All
0.657004,0.773621,0.467883,0.774255,0.808617,0.773621,All
0.662054,0.774255,0.469796,0.774889,0.80953,0.774255,All
0.668677,0.774889,0.470056,0.775523,0.812025,0.774889,All
0.669183,0.775523,0.470886,0.776157,0.813967,0.775523,All
0.673629,0.776157,0.472138,0.776791,0.818139,0.776157,All
0.676788,0.776791,0.473114,0.777425,0.820782,0.776791,All
0.680516,0.777425,0.475047,0.77806,0.821124,0.777425,All
0.681941,0.77806,0.47802,0.778694,0.822808,0.77806,All
0.692412,0.778694,0.478523,0.779328,0.823275,0.778694,All
0.694232,0.779328,0.478575,0.779962,0.824598,0.779328,All
0.696226,0.779962,0.479927,0.780596,0.827043,0.779962,All
0.699219,0.780596,0.480629,0.78123,0.837965,0.780596,All
0.703447,0.78123,0.482668,0.781864,0.847563,0.78123,All
0.716427,0.781864,0.48378,0.782498,0.854106,0.781864,All
0.718189,0.782498,0.484067,0.783133,0.86063,0.782498,All
0.718909,0.783133,0.484408,0.783767,0.861476,0.783133,All
0.725227,0.783767,0.486848,0.784401,0.862518,0.783767,All
0.727791,0.784401,0.486856,0.785035,0.862891,0.784401,All
0.732245,0.785035,0.487127,0.785669,0.863113,0.785035,All
0.734238,0.785669,0.487517,0.786303,0.864064,0.785669,All
0.73626,0.786303,0.487767,0.786937,0.870054,0.786303,All
0.741255,0.786937,0.491092,0.787571,0.870617,0.786937,All
0.742042,0.787571,0.493011,0.788205,0.871846,0.787571,All
0.743018,0.788205,0.494303,0.78884,0.876003,0.788205,All
0.743968,0.78884,0.496119,0.789474,0.877909,0.78884,All
0.74507,0.789474,0.49792,0.790108,0.878818,0.789474,All
0.748915,0.790108,0.498511,0.790742,0.882198,0.790108,All
0.750104,0.790742,0.499141,0.791376,0.884525,0.790742,All
0.75115,0.791376,0.49978,0.79201,0.886206,0.791376,All
0.751664,0.79201,0.50076,0.792644,0.891999,0.79201,All
0.754191,0.792644,0.500959,0.793278,0.895336,0.792644,All
0.754556,0.793278,0.501233,0.793912,0.899525,0.793278,All
0.754589,0.793912,0.50247,0.794547,0.899994,0.793912,All
0.758844,0.794547,0.502686,0.795181,0.901071,0.794547,All
0.761033,0.795181,0.505328,0.795815,0.90318,0.795181,All
0.767565,0.795815,0.506872,0.796449,0.904808,0.795815,All
0.772207,0.796449,0.507591,0.797083,0.909749,0.796449,All
0.780794,0.797083,0.510301,0.797717,0.910034,0.797083,All
0.781481,0.797717,0.511469,0.798351,0.916153,0.797717,All
0.785411,0.798351,0.511773,0.798985,0.920662,0.798351,All
0.788624,0.798985,0.513608,0.79962,0.921129,0.798985,All
0.789704,0.79962,0.514824,0.800254,0.923557,0.79962,All
0.791427,0.800254,0.514893,0.800888,0.923944,0.800254,All
0.792953,0.800888,0.516531,0.801522,0.925034,0.800888,All
0.794734,0.801522,0.517027,0.802156,0.925788,0.801522,All
0.802403,0.802156,0.518134,0.80279,0.925843,0.802156,All
0.802568,0.80279,0.519408,0.803424,0.927666,0.80279,All
0.804923,0.803424,0.519524,0.804058,0.927929,0.803424,All
0.805525,0.804058,0.52013,0.804692,0.928343,0.804058,All
0.808821,0.804692,0.521313,0.805327,0.931468,0.804692,All
0.809446,0.805327,0.522071,0.805961,0.931654,0.805327,All
0.81396,0.805961,0.522797,0.806595,0.931664,0.805961,All
0.814117,0.806595,0.522956,0.807229,0.932433,0.806595,All
0.815814,0.807229,0.526783,0.807863,0.933414,0.807229,All
0.817528,0.807863,0.527263,0.808497,0.937042,0.807863,All
0.821957,0.808497,0.528848,0.809131,0.943131,0.808497,All
0.825571,0.809131,0.529744,0.809765,0.947128,0.809131,All
0.825829,0.809765,0.530374,0.810399,0.947794,0.809765,All
0.827907,0.810399,0.530492,0.811034,0.95408,0.810399,All
0.828571,0.811034,0.533134,0.811668,0.957489,0.811034,All
0.83574,0.811668,0.534841,0.812302,0.959241,0.811668,All
0.840684,0.812302,0.535255,0.812936,0.959561,0.812302,All
0.841101,0.812936,0.535546,0.81357,0.959566,0.812936,All
0.845471,0.81357,0.537117,0.814204,0.964917,0.81357,All
0.845557,0.814204,0.53815,0.814838,0.967385,0.814204,All
0.846786,0.814838,0.538733,0.815472,0.968616,0.814838,All
0.848205,0.815472,0.539292,0.816107,0.969049,0.815472,All
0.849059,0.816107,0.539509,0.816741,0.969388,0.816107,All
0.849378,0.816741,0.540409,0.817375,0.973425,0.816741,All
0.849828,0.817375,0.540858,0.818009,0.975167,0.817375,All
0.856506,0.818009,0.547468,0.818643,0.975767,0.818009,All
0.863486,0.818643,0.5483,0.819277,0.977117,0.818643,All
0.86533,0.819277,0.548347,0.819911,0.980947,0.819277,All
0.86825,0.819911,0.54846,0.820545,0.986312,0.819911,All
0.879485,0.820545,0.550916,0.821179,0.988219,0.820545,All
0.88562,0.821179,0.550975,0.821814,0.996906,0.821179,All
0.886467,0.821814,0.551031,0.822448,1.00151,0.821814,All
0.890118,0.822448,0.551617,0.823082,1.00272,0.822448,All
0.899237,0.823082,0.555225,0.823716,1.00348,0.823082,All
0.905009,0.823716,0.557621,0.82435,1.00707,0.823716,All
0.912632,0.82435,0.557652,0.824984,1.00737,0.82435,All
0.915264,0.824984,0.55862,0.825618,1.00815,0.824984,All
0.933383,0.825618,0.558961,0.826252,1.00835,0.825618,All
0.934244,0.826252,0.559924,0.826886,1.01488,0.826252,All
0.936907,0.826886,0.560082,0.827521,1.01492,0.826886,All
0.939349,0.827521,0.567426,0.828155,1.01543,0.827521,All
0.939481,0.828155,0.567615,0.828789,1.01549,0.828155,All
0.939576,0.828789,0.568623,0.829423,1.01703,0.828789,All
0.941103,0.829423,0.569379,0.830057,1.01796,0.829423,All
0.95003,0.830057,0.572547,0.830691,1.01898,0.830057,All
0.951308,0.830691,0.573059,0.831325,1.02166,0.830691,All
0.954279,0.831325,0.57518,0.831959,1.02536,0.831325,All
0.955791,0.831959,0.575238,0.832594,1.02759,0.831959,All
0.959253,0.832594,0.575429,0.833228,1.03012,0.832594,All
0.964838,0.833228,0.575907,0.833862,1.03096,0.833228,All
0.965558,0.833862,0.576364,0.834496,1.03351,0.833862,All
0.966345,0.834496,0.577683,0.83513,1.0371,0.834496,All
0.968498,0.83513,0.577942,0.835764,1.03754,0.83513,All
0.969184,0.835764,0.580724,0.836398,1.04068,0.835764,All
0.973203,0.836398,0.58086,0.837032,1.04496,0.836398,All
0.975687,0.837032,0.581525,0.837666,1.04657,0.837032,All
0.980055,0.837666,0.582007,0.838301,1.04778,0.837666,All
0.982928,0.838301,0.582423,0.838935,1.05108,0.838301,All
0.991102,0.838935,0.585576,0.839569,1.05829,0.838935,All
0.991114,0.839569,0.58619,0.840203,1.05847,0.839569,All
0.993159,0.840203,0.586606,0.840837,1.06818,0.840203,All
0.99539,0.840837,0.586821,0.841471,1.07342,0.840837,All
1.00301,0.841471,0.586936,0.842105,1.07723,0.841471,All
1.01657,0.842105,0.587329,0.842739,1.07946,0.842105,All
1.01825,0.842739,0.587375,0.843373,1.08293,0.842739,All
1.0206,0.843373,0.588013,0.844008,1.08817,0.843373,All
1.03169,0.844008,0.590369,0.844642,1.09016,0.844008,All
1.0355,0.844642,0.591578,0.845276,1.09062,0.844642,All
1.04842,0.845276,0.593355,0.84591,1.09077,0.845276,All
1.05352,0.84591,0.595679,0.846544,1.09778,0.84591,All
1.05402,0.846544,0.597908,0.847178,1.09979,0.846544,All
1.05518,0.847178,0.598251,0.847812,1.10009,0.847178,All
1.05518,0.847812,0.603174,0.848446,1.10807,0.847812,All
1.05538,0.848446,0.604593,0.849081,1.11073,0.848446,All
1.06444,0.849081,0.606786,0.849715,1.11322,0.849081,All
1.06527,0.849715,0.607093,0.850349,1.11869,0.849715,All
1.07389,0.850349,0.607879,0.850983,1.12059,0.850349,All
1.07797,0.850983,0.609427,0.851617,1.1223,0.850983,All
1.07803,0.851617,0.609636,0.852251,1.1284,0.851617,All
1.08181,0.852251,0.610798,0.852885,1.12928,0.852251,All
1.08578,0.852885,0.614358,0.853519,1.13134,0.852885,All
1.08598,0.853519,0.617889,0.854153,1.1315,0.853519,All
1.09151,0.854153,0.617999,0.854788,1.13433,0.854153,All
1.09636,0.854788,0.620565,0.855422,1.13542,0.854788,All
1.10126,0.855422,0.62431,0.856056,1.13562,0.855422,All
1.10134,0.856056,0.625195,0.85669,1.14299,0.856056,All
1.10733,0.85669,0.62597,0.857324,1.144,0.85669,All
1.10737,0.857324,0.626571,0.857958,1.15014,0.857324,All
1.10826,0.857958,0.627651,0.858592,1.16034,0.857958,All
1.1127,0.858592,0.631164,0.859226,1.16327,0.858592,All
1.12406,0.859226,0.632319,0.85986,1.16433,0.859226,All
1.12735,0.85986,0.632361,0.860495,1.17066,0.85986,All
1.13533,0.860495,0.635453,0.861129,1.17126,0.860495,All
1.13876,0.861129,0.635476,0.861763,1.17236,0.861129,All
1.13901,0.861763,0.635771,0.862397,1.17348,0.861763,All
1.14267,0.862397,0.636158,0.863031,1.17693,0.862397,All
1.15629,0.863031,0.636325,0.863665,1.17925,0.863031,All
1.1632,0.863665,0.637139,0.864299,1.18169,0.863665,All
1.16758,0.864299,0.637617,0.864933,1.18733,0.864299,All
1.16889,0.864933,0.64118,0.865568,1.18993,0.864933,All
1.17213,0.865568,0.644446,0.866202,1.19055,0.865568,All
1.17637,0.866202,0.646287,0.866836,1.19736,0.866202,All
1.18992,0.866836,0.647528,0.86747,1.19955,0.866836,All
1.19856,0.86747,0.649072,0.868104,1.19987,0.86747,All
1.1987,0.868104,0.649591,0.868738,1.20066,0.868104,All
1.19984,0.868738,0.65333,0.869372,1.20274,0.868738,All
1.21726,0.869372,0.654373,0.870006,1.20616,0.869372,All
1.22138,0.870006,0.654927,0.87064,1.20682,0.870006,All
1.22152,0.87064,0.655043,0.871275,1.20834,0.87064,All
1.22525,0.871275,0.656556,0.871909,1.21491,0.871275,All
1.23779,0.871909,0.66095,0.872543,1.21736,0.871909,All
1.24197,0.872543,0.661623,0.873177,1.22364,0.872543,All
1.24596,0.873177,0.662194,0.873811,1.22705,0.873177,All
1.25711,0.873811,0.664423,0.874445,1.22906,0.873811,All
1.25859,0.874445,0.665228,0.875079,1.23448,0.874445,All
1.25993,0.875079,0.666696,0.875713,1.24056,0.875079,All
1.27245,0.875713,0.667653,0.876347,1.24357,0.875713,All
1.2782,0.876347,0.668097,0.876982,1.24478,0.876347,All
1.28098,0.876982,0.669053,0.877616,1.24505,0.876982,All
1.28669,0.877616,0.66958,0.87825,1.24868,0.877616,All
1.29259,0.87825,0.670112,0.878884,1.25425,0.87825,All
1.29609,0.878884,0.671866,0.879518,1.2637,0.878884,All
1.29755,0.879518,0.679016,0.880152,1.26689,0.879518,All
1.31347,0.880152,0.679765,0.880786,1.26728,0.880152,All
1.32988,0.880786,0.684355,0.88142,1.26811,0.880786,All
1.33915,0.88142,0.68594,0.882055,1.27549,0.88142,All
1.34159,0.882055,0.693004,0.882689,1.27803,0.882055,All
1.34286,0.882689,0.693301,0.883323,1.28223,0.882689,All
1.34517,0.883323,0.693378,0.883957,1.28277,0.883323,All
1.34778,0.883957,0.69695,0.884591,1.28907,0.883957,All
1.35122,0.884591,0.697222,0.885225,1.29673,0.884591,All
1.35494,0.885225,0.697481,0.885859,1.30724,0.885225,All
1.36444,0.885859,0.703763,0.886493,1.31076,0.885859,All
1.36979,0.886493,0.705125,0.887127,1.31602,0.886493,All
1.37142,0.887127,0.707007,0.887762,1.32453,0.887127,All
1.37143,0.887762,0.707406,0.888396,1.32869,0.887762,All
1.37927,0.888396,0.707569,0.88903,1.33295,0.888396,All
1.38245,0.88903,0.707941,0.889664,1.34286,0.88903,All
1.38474,0.889664,0.710371,0.890298,1.34454,0.889664,All
1.38698,0.890298,0.711822,0.890932,1.34738,0.890298,All
1.38718,0.890932,0.71205,0.891566,1.34837,0.890932,All
1.38951,0.891566,0.713459,0.8922,1.35574,0.891566,All
1.39742,0.8922,0.714555,0.892834,1.36097,0.8922,All
1.40981,0.892834,0.714613,0.893469,1.3611,0.892834,All
1.41039,0.893469,0.715836,0.894103,1.3618,0.893469,All
1.41409,0.894103,0.716655,0.894737,1.3623,0.894103,All
1.4239,0.894737,0.7176,0.895371,1.36461,0.894737,All
1.43093,0.895371,0.719268,0.896005,1.36511,0.895371,All
1.43553,0.896005,0.7265,0.896639,1.36693,0.896005,All
1.44241,0.896639,0.728647,0.897273,1.36926,0.896639,All
1.44274,0.897273,0.729257,0.897907,1.37481,0.897273,All
1.44716,0.897907,0.73242,0.898542,1.38363,0.897907,All
1.45065,0.898542,0.736644,0.899176,1.38902,0.898542,All
1.46137,0.899176,0.737265,0.89981,1.39055,0.899176,All
1.47468,0.89981,0.741707,0.900444,1.39143,0.89981,All
1.48316,0.900444,0.742283,0.901078,1.39222,0.900444,All
1.48401,0.901078,0.749632,0.901712,1.39262,0.901078,All
1.48929,0.901712,0.750739,0.902346,1.39343,0.901712,All
1.49218,0.902346,0.752427,0.90298,1.40293,0.902346,All
1.502,0.90298,0.753528,0.903614,1.41321,0.90298,All
1.50612,0.903614,0.754704,0.904249,1.42034,0.903614,All
1.51006,0.904249,0.756973,0.904883,1.42405,0.904249,All
1.51668,0.904883,0.757098,0.905517,1.42571,0.904883,All
1.53166,0.905517,0.757903,0.906151,1.42919,0.905517,All
1.53477,0.906151,0.759161,0.906785,1.42991,0.906151,All
1.53755,0.906785,0.765184,0.907419,1.43661,0.906785,All
1.53954,0.907419,0.76541,0.908053,1.43796,0.907419,All
1.54432,0.908053,0.770738,0.908687,1.44008,0.908053,All
1.54561,0.908687,0.772053,0.909321,1.4417,0.908687,All
1.57068,0.909321,0.774027,0.909956,1.44721,0.909321,All
1.61159,0.909956,0.776235,0.91059,1.44872,0.909956,All
1.62199,0.91059,0.777312,0.911224,1.45009,0.91059,All
1.62227,0.911224,0.778619,0.911858,1.45471,0.911224,All
1.63675,0.911858,0.77946,0.912492,1.46245,0.911858,All
1.63771,0.912492,0.780231,0.913126,1.46372,0.912492,All
1.63907,0.913126,0.78044,0.91376,1.47235,0.913126,All
1.64888,0.91376,0.783367,0.914394,1.47756,0.91376,All
1.65033,0.914394,0.785355,0.915029,1.48165,0.914394,All
1.65365,0.915029,0.786148,0.915663,1.49545,0.915029,All
1.65817,0.915663,0.79087,0.916297,1.49888,0.915663,All
1.66173,0.916297,0.791206,0.916931,1.50064,0.916297,All
1.70345,0.916931,0.792388,0.917565,1.5087,0.916931,All
1.70673,0.917565,0.799424,0.918199,1.514,0.917565,All
1.70824,0.918199,0.799454,0.918833,1.52084,0.918199,All
1.71544,0.918833,0.7998,0.919467,1.52219,0.918833,All
1.72284,0.919467,0.801676,0.920101,1.53246,0.919467,All
1.75731,0.920101,0.804646,0.920736,1.54604,0.920101,All
1.76848,0.920736,0.805128,0.92137,1.55273,0.920736,All
1.77866,0.92137,0.805522,0.922004,1.55831,0.92137,All
1.80023,0.922004,0.807698,0.922638,1.56226,0.922004,All
1.81651,0.922638,0.807717,0.923272,1.56841,0.922638,All
1.82079,0.923272,0.808112,0.923906,1.56965,0.923272,All
1.83783,0.923906,0.809774,0.92454,1.57935,0.923906,All
1.84014,0.92454,0.81318,0.925174,1.59215,0.92454,All
1.8424,0.925174,0.814256,0.925808,1.62134,0.925174,All
1.85163,0.925808,0.814604,0.926443,1.62275,0.925808,All
1.85464,0.926443,0.818636,0.927077,1.62569,0.926443,All
1.88313,0.927077,0.823983,0.927711,1.62703,0.927077,All
1.88559,0.927711,0.824175,0.928345,1.63968,0.927711,All
1.8933,0.928345,0.826258,0.928979,1.64099,0.928345,All
1.90333,0.928979,0.828121,0.929613,1.65177,0.928979,All
1.90749,0.929613,0.829431,0.930247,1.6534,0.929613,All
1.90875,0.930247,0.829567,0.930881,1.66098,0.930247,All
1.9541,0.930881,0.830023,0.931516,1.66314,0.930881,All
1.96363,0.931516,0.832336,0.93215,1.66489,0.931516,All
1.97393,0.93215,0.835872,0.932784,1.67255,0.93215,All
1.97923,0.932784,0.839051,0.933418,1.67701,0.932784,All
1.98861,0.933418,0.839567,0.934052,1.6838,0.933418,All
1.99335,0.934052,0.840397,0.934686,1.68786,0.934052,All
2.00614,0.934686,0.846587,0.93532,1.69499,0.934686,All
2.01973,0.93532,0.853557,0.935954,1.69833,0.93532,All
2.02008,0.935954,0.855373,0.936588,1.71314,0.935954,All
2.04223,0.936588,0.859347,0.937223,1.72046,0.936588,All
2.05981,0.937223,0.863485,0.937857,1.7255,0.937223,All
2.06283,0.937857,0.867568,0.938491,1.73202,0.937857,All
2.14201,0.938491,0.870687,0.939125,1.73573,0.938491,All
2.15145,0.939125,0.871614,0.939759,1.73889,0.939125,All
2.18049,0.939759,0.876192,0.940393,1.73961,0.939759,All
2.19477,0.940393,0.876782,0.941027,1.74865,0.940393,All
2.22202,0.941027,0.880108,0.941661,1.75874,0.941027,All
2.22739,0.941661,0.880967,0.942295,1.76884,0.941661,All
2.23186,0.942295,0.882951,0.94293,1.77482,0.942295,All
2.23814,0.94293,0.885152,0.943564,1.79975,0.94293,All
2.24014,0.943564,0.886975,0.944198,1.80412,0.943564,All
2.24345,0.944198,0.8911,0.944832,1.82171,0.944198,All
2.27384,0.944832,0.892786,0.945466,1.84648,0.944832,All
2.28843,0.945466,0.897676,0.9461,1.84724,0.945466,All
2.29599,0.9461,0.899625,0.946734,1.86227,0.9461,All
2.30013,0.946734,0.899878,0.947368,1.86331,0.946734,All
2.30681,0.947368,0.907778,0.948003,1.86758,0.947368,All
2.314,0.948003,0.908491,0.948637,1.86942,0.948003,All
2.32783,0.948637,0.909317,0.949271,1.88081,0.948637,All
2.37534,0.949271,0.914446,0.949905,1.89133,0.949271,All
2.40069,0.949905,0.91477,0.950539,1.89358,0.949905,All
2.43258,0.950539,0.916655,0.951173,1.90059,0.950539,All
2.43716,0.951173,0.92306,0.951807,1.90196,0.951173,All
2.4404,0.951807,0.92495,0.952441,1.90325,0.951807,All
2.44924,0.952441,0.933494,0.953075,1.91543,0.952441,All
2.48663,0.953075,0.937639,0.95371,1.92248,0.953075,All
2.54782,0.95371,0.950026,0.954344,1.93328,0.95371,All
2.55716,0.954344,0.953957,0.954978,1.94859,0.954344,All
2.57551,0.954978,0.955287,0.955612,1.975,0.954978,All
2.58028,0.955612,0.955455,0.956246,1.99294,0.955612,All
2.59867,0.956246,0.957588,0.95688,2.00001,0.956246,All
2.60016,0.95688,0.967102,0.957514,2.04018,0.95688,All
2.63942,0.957514,0.967244,0.958148,2.04927,0.957514,All
2.6635,0.958148,0.971145,0.958782,2.05764,0.958148,All
2.75247,0.958782,0.974207,0.959417,2.07282,0.958782,All
2.75901,0.959417,0.9848,0.960051,2.08143,0.959417,All
2.79421,0.960051,0.986671,0.960685,2.08561,0.960051,All
2.8006,0.960685,0.987521,0.961319,2.0876,0.960685,All
2.84514,0.961319,0.991771,0.961953,2.08871,0.961319,All
2.9102,0.961953,0.992265,0.962587,2.1168,0.961953,All
2.92064,0.962587,0.993578,0.963221,2.13831,0.962587,All
2.99604,0.963221,0.995314,0.963855,2.13959,0.963221,All
2.99919,0.963855,0.999421,0.96449,2.15552,0.963855,All
3.04681,0.96449,1.02603,0.965124,2.16711,0.96449,All
3.06394,0.965124,1.02705,0.965758,2.18181,0.965124,All
3.10005,0.965758,1.02731,0.966392,2.18231,0.965758,All
3.11631,0.966392,1.03342,0.967026,2.19455,0.966392,All
3.12216,0.967026,1.04516,0.96766,2.20927,0.967026,All
3.13594,0.96766,1.04877,0.968294,2.25118,0.96766,All
3.1418,0.968294,1.06581,0.968928,2.2514,0.968294,All
3.1804,0.968928,1.0815,0.969562,2.25266,0.968928,All
3.19444,0.969562,1.08208,0.970197,2.26962,0.969562,All
3.2012,0.970197,1.09536,0.970831,2.28153,0.970197,All
3.35462,0.970831,1.09672,0.971465,2.30171,0.970831,All
3.37039,0.971465,1.10338,0.972099,2.30537,0.971465,All
3.38756,0.972099,1.13619,0.972733,2.3269,0.972099,All
3.4509,0.972733,1.15698,0.973367,2.34234,0.972733,All
3.50608,0.973367,1.17012,0.974001,2.35627,0.973367,All
3.54161,0.974001,1.17694,0.974635,2.36909,0.974001,All
3.56266,0.974635,1.17722,0.975269,2.38023,0.974635,All
3.69604,0.975269,1.17811,0.975904,2.40723,0.975269,All
3.76124,0.975904,1.18052,0.976538,2.4151,0.975904,All
3.78981,0.976538,1.22274,0.977172,2.41912,0.976538,All
3.79773,0.977172,1.24634,0.977806,2.42778,0.977172,All
3.80685,0.977806,1.25268,0.97844,2.43099,0.977806,All
3.89474,0.97844,1.25451,0.979074,2.43197,0.97844,All
3.97007,0.979074,1.26371,0.979708,2.44628,0.979074,All
3.98924,0.979708,1.26813,0.980342,2.45525,0.979708,All
3.9991,0.980342,1.27217,0.980977,2.45586,0.980342,All
4.03037,0.980977,1.28161,0.981611,2.45634,0.980977,All
4.14998,0.981611,1.299,0.982245,2.4647,0.981611,All
4.17691,0.982245,1.30245,0.982879,2.50452,0.982245,All
4.18163,0.982879,1.33354,0.983513,2.50901,0.982879,All
4.18923,0.983513,1.33535,0.984147,2.52082,0.983513,All
4.30616,0.984147,1.33537,0.984781,2.56667,0.984147,All
4.31249,0.984781,1.3365,0.985415,2.57968,0.984781,All
4.34167,0.985415,1.35226,0.986049,2.58869,0.985415,All
4.34866,0.986049,1.37737,0.986684,2.61056,0.986049,All
4.35601,0.986684,1.37852,0.987318,2.63086,0.986684,All
4.59967,0.987318,1.3973,0.987952,2.64092,0.987318,All
4.70222,0.987952,1.42579,0.988586,2.66034,0.987952,All
4.71215,0.988586,1.42922,0.98922,2.67635,0.988586,All
5.04876,0.98922,1.4508,0.989854,2.69732,0.98922,All
5.09088,0.989854,1.47504,0.990488,2.71371,0.989854,All
5.28884,0.990488,1.48733,0.991122,2.73533,0.990488,All
5.39807,0.991122,1.48846,0.991756,2.76231,0.991122,All
5.46644,0.991756,1.51141,0.992391,2.76622,0.991756,All
5.60306,0.992391,1.55099,0.993025,2.77121,0.992391,All
5.62322,0.993025,1.55171,0.993659,2.77387,0.993025,All
5.72772,0.993659,1.55781,0.994293,2.77908,0.993659,All
5.7623,0.994293,1.56943,0.994927,2.78055,0.994293,All
6.97908,0.994927,1.57814,0.995561,2.81456,0.994927,All
7.25453,0.995561,1.59145,0.996195,2.82126,0.995561,All
8.31201,0.996195,1.6329,0.996829,2.82966,0.996195,All
8.71571,0.996829,1.65767,0.997464,2.83204,0.996829,All
14.2014,0.997464,1.7769,0.998098,2.84271,0.997464,All
14.364,0.998098,2.03653,0.998732,2.84963,0.998098,All
15.5042,0.998732,2.34635,0.999366,2.8541,0.998732,All
18.5366,0.999366,2.36204,1,2.85768,0.999366,All
19.5664,1,4,1,2.87773,1,All
,,,,4,1,All
