trans_Cl_vs_WT_abscissa,trans_Cl_vs_WT_spline,trans_Cl_vs_WT_regression,trans_V_vs_WT_abscissa,trans_V_vs_WT_spline,trans_V_vs_WT_regression,split
25.1,0.806752,-0.232982,25.1,0.0110326,0.114455,All
26.998,0.443468,-0.239784,26.998,0.054309,0.111278,All
28.896,0.080184,-0.246587,28.896,0.0975854,0.108101,All
30.7939,-0.149661,-0.253389,30.7939,0.116521,0.104924,All
32.6919,-0.298724,-0.260192,32.6919,0.121451,0.101747,All
34.5899,-0.3756,-0.266994,34.5899,0.114913,0.0985704,All
36.4879,-0.411556,-0.273797,36.4879,0.102887,0.0953935,All
38.3859,-0.416014,-0.280599,38.3859,0.0875309,0.0922165,All
40.2838,-0.398055,-0.287402,40.2838,0.0717568,0.0890396,All
42.1818,-0.376761,-0.294204,42.1818,0.0597231,0.0858627,All
44.0798,-0.365364,-0.301007,44.0798,0.0537516,0.0826858,All
45.9778,-0.372668,-0.307809,45.9778,0.0576376,0.0795089,All
47.8758,-0.366999,-0.314612,47.8758,0.074648,0.0763319,All
49.7737,-0.318748,-0.321414,49.7737,0.103147,0.073155,All
51.6717,-0.488845,-0.328217,51.6717,0.0795978,0.0699781,All
53.5697,-0.542603,-0.335019,53.5697,0.0336469,0.0668012,All
55.4677,-0.303529,-0.341822,55.4677,0.0456205,0.0636242,All
57.3657,-0.467906,-0.348624,57.3657,0.0536936,0.0604473,All
59.2636,-0.372722,-0.355427,59.2636,0.0265182,0.0572704,All
61.1616,-0.439604,-0.362229,61.1616,0.0773019,0.0540935,All
63.0596,-0.411793,-0.369032,63.0596,0.0458347,0.0509166,All
64.9576,-0.209445,-0.375834,64.9576,0.101856,0.0477396,All
66.8556,-0.487585,-0.382637,66.8556,0.0112086,0.0445627,All
68.7535,-0.322426,-0.389439,68.7535,0.0717056,0.0413858,All
70.6515,-0.51537,-0.396242,70.6515,-0.0647202,0.0382089,All
72.5495,-0.199878,-0.403044,72.5495,0.0759091,0.035032,All
74.4475,-0.425636,-0.409847,74.4475,0.0119487,0.031855,All
76.3455,-0.445882,-0.416649,76.3455,0.0278045,0.0286781,All
78.2434,-0.563501,-0.423452,78.2434,-0.0339911,0.0255012,All
80.1414,-0.425103,-0.430254,80.1414,0.0493525,0.0223243,All
82.0394,-0.467072,-0.437057,82.0394,0.00911843,0.0191474,All
83.9374,-0.52357,-0.443859,83.9374,-0.00432253,0.0159704,All
85.8354,-0.284925,-0.450662,85.8354,0.00669996,0.0127935,All
87.7333,-0.540377,-0.457464,87.7333,-0.0224389,0.00961659,All
89.6313,-0.332793,-0.464267,89.6313,0.0294473,0.00643967,All
91.5293,-0.432283,-0.471069,91.5293,0.0816281,0.00326275,All
93.4273,-0.540865,-0.477872,93.4273,-0.0778267,8.58305e-05,All
95.3253,-0.378309,-0.484674,95.3253,-0.018611,-0.00309109,All
97.2232,-0.534668,-0.491477,97.2232,0.0242447,-0.00626801,All
99.1212,-0.558974,-0.498279,99.1212,0.0386593,-0.00944493,All
101.019,-0.412552,-0.505082,101.019,-0.0244512,-0.0126219,All
102.917,-0.515298,-0.511884,102.917,-0.0376114,-0.0157988,All
104.815,-0.461023,-0.518687,104.815,0.00471256,-0.0189757,All
106.713,-0.446582,-0.52549,106.713,0.00199707,-0.0221526,All
108.611,-0.540941,-0.532292,108.611,-0.0229426,-0.0253295,All
110.509,-0.594715,-0.539095,110.509,-0.0150705,-0.0285065,All
112.407,-0.558814,-0.545897,112.407,-0.0105426,-0.0316834,All
114.305,-0.499663,-0.5527,114.305,-0.0206242,-0.0348603,All
116.203,-0.501326,-0.559502,116.203,-0.0428923,-0.0380372,All
118.101,-0.549796,-0.566305,118.101,-0.067446,-0.0412141,All
119.999,-0.601248,-0.573107,119.999,-0.0825069,-0.0443911,All
121.897,-0.622609,-0.57991,121.897,-0.0791833,-0.047568,All
123.795,-0.620642,-0.586712,123.795,-0.0633817,-0.0507449,All
125.693,-0.609518,-0.593515,125.693,-0.0436218,-0.0539218,All
127.591,-0.600427,-0.600317,127.591,-0.0256389,-0.0570987,All
129.489,-0.609443,-0.60712,129.489,-0.0195597,-0.0602757,All
131.387,-0.645156,-0.613922,131.387,-0.0302314,-0.0634526,All
133.285,-0.699553,-0.620725,133.285,-0.0533279,-0.0666295,All
135.183,-0.761116,-0.627527,135.183,-0.0826024,-0.0698064,All
137.081,-0.818115,-0.63433,137.081,-0.111618,-0.0729833,All
138.979,-0.859444,-0.641132,138.979,-0.1343,-0.0761603,All
140.877,-0.878195,-0.647935,140.877,-0.146877,-0.0793372,All
142.775,-0.878992,-0.654737,142.775,-0.151472,-0.0825141,All
144.673,-0.864276,-0.66154,144.673,-0.149325,-0.085691,All
146.571,-0.839131,-0.668342,146.571,-0.142836,-0.088868,All
148.469,-0.807289,-0.675145,148.469,-0.133842,-0.0920449,All
150.367,-0.773297,-0.681947,150.367,-0.12439,-0.0952218,All
152.265,-0.740876,-0.68875,152.265,-0.116487,-0.0983987,All
154.163,-0.714181,-0.695552,154.163,-0.112134,-0.101576,All
156.061,-0.687736,-0.702355,156.061,-0.107925,-0.104753,All
157.959,-0.668885,-0.709157,157.959,-0.108069,-0.107929,All
159.857,-0.652637,-0.71596,159.857,-0.109597,-0.111106,All
161.755,-0.641508,-0.722762,161.755,-0.113718,-0.114283,All
163.653,-0.63489,-0.729565,163.653,-0.119776,-0.11746,All
165.551,-0.633347,-0.736367,165.551,-0.127859,-0.120637,All
167.448,-0.631804,-0.74317,167.448,-0.135942,-0.123814,All
169.346,-0.630261,-0.749972,169.346,-0.144024,-0.126991,All
171.244,-0.633858,-0.756775,171.244,-0.153496,-0.130168,All
173.142,-0.640836,-0.763577,173.142,-0.163726,-0.133345,All
175.04,-0.650066,-0.77038,175.04,-0.173526,-0.136522,All
176.938,-0.663719,-0.777182,176.938,-0.182482,-0.139699,All
178.836,-0.677371,-0.783985,178.836,-0.191437,-0.142876,All
180.734,-0.691024,-0.790787,180.734,-0.200393,-0.146053,All
182.632,-0.704676,-0.79759,182.632,-0.209348,-0.149229,All
184.53,-0.718328,-0.804392,184.53,-0.218304,-0.152406,All
186.428,-0.734759,-0.811195,186.428,-0.223815,-0.155583,All
188.326,-0.752103,-0.817997,188.326,-0.228194,-0.15876,All
190.224,-0.769236,-0.8248,190.224,-0.227542,-0.161937,All
192.122,-0.786224,-0.831602,192.122,-0.223427,-0.165114,All
194.02,-0.803213,-0.838405,194.02,-0.219312,-0.168291,All
195.918,-0.820201,-0.845207,195.918,-0.215196,-0.171468,All
197.816,-0.837189,-0.85201,197.816,-0.211081,-0.174645,All
199.714,-0.852759,-0.858813,199.714,-0.202093,-0.177822,All
201.612,-0.86598,-0.865615,201.612,-0.185028,-0.180999,All
203.51,-0.8792,-0.872418,203.51,-0.167962,-0.184176,All
205.408,-0.889204,-0.87922,205.408,-0.143773,-0.187352,All
207.306,-0.895701,-0.886023,207.306,-0.111817,-0.190529,All
209.204,-0.902198,-0.892825,209.204,-0.0798618,-0.193706,All
211.102,-0.908695,-0.899628,211.102,-0.0479064,-0.196883,All
213,-0.913114,-0.90643,213,-0.0119142,-0.20006,All
