pwRes_abscissa,pwRes_cdf,iwRes_abscissa,iwRes_cdf,npde_abscissa,npde_cdf,split
-4,0,-4.17397,0.000634115,-4,0,All
-1.84028,0.000634115,-3.44897,0.00126823,-2.77939,0.000634115,All
-1.78608,0.00126823,-2.98741,0.00190235,-2.3537,0.00126823,All
-1.7286,0.00190235,-2.91879,0.00253646,-2.2604,0.00190235,All
-1.60429,0.00253646,-2.8862,0.00317058,-2.25229,0.00253646,All
-1.53073,0.00317058,-2.37379,0.00380469,-2.11961,0.00317058,All
-1.49764,0.00380469,-2.22132,0.00443881,-2.09327,0.00380469,All
-1.48964,0.00443881,-2.07142,0.00507292,-2.06732,0.00443881,All
-1.47768,0.00507292,-2.02441,0.00570704,-2.05969,0.00507292,All
-1.47404,0.00570704,-1.82819,0.00634115,-1.95663,0.00570704,All
-1.46783,0.00634115,-1.82091,0.00697527,-1.94653,0.00634115,All
-1.46103,0.00697527,-1.59376,0.00760938,-1.92811,0.00697527,All
-1.45825,0.00760938,-1.54777,0.0082435,-1.92247,0.00760938,All
-1.45496,0.0082435,-1.53278,0.00887762,-1.92109,0.0082435,All
-1.45116,0.00887762,-1.53007,0.00951173,-1.92009,0.00887762,All
-1.44479,0.00951173,-1.47004,0.0101458,-1.90815,0.00951173,All
-1.42451,0.0101458,-1.34124,0.01078,-1.88597,0.0101458,All
-1.42249,0.01078,-1.31266,0.0114141,-1.88571,0.01078,All
-1.4197,0.0114141,-1.29064,0.0120482,-1.87729,0.0114141,All
-1.4054,0.0120482,-1.26494,0.0126823,-1.84728,0.0120482,All
-1.39659,0.0126823,-1.22306,0.0133164,-1.84569,0.0126823,All
-1.39631,0.0133164,-1.20417,0.0139505,-1.83781,0.0133164,All
-1.39568,0.0139505,-1.20362,0.0145847,-1.83204,0.0139505,All
-1.37925,0.0145847,-1.19802,0.0152188,-1.82623,0.0145847,All
-1.3746,0.0152188,-1.16669,0.0158529,-1.82282,0.0152188,All
-1.36972,0.0158529,-1.16161,0.016487,-1.77707,0.0158529,All
-1.367,0.016487,-1.12851,0.0171211,-1.77284,0.016487,All
-1.35408,0.0171211,-1.09598,0.0177552,-1.77045,0.0171211,All
-1.34269,0.0177552,-1.09583,0.0183893,-1.73971,0.0177552,All
-1.33589,0.0183893,-1.09466,0.0190235,-1.71795,0.0183893,All
-1.33131,0.0190235,-1.09335,0.0196576,-1.7065,0.0190235,All
-1.33058,0.0196576,-1.08989,0.0202917,-1.70561,0.0196576,All
-1.32999,0.0202917,-1.08704,0.0209258,-1.70077,0.0202917,All
-1.32603,0.0209258,-1.08201,0.0215599,-1.69913,0.0209258,All
-1.32382,0.0215599,-1.072,0.022194,-1.65958,0.0215599,All
-1.32033,0.022194,-1.06617,0.0228282,-1.6389,0.022194,All
-1.3161,0.0228282,-1.06252,0.0234623,-1.60276,0.0228282,All
-1.3071,0.0234623,-1.0575,0.0240964,-1.59731,0.0234623,All
-1.30476,0.0240964,-1.02713,0.0247305,-1.5837,0.0240964,All
-1.28727,0.0247305,-1.02678,0.0253646,-1.58005,0.0247305,All
-1.28715,0.0253646,-1.02616,0.0259987,-1.56908,0.0253646,All
-1.28611,0.0259987,-1.01681,0.0266328,-1.55998,0.0259987,All
-1.28541,0.0266328,-0.989461,0.027267,-1.55375,0.0266328,All
-1.28463,0.027267,-0.983112,0.0279011,-1.55252,0.027267,All
-1.2846,0.0279011,-0.982597,0.0285352,-1.54881,0.0279011,All
-1.28132,0.0285352,-0.972793,0.0291693,-1.54863,0.0285352,All
-1.27708,0.0291693,-0.966959,0.0298034,-1.54677,0.0291693,All
-1.2697,0.0298034,-0.958582,0.0304375,-1.54418,0.0298034,All
-1.26437,0.0304375,-0.957768,0.0310717,-1.5403,0.0304375,All
-1.26335,0.0310717,-0.951861,0.0317058,-1.53526,0.0310717,All
-1.24681,0.0317058,-0.944912,0.0323399,-1.52063,0.0317058,All
-1.24676,0.0323399,-0.93065,0.032974,-1.51815,0.0323399,All
-1.24464,0.032974,-0.92005,0.0336081,-1.51614,0.032974,All
-1.23959,0.0336081,-0.918327,0.0342422,-1.51611,0.0336081,All
-1.23476,0.0342422,-0.915247,0.0348763,-1.49479,0.0342422,All
-1.22378,0.0348763,-0.911569,0.0355105,-1.4914,0.0348763,All
-1.22098,0.0355105,-0.902173,0.0361446,-1.48538,0.0355105,All
-1.21352,0.0361446,-0.901632,0.0367787,-1.46023,0.0361446,All
-1.21127,0.0367787,-0.886159,0.0374128,-1.45046,0.0367787,All
-1.21066,0.0374128,-0.874435,0.0380469,-1.44631,0.0374128,All
-1.21059,0.0380469,-0.867325,0.038681,-1.445,0.0380469,All
-1.20622,0.038681,-0.863569,0.0393152,-1.4336,0.038681,All
-1.20537,0.0393152,-0.855858,0.0399493,-1.42933,0.0393152,All
-1.19839,0.0399493,-0.854006,0.0405834,-1.42406,0.0399493,All
-1.19535,0.0405834,-0.845469,0.0412175,-1.41971,0.0405834,All
-1.18998,0.0412175,-0.839989,0.0418516,-1.41152,0.0412175,All
-1.18966,0.0418516,-0.812972,0.0424857,-1.41024,0.0418516,All
-1.18346,0.0424857,-0.804372,0.0431198,-1.3909,0.0424857,All
-1.17866,0.0431198,-0.803854,0.043754,-1.3892,0.0431198,All
-1.17458,0.043754,-0.793322,0.0443881,-1.38557,0.043754,All
-1.1726,0.0443881,-0.789835,0.0450222,-1.3809,0.0443881,All
-1.17119,0.0450222,-0.787305,0.0456563,-1.36419,0.0450222,All
-1.16544,0.0456563,-0.780114,0.0462904,-1.36385,0.0456563,All
-1.16306,0.0462904,-0.776003,0.0469245,-1.36238,0.0462904,All
-1.15621,0.0469245,-0.771116,0.0475587,-1.35475,0.0469245,All
-1.1522,0.0475587,-0.767666,0.0481928,-1.34249,0.0475587,All
-1.15176,0.0481928,-0.765108,0.0488269,-1.34077,0.0481928,All
-1.15007,0.0488269,-0.760426,0.049461,-1.33837,0.0488269,All
-1.14196,0.049461,-0.754719,0.0500951,-1.32658,0.049461,All
-1.13938,0.0500951,-0.749505,0.0507292,-1.32447,0.0500951,All
-1.13271,0.0507292,-0.746676,0.0513633,-1.31646,0.0507292,All
-1.12765,0.0513633,-0.744981,0.0519975,-1.31432,0.0513633,All
-1.12609,0.0519975,-0.742494,0.0526316,-1.31431,0.0519975,All
-1.12497,0.0526316,-0.740692,0.0532657,-1.30651,0.0526316,All
-1.11546,0.0532657,-0.736177,0.0538998,-1.30432,0.0532657,All
-1.11362,0.0538998,-0.735708,0.0545339,-1.30191,0.0538998,All
-1.11359,0.0545339,-0.733785,0.055168,-1.29958,0.0545339,All
-1.11142,0.055168,-0.728226,0.0558022,-1.29728,0.055168,All
-1.10718,0.0558022,-0.726646,0.0564363,-1.29479,0.0558022,All
-1.10104,0.0564363,-0.723631,0.0570704,-1.29248,0.0564363,All
-1.09046,0.0570704,-0.713363,0.0577045,-1.28492,0.0570704,All
-1.08895,0.0577045,-0.712479,0.0583386,-1.2819,0.0577045,All
-1.08842,0.0583386,-0.712433,0.0589727,-1.25882,0.0583386,All
-1.08791,0.0589727,-0.709795,0.0596068,-1.24304,0.0589727,All
-1.08762,0.0596068,-0.709643,0.060241,-1.24064,0.0596068,All
-1.08245,0.060241,-0.709582,0.0608751,-1.22862,0.060241,All
-1.0809,0.0608751,-0.706007,0.0615092,-1.22715,0.0608751,All
-1.08034,0.0615092,-0.705187,0.0621433,-1.22519,0.0615092,All
-1.07999,0.0621433,-0.699829,0.0627774,-1.22008,0.0621433,All
-1.07785,0.0627774,-0.697287,0.0634115,-1.21972,0.0627774,All
-1.0773,0.0634115,-0.695167,0.0640457,-1.21954,0.0634115,All
-1.07529,0.0640457,-0.693019,0.0646798,-1.21706,0.0640457,All
-1.07383,0.0646798,-0.692546,0.0653139,-1.21125,0.0646798,All
-1.0715,0.0653139,-0.688943,0.065948,-1.2035,0.0653139,All
-1.06923,0.065948,-0.687553,0.0665821,-1.20348,0.065948,All
-1.06721,0.0665821,-0.686547,0.0672162,-1.20062,0.0665821,All
-1.06568,0.0672162,-0.684259,0.0678503,-1.20032,0.0672162,All
-1.06553,0.0678503,-0.681412,0.0684845,-1.20014,0.0678503,All
-1.06258,0.0684845,-0.681189,0.0691186,-1.19966,0.0684845,All
-1.05948,0.0691186,-0.681,0.0697527,-1.1963,0.0691186,All
-1.05941,0.0697527,-0.678778,0.0703868,-1.1955,0.0697527,All
-1.05731,0.0703868,-0.675721,0.0710209,-1.18812,0.0703868,All
-1.05367,0.0710209,-0.673253,0.071655,-1.18643,0.0710209,All
-1.05104,0.071655,-0.672837,0.0722892,-1.18373,0.071655,All
-1.05025,0.0722892,-0.67206,0.0729233,-1.18098,0.0722892,All
-1.04786,0.0729233,-0.670448,0.0735574,-1.17978,0.0729233,All
-1.04501,0.0735574,-0.670019,0.0741915,-1.17968,0.0735574,All
-1.04223,0.0741915,-0.669162,0.0748256,-1.17731,0.0741915,All
-1.04149,0.0748256,-0.662866,0.0754597,-1.17603,0.0748256,All
-1.03922,0.0754597,-0.661323,0.0760938,-1.17536,0.0754597,All
-1.03741,0.0760938,-0.657946,0.076728,-1.17435,0.0760938,All
-1.03352,0.076728,-0.657376,0.0773621,-1.17097,0.076728,All
-1.0333,0.0773621,-0.656691,0.0779962,-1.163,0.0773621,All
-1.03133,0.0779962,-0.654462,0.0786303,-1.15994,0.0779962,All
-1.03094,0.0786303,-0.654459,0.0792644,-1.15929,0.0786303,All
-1.02952,0.0792644,-0.653195,0.0798985,-1.15613,0.0792644,All
-1.02829,0.0798985,-0.651551,0.0805327,-1.15515,0.0798985,All
-1.02618,0.0805327,-0.650572,0.0811668,-1.14343,0.0805327,All
-1.02426,0.0811668,-0.650512,0.0818009,-1.14273,0.0811668,All
-1.02338,0.0818009,-0.648788,0.082435,-1.14074,0.0818009,All
-1.02245,0.082435,-0.642985,0.0830691,-1.13671,0.082435,All
-1.01855,0.0830691,-0.637115,0.0837032,-1.13638,0.0830691,All
-1.01752,0.0837032,-0.635287,0.0843373,-1.13246,0.0837032,All
-1.01612,0.0843373,-0.634808,0.0849715,-1.12647,0.0843373,All
-1.00921,0.0849715,-0.634242,0.0856056,-1.12465,0.0849715,All
-1.00842,0.0856056,-0.633277,0.0862397,-1.12391,0.0856056,All
-1.00769,0.0862397,-0.632539,0.0868738,-1.11945,0.0862397,All
-1.00513,0.0868738,-0.630038,0.0875079,-1.11723,0.0868738,All
-1.00463,0.0875079,-0.625236,0.088142,-1.11121,0.0875079,All
-1.00286,0.088142,-0.622612,0.0887762,-1.11069,0.088142,All
-1.00253,0.0887762,-0.621417,0.0894103,-1.10988,0.0887762,All
-1.00004,0.0894103,-0.616629,0.0900444,-1.10834,0.0894103,All
-0.999527,0.0900444,-0.61636,0.0906785,-1.10747,0.0900444,All
-0.997771,0.0906785,-0.616092,0.0913126,-1.10691,0.0906785,All
-0.995925,0.0913126,-0.616059,0.0919467,-1.10625,0.0913126,All
-0.991254,0.0919467,-0.611232,0.0925808,-1.10452,0.0919467,All
-0.990069,0.0925808,-0.608088,0.093215,-1.10317,0.0925808,All
-0.989442,0.093215,-0.605959,0.0938491,-1.09596,0.093215,All
-0.988662,0.0938491,-0.603141,0.0944832,-1.09034,0.0938491,All
-0.984707,0.0944832,-0.602998,0.0951173,-1.0901,0.0944832,All
-0.98421,0.0951173,-0.602093,0.0957514,-1.08676,0.0951173,All
-0.975762,0.0957514,-0.601475,0.0963855,-1.08246,0.0957514,All
-0.975245,0.0963855,-0.60066,0.0970197,-1.0801,0.0963855,All
-0.970936,0.0970197,-0.600203,0.0976538,-1.07535,0.0970197,All
-0.970621,0.0976538,-0.599498,0.0982879,-1.07473,0.0976538,All
-0.967987,0.0982879,-0.597278,0.098922,-1.07247,0.0982879,All
-0.965208,0.098922,-0.596951,0.0995561,-1.06796,0.098922,All
-0.964718,0.0995561,-0.590396,0.10019,-1.06251,0.0995561,All
-0.962651,0.10019,-0.589982,0.100824,-1.05753,0.10019,All
-0.961248,0.100824,-0.589256,0.101458,-1.05664,0.100824,All
-0.960848,0.101458,-0.586921,0.102093,-1.04804,0.101458,All
-0.959433,0.102093,-0.585052,0.102727,-1.04696,0.102093,All
-0.959252,0.102727,-0.584307,0.103361,-1.04684,0.102727,All
-0.956942,0.103361,-0.581967,0.103995,-1.04028,0.103361,All
-0.953331,0.103995,-0.581482,0.104629,-1.03973,0.103995,All
-0.952864,0.104629,-0.578564,0.105263,-1.03625,0.104629,All
-0.951922,0.105263,-0.574776,0.105897,-1.03343,0.105263,All
-0.951067,0.105897,-0.574574,0.106531,-1.02308,0.105897,All
-0.950821,0.106531,-0.571539,0.107166,-1.0216,0.106531,All
-0.950314,0.107166,-0.571438,0.1078,-1.01685,0.107166,All
-0.94995,0.1078,-0.571077,0.108434,-1.01549,0.1078,All
-0.948374,0.108434,-0.566437,0.109068,-1.01475,0.108434,All
-0.944161,0.109068,-0.564382,0.109702,-1.01403,0.109068,All
-0.941802,0.109702,-0.56424,0.110336,-1.01375,0.109702,All
-0.941434,0.110336,-0.563019,0.11097,-1.01138,0.110336,All
-0.939934,0.11097,-0.557184,0.111604,-1.00804,0.11097,All
-0.935941,0.111604,-0.555596,0.112238,-1.00577,0.111604,All
-0.933632,0.112238,-0.555474,0.112873,-1.00571,0.112238,All
-0.93306,0.112873,-0.555437,0.113507,-0.999305,0.112873,All
-0.927933,0.113507,-0.555378,0.114141,-0.996013,0.113507,All
-0.926172,0.114141,-0.554908,0.114775,-0.993318,0.114141,All
-0.924394,0.114775,-0.553685,0.115409,-0.991407,0.114775,All
-0.923472,0.115409,-0.552475,0.116043,-0.987102,0.115409,All
-0.922898,0.116043,-0.551913,0.116677,-0.984973,0.116043,All
-0.921195,0.116677,-0.547345,0.117311,-0.983239,0.116677,All
-0.920997,0.117311,-0.543352,0.117945,-0.981039,0.117311,All
-0.916397,0.117945,-0.542752,0.11858,-0.978515,0.117945,All
-0.915536,0.11858,-0.53894,0.119214,-0.976879,0.11858,All
-0.91189,0.119214,-0.538043,0.119848,-0.976231,0.119214,All
-0.911559,0.119848,-0.537756,0.120482,-0.97512,0.119848,All
-0.907794,0.120482,-0.537393,0.121116,-0.97273,0.120482,All
-0.906039,0.121116,-0.537261,0.12175,-0.970965,0.121116,All
-0.90392,0.12175,-0.536789,0.122384,-0.969232,0.12175,All
-0.90165,0.122384,-0.534057,0.123018,-0.968334,0.122384,All
-0.901508,0.123018,-0.526901,0.123653,-0.967232,0.123018,All
-0.899491,0.123653,-0.526374,0.124287,-0.96073,0.123653,All
-0.898824,0.124287,-0.525888,0.124921,-0.958765,0.124287,All
-0.898557,0.124921,-0.525748,0.125555,-0.949124,0.124921,All
-0.895429,0.125555,-0.522209,0.126189,-0.946326,0.125555,All
-0.895238,0.126189,-0.522078,0.126823,-0.944303,0.126189,All
-0.894825,0.126823,-0.521818,0.127457,-0.940592,0.126823,All
-0.893493,0.127457,-0.521689,0.128091,-0.93681,0.127457,All
-0.892565,0.128091,-0.521569,0.128725,-0.935882,0.128091,All
-0.890784,0.128725,-0.520714,0.12936,-0.934647,0.128725,All
-0.888881,0.12936,-0.519737,0.129994,-0.924936,0.12936,All
-0.887416,0.129994,-0.518751,0.130628,-0.911128,0.129994,All
-0.880853,0.130628,-0.518311,0.131262,-0.908408,0.130628,All
-0.880198,0.131262,-0.517789,0.131896,-0.906918,0.131262,All
-0.87966,0.131896,-0.515591,0.13253,-0.904066,0.131896,All
-0.878225,0.13253,-0.512431,0.133164,-0.901427,0.13253,All
-0.874284,0.133164,-0.511945,0.133798,-0.900066,0.133164,All
-0.873954,0.133798,-0.511302,0.134432,-0.897189,0.133798,All
-0.868081,0.134432,-0.510423,0.135067,-0.894507,0.134432,All
-0.86708,0.135067,-0.507074,0.135701,-0.891803,0.135067,All
-0.866704,0.135701,-0.505842,0.136335,-0.89024,0.135701,All
-0.862782,0.136335,-0.504131,0.136969,-0.889654,0.136335,All
-0.861727,0.136969,-0.502502,0.137603,-0.8878,0.136969,All
-0.856003,0.137603,-0.499587,0.138237,-0.886721,0.137603,All
-0.853693,0.138237,-0.497855,0.138871,-0.886407,0.138237,All
-0.851365,0.138871,-0.497319,0.139505,-0.884281,0.138871,All
-0.849442,0.139505,-0.497209,0.14014,-0.881605,0.139505,All
-0.848555,0.14014,-0.497202,0.140774,-0.880971,0.14014,All
-0.847637,0.140774,-0.495844,0.141408,-0.879958,0.140774,All
-0.84471,0.141408,-0.495756,0.142042,-0.879838,0.141408,All
-0.842928,0.142042,-0.495249,0.142676,-0.878418,0.142042,All
-0.842546,0.142676,-0.495099,0.14331,-0.877384,0.142676,All
-0.842386,0.14331,-0.494631,0.143944,-0.870077,0.14331,All
-0.841529,0.143944,-0.492499,0.144578,-0.867197,0.143944,All
-0.840423,0.144578,-0.491535,0.145212,-0.867115,0.144578,All
-0.840378,0.145212,-0.491179,0.145847,-0.866969,0.145212,All
-0.838634,0.145847,-0.487479,0.146481,-0.866757,0.145847,All
-0.835287,0.146481,-0.486685,0.147115,-0.866591,0.146481,All
-0.834776,0.147115,-0.485841,0.147749,-0.862054,0.147115,All
-0.831953,0.147749,-0.484959,0.148383,-0.860428,0.147749,All
-0.830257,0.148383,-0.482443,0.149017,-0.859576,0.148383,All
-0.827636,0.149017,-0.48179,0.149651,-0.859112,0.149017,All
-0.826912,0.149651,-0.481781,0.150285,-0.856534,0.149651,All
-0.826034,0.150285,-0.481485,0.150919,-0.856344,0.150285,All
-0.825351,0.150919,-0.481216,0.151554,-0.855703,0.150919,All
-0.825259,0.151554,-0.480168,0.152188,-0.852365,0.151554,All
-0.823164,0.152188,-0.480089,0.152822,-0.852267,0.152188,All
-0.822096,0.152822,-0.477781,0.153456,-0.850265,0.152822,All
-0.821091,0.153456,-0.473094,0.15409,-0.849456,0.153456,All
-0.820098,0.15409,-0.471514,0.154724,-0.837071,0.15409,All
-0.814634,0.154724,-0.471412,0.155358,-0.83702,0.154724,All
-0.809077,0.155358,-0.468192,0.155992,-0.833735,0.155358,All
-0.808576,0.155992,-0.468087,0.156627,-0.83274,0.155992,All
-0.807178,0.156627,-0.46784,0.157261,-0.829864,0.156627,All
-0.806978,0.157261,-0.467713,0.157895,-0.829336,0.157261,All
-0.804261,0.157895,-0.467329,0.158529,-0.82865,0.157895,All
-0.804046,0.158529,-0.467045,0.159163,-0.827654,0.158529,All
-0.80342,0.159163,-0.46681,0.159797,-0.827092,0.159163,All
-0.803124,0.159797,-0.466718,0.160431,-0.826815,0.159797,All
-0.802415,0.160431,-0.465535,0.161065,-0.825901,0.160431,All
-0.799985,0.161065,-0.461829,0.161699,-0.8228,0.161065,All
-0.799916,0.161699,-0.460687,0.162334,-0.812131,0.161699,All
-0.7993,0.162334,-0.459503,0.162968,-0.810598,0.162334,All
-0.799144,0.162968,-0.45948,0.163602,-0.809771,0.162968,All
-0.798751,0.163602,-0.458284,0.164236,-0.808865,0.163602,All
-0.798679,0.164236,-0.456568,0.16487,-0.808448,0.164236,All
-0.795509,0.16487,-0.456487,0.165504,-0.805531,0.16487,All
-0.793279,0.165504,-0.456037,0.166138,-0.804492,0.165504,All
-0.790528,0.166138,-0.455839,0.166772,-0.797061,0.166138,All
-0.790111,0.166772,-0.454979,0.167406,-0.795875,0.166772,All
-0.789845,0.167406,-0.454192,0.168041,-0.795117,0.167406,All
-0.788451,0.168041,-0.453639,0.168675,-0.791554,0.168041,All
-0.788208,0.168675,-0.45143,0.169309,-0.790043,0.168675,All
-0.78725,0.169309,-0.450908,0.169943,-0.787731,0.169309,All
-0.786646,0.169943,-0.450469,0.170577,-0.784961,0.169943,All
-0.784687,0.170577,-0.448648,0.171211,-0.784956,0.170577,All
-0.77693,0.171211,-0.448568,0.171845,-0.778698,0.171211,All
-0.776515,0.171845,-0.448513,0.172479,-0.765374,0.171845,All
-0.773622,0.172479,-0.448348,0.173114,-0.765235,0.172479,All
-0.772354,0.173114,-0.448341,0.173748,-0.763988,0.173114,All
-0.771059,0.173748,-0.448018,0.174382,-0.761816,0.173748,All
-0.766148,0.174382,-0.44796,0.175016,-0.761229,0.174382,All
-0.764125,0.175016,-0.447556,0.17565,-0.758176,0.175016,All
-0.761865,0.17565,-0.446671,0.176284,-0.754675,0.17565,All
-0.761846,0.176284,-0.44656,0.176918,-0.753849,0.176284,All
-0.757894,0.176918,-0.445636,0.177552,-0.753206,0.176918,All
-0.755161,0.177552,-0.441356,0.178186,-0.7518,0.177552,All
-0.754849,0.178186,-0.440769,0.178821,-0.750324,0.178186,All
-0.753441,0.178821,-0.440409,0.179455,-0.747882,0.178821,All
-0.748368,0.179455,-0.439884,0.180089,-0.747154,0.179455,All
-0.747489,0.180089,-0.436956,0.180723,-0.746449,0.180089,All
-0.74737,0.180723,-0.436614,0.181357,-0.744663,0.180723,All
-0.746136,0.181357,-0.435593,0.181991,-0.742345,0.181357,All
-0.745925,0.181991,-0.430918,0.182625,-0.742074,0.181991,All
-0.745881,0.182625,-0.429248,0.183259,-0.742044,0.182625,All
-0.744959,0.183259,-0.428189,0.183893,-0.740405,0.183259,All
-0.7449,0.183893,-0.427226,0.184528,-0.73964,0.183893,All
-0.74278,0.184528,-0.426063,0.185162,-0.738707,0.184528,All
-0.742346,0.185162,-0.42372,0.185796,-0.738406,0.185162,All
-0.74206,0.185796,-0.42258,0.18643,-0.736828,0.185796,All
-0.734314,0.18643,-0.421165,0.187064,-0.733446,0.18643,All
-0.732783,0.187064,-0.421021,0.187698,-0.732765,0.187064,All
-0.731154,0.187698,-0.419727,0.188332,-0.73025,0.187698,All
-0.729398,0.188332,-0.418613,0.188966,-0.729746,0.188332,All
-0.728108,0.188966,-0.418429,0.189601,-0.728819,0.188966,All
-0.727312,0.189601,-0.417999,0.190235,-0.727645,0.189601,All
-0.725242,0.190235,-0.416895,0.190869,-0.726908,0.190235,All
-0.724072,0.190869,-0.416058,0.191503,-0.725944,0.190869,All
-0.722985,0.191503,-0.415558,0.192137,-0.722807,0.191503,All
-0.721865,0.192137,-0.413979,0.192771,-0.720894,0.192137,All
-0.721687,0.192771,-0.412295,0.193405,-0.720731,0.192771,All
-0.718982,0.193405,-0.411167,0.194039,-0.719368,0.193405,All
-0.718639,0.194039,-0.410854,0.194673,-0.718099,0.194039,All
-0.716477,0.194673,-0.408409,0.195308,-0.711884,0.194673,All
-0.715831,0.195308,-0.407426,0.195942,-0.709445,0.195308,All
-0.713492,0.195942,-0.406909,0.196576,-0.705422,0.195942,All
-0.71283,0.196576,-0.406604,0.19721,-0.705166,0.196576,All
-0.712148,0.19721,-0.406411,0.197844,-0.701977,0.19721,All
-0.711863,0.197844,-0.405819,0.198478,-0.701381,0.197844,All
-0.710605,0.198478,-0.40426,0.199112,-0.692848,0.198478,All
-0.708771,0.199112,-0.401792,0.199746,-0.692333,0.199112,All
-0.708428,0.199746,-0.400302,0.20038,-0.6919,0.199746,All
-0.708315,0.20038,-0.40008,0.201015,-0.691532,0.20038,All
-0.706389,0.201015,-0.397955,0.201649,-0.691463,0.201015,All
-0.705537,0.201649,-0.397096,0.202283,-0.689011,0.201649,All
-0.704494,0.202283,-0.396551,0.202917,-0.687113,0.202283,All
-0.704347,0.202917,-0.396372,0.203551,-0.686962,0.202917,All
-0.703488,0.203551,-0.396189,0.204185,-0.682426,0.203551,All
-0.702462,0.204185,-0.395493,0.204819,-0.680764,0.204185,All
-0.702169,0.204819,-0.395213,0.205453,-0.679628,0.204819,All
-0.700837,0.205453,-0.394106,0.206088,-0.675443,0.205453,All
-0.698831,0.206088,-0.393576,0.206722,-0.673692,0.206088,All
-0.697463,0.206722,-0.393076,0.207356,-0.673112,0.206722,All
-0.695851,0.207356,-0.392982,0.20799,-0.665323,0.207356,All
-0.69549,0.20799,-0.391805,0.208624,-0.664216,0.20799,All
-0.694855,0.208624,-0.391246,0.209258,-0.66419,0.208624,All
-0.694517,0.209258,-0.390999,0.209892,-0.663221,0.209258,All
-0.693267,0.209892,-0.390533,0.210526,-0.658407,0.209892,All
-0.691632,0.210526,-0.389251,0.21116,-0.657734,0.210526,All
-0.68956,0.21116,-0.389216,0.211795,-0.657523,0.21116,All
-0.689452,0.211795,-0.388918,0.212429,-0.657263,0.211795,All
-0.685658,0.212429,-0.388155,0.213063,-0.657142,0.212429,All
-0.68302,0.213063,-0.387619,0.213697,-0.656854,0.213063,All
-0.68122,0.213697,-0.386436,0.214331,-0.654729,0.213697,All
-0.681061,0.214331,-0.38565,0.214965,-0.653239,0.214331,All
-0.68019,0.214965,-0.384618,0.215599,-0.650894,0.214965,All
-0.678779,0.215599,-0.382947,0.216233,-0.650894,0.215599,All
-0.67618,0.216233,-0.380737,0.216867,-0.64881,0.216233,All
-0.674677,0.216867,-0.380245,0.217502,-0.646175,0.216867,All
-0.672336,0.217502,-0.377942,0.218136,-0.646055,0.217502,All
-0.672088,0.218136,-0.368756,0.21877,-0.642095,0.218136,All
-0.67028,0.21877,-0.365162,0.219404,-0.641966,0.21877,All
-0.669583,0.219404,-0.360621,0.220038,-0.640353,0.219404,All
-0.668034,0.220038,-0.35937,0.220672,-0.636209,0.220038,All
-0.667496,0.220672,-0.358976,0.221306,-0.633725,0.220672,All
-0.663424,0.221306,-0.356742,0.22194,-0.631347,0.221306,All
-0.662988,0.22194,-0.355081,0.222575,-0.630525,0.22194,All
-0.661491,0.222575,-0.354442,0.223209,-0.629572,0.222575,All
-0.660977,0.223209,-0.353576,0.223843,-0.628728,0.223209,All
-0.660202,0.223843,-0.352937,0.224477,-0.628536,0.223843,All
-0.658644,0.224477,-0.352596,0.225111,-0.627988,0.224477,All
-0.65834,0.225111,-0.352426,0.225745,-0.625459,0.225111,All
-0.657866,0.225745,-0.352151,0.226379,-0.624054,0.225745,All
-0.655725,0.226379,-0.352126,0.227013,-0.62235,0.226379,All
-0.651813,0.227013,-0.351547,0.227647,-0.621504,0.227013,All
-0.651629,0.227647,-0.351533,0.228282,-0.621162,0.227647,All
-0.650318,0.228282,-0.350472,0.228916,-0.619089,0.228282,All
-0.648389,0.228916,-0.34857,0.22955,-0.617004,0.228916,All
-0.647655,0.22955,-0.348498,0.230184,-0.614059,0.22955,All
-0.646913,0.230184,-0.347776,0.230818,-0.612735,0.230184,All
-0.645895,0.230818,-0.347668,0.231452,-0.612274,0.230818,All
-0.63985,0.231452,-0.347287,0.232086,-0.611584,0.231452,All
-0.632011,0.232086,-0.34671,0.23272,-0.608387,0.232086,All
-0.62901,0.23272,-0.34554,0.233354,-0.607858,0.23272,All
-0.628016,0.233354,-0.345066,0.233989,-0.600655,0.233354,All
-0.627303,0.233989,-0.344495,0.234623,-0.600182,0.233989,All
-0.626146,0.234623,-0.343077,0.235257,-0.599706,0.234623,All
-0.624192,0.235257,-0.342969,0.235891,-0.598203,0.235257,All
-0.623832,0.235891,-0.342941,0.236525,-0.594607,0.235891,All
-0.623389,0.236525,-0.342767,0.237159,-0.594355,0.236525,All
-0.622658,0.237159,-0.342059,0.237793,-0.59412,0.237159,All
-0.621596,0.237793,-0.340415,0.238427,-0.590779,0.237793,All
-0.620861,0.238427,-0.340401,0.239062,-0.58428,0.238427,All
-0.620521,0.239062,-0.338636,0.239696,-0.582773,0.239062,All
-0.619397,0.239696,-0.338129,0.24033,-0.581922,0.239696,All
-0.614631,0.24033,-0.33785,0.240964,-0.579639,0.24033,All
-0.613883,0.240964,-0.337821,0.241598,-0.579569,0.240964,All
-0.61342,0.241598,-0.337233,0.242232,-0.579256,0.241598,All
-0.612191,0.242232,-0.336799,0.242866,-0.577704,0.242232,All
-0.611932,0.242866,-0.335352,0.2435,-0.575315,0.242866,All
-0.611286,0.2435,-0.33511,0.244134,-0.572923,0.2435,All
-0.610553,0.244134,-0.334693,0.244769,-0.568913,0.244134,All
-0.610164,0.244769,-0.334103,0.245403,-0.566117,0.244769,All
-0.610059,0.245403,-0.33297,0.246037,-0.563653,0.245403,All
-0.608225,0.246037,-0.3323,0.246671,-0.563504,0.246037,All
-0.604436,0.246671,-0.331019,0.247305,-0.562186,0.246671,All
-0.604033,0.247305,-0.32943,0.247939,-0.561806,0.247305,All
-0.60273,0.247939,-0.328949,0.248573,-0.558087,0.247939,All
-0.601786,0.248573,-0.327886,0.249207,-0.557449,0.248573,All
-0.600068,0.249207,-0.327029,0.249841,-0.556046,0.249207,All
-0.59888,0.249841,-0.326242,0.250476,-0.552525,0.249841,All
-0.598677,0.250476,-0.324498,0.25111,-0.548288,0.250476,All
-0.598051,0.25111,-0.324454,0.251744,-0.546988,0.25111,All
-0.596659,0.251744,-0.323646,0.252378,-0.544816,0.251744,All
-0.596433,0.252378,-0.323364,0.253012,-0.544317,0.252378,All
-0.596302,0.253012,-0.323309,0.253646,-0.543215,0.253012,All
-0.594477,0.253646,-0.322843,0.25428,-0.539774,0.253646,All
-0.593404,0.25428,-0.32202,0.254914,-0.539737,0.25428,All
-0.593058,0.254914,-0.321033,0.255549,-0.539519,0.254914,All
-0.588844,0.255549,-0.320238,0.256183,-0.538206,0.255549,All
-0.587891,0.256183,-0.319908,0.256817,-0.538186,0.256183,All
-0.585212,0.256817,-0.318037,0.257451,-0.537219,0.256817,All
-0.584118,0.257451,-0.316818,0.258085,-0.532677,0.257451,All
-0.581755,0.258085,-0.316218,0.258719,-0.530219,0.258085,All
-0.579169,0.258719,-0.315495,0.259353,-0.528286,0.258719,All
-0.578276,0.259353,-0.314787,0.259987,-0.528007,0.259353,All
-0.578039,0.259987,-0.31441,0.260621,-0.526901,0.259987,All
-0.57788,0.260621,-0.313458,0.261256,-0.526543,0.260621,All
-0.575726,0.261256,-0.313208,0.26189,-0.526434,0.261256,All
-0.575032,0.26189,-0.31293,0.262524,-0.526136,0.26189,All
-0.573497,0.262524,-0.312065,0.263158,-0.524966,0.262524,All
-0.572273,0.263158,-0.311728,0.263792,-0.523905,0.263158,All
-0.570558,0.263792,-0.311009,0.264426,-0.52386,0.263792,All
-0.563369,0.264426,-0.310161,0.26506,-0.522177,0.264426,All
-0.56292,0.26506,-0.309862,0.265694,-0.522053,0.26506,All
-0.561586,0.265694,-0.309742,0.266328,-0.518953,0.265694,All
-0.560703,0.266328,-0.309591,0.266963,-0.516708,0.266328,All
-0.560044,0.266963,-0.308746,0.267597,-0.516185,0.266963,All
-0.558992,0.267597,-0.307218,0.268231,-0.515111,0.267597,All
-0.558983,0.268231,-0.307034,0.268865,-0.515009,0.268231,All
-0.558477,0.268865,-0.306862,0.269499,-0.514245,0.268865,All
-0.557859,0.269499,-0.30611,0.270133,-0.512582,0.269499,All
-0.556959,0.270133,-0.304472,0.270767,-0.511768,0.270133,All
-0.556474,0.270767,-0.303226,0.271401,-0.511634,0.270767,All
-0.55593,0.271401,-0.301078,0.272036,-0.511228,0.271401,All
-0.555108,0.272036,-0.299937,0.27267,-0.510948,0.272036,All
-0.55498,0.27267,-0.299532,0.273304,-0.505222,0.27267,All
-0.554377,0.273304,-0.297255,0.273938,-0.504442,0.273304,All
-0.549614,0.273938,-0.296946,0.274572,-0.503048,0.273938,All
-0.549192,0.274572,-0.296666,0.275206,-0.49812,0.274572,All
-0.54839,0.275206,-0.295086,0.27584,-0.495304,0.275206,All
-0.547976,0.27584,-0.294801,0.276474,-0.492791,0.27584,All
-0.546131,0.276474,-0.29442,0.277108,-0.491029,0.276474,All
-0.53606,0.277108,-0.29388,0.277743,-0.488461,0.277108,All
-0.534698,0.277743,-0.293874,0.278377,-0.487001,0.277743,All
-0.532908,0.278377,-0.293324,0.279011,-0.486048,0.278377,All
-0.53247,0.279011,-0.291799,0.279645,-0.484369,0.279011,All
-0.530808,0.279645,-0.291365,0.280279,-0.481269,0.279645,All
-0.530205,0.280279,-0.288951,0.280913,-0.47936,0.280279,All
-0.530197,0.280913,-0.288799,0.281547,-0.476005,0.280913,All
-0.52661,0.281547,-0.287098,0.282181,-0.4745,0.281547,All
-0.525968,0.282181,-0.286975,0.282815,-0.474316,0.282181,All
-0.524637,0.282815,-0.286861,0.28345,-0.47238,0.282815,All
-0.524361,0.28345,-0.286564,0.284084,-0.471331,0.28345,All
-0.524001,0.284084,-0.285974,0.284718,-0.46984,0.284084,All
-0.522763,0.284718,-0.285137,0.285352,-0.463041,0.284718,All
-0.52241,0.285352,-0.284775,0.285986,-0.461597,0.285352,All
-0.521254,0.285986,-0.284445,0.28662,-0.459285,0.285986,All
-0.519645,0.28662,-0.283793,0.287254,-0.45801,0.28662,All
-0.51947,0.287254,-0.283709,0.287888,-0.455273,0.287254,All
-0.516568,0.287888,-0.280489,0.288523,-0.453858,0.287888,All
-0.515745,0.288523,-0.279527,0.289157,-0.453331,0.288523,All
-0.513959,0.289157,-0.279199,0.289791,-0.453328,0.289157,All
-0.510828,0.289791,-0.278704,0.290425,-0.452389,0.289791,All
-0.510373,0.290425,-0.278269,0.291059,-0.446156,0.290425,All
-0.509445,0.291059,-0.278251,0.291693,-0.444127,0.291059,All
-0.509394,0.291693,-0.278226,0.292327,-0.444014,0.291693,All
-0.509343,0.292327,-0.278136,0.292961,-0.443025,0.292327,All
-0.509072,0.292961,-0.275706,0.293595,-0.441959,0.292961,All
-0.507998,0.293595,-0.274013,0.29423,-0.440918,0.293595,All
-0.506743,0.29423,-0.271498,0.294864,-0.439278,0.29423,All
-0.50493,0.294864,-0.27141,0.295498,-0.438708,0.294864,All
-0.503801,0.295498,-0.271316,0.296132,-0.438145,0.295498,All
-0.500503,0.296132,-0.269408,0.296766,-0.435388,0.296132,All
-0.500162,0.296766,-0.266866,0.2974,-0.432537,0.296766,All
-0.499355,0.2974,-0.266012,0.298034,-0.431998,0.2974,All
-0.498755,0.298034,-0.265467,0.298668,-0.431653,0.298034,All
-0.497333,0.298668,-0.265357,0.299302,-0.431456,0.298668,All
-0.496989,0.299302,-0.265094,0.299937,-0.429625,0.299302,All
-0.494823,0.299937,-0.264115,0.300571,-0.429574,0.299937,All
-0.49434,0.300571,-0.26388,0.301205,-0.426506,0.300571,All
-0.49397,0.301205,-0.263713,0.301839,-0.42609,0.301205,All
-0.492852,0.301839,-0.262983,0.302473,-0.425083,0.301839,All
-0.491979,0.302473,-0.262746,0.303107,-0.425062,0.302473,All
-0.491072,0.303107,-0.260815,0.303741,-0.423799,0.303107,All
-0.490962,0.303741,-0.260487,0.304375,-0.423167,0.303741,All
-0.490838,0.304375,-0.259209,0.30501,-0.419768,0.304375,All
-0.489459,0.30501,-0.256213,0.305644,-0.419682,0.30501,All
-0.48693,0.305644,-0.254991,0.306278,-0.419451,0.305644,All
-0.485661,0.306278,-0.254821,0.306912,-0.417421,0.306278,All
-0.48473,0.306912,-0.254757,0.307546,-0.414739,0.306912,All
-0.479309,0.307546,-0.25452,0.30818,-0.411301,0.307546,All
-0.478783,0.30818,-0.254321,0.308814,-0.411115,0.30818,All
-0.475315,0.308814,-0.254196,0.309448,-0.408362,0.308814,All
-0.474705,0.309448,-0.253241,0.310082,-0.407716,0.309448,All
-0.473865,0.310082,-0.252667,0.310717,-0.406813,0.310082,All
-0.472513,0.310717,-0.252449,0.311351,-0.405842,0.310717,All
-0.471275,0.311351,-0.251769,0.311985,-0.394934,0.311351,All
-0.469913,0.311985,-0.251644,0.312619,-0.394743,0.311985,All
-0.468886,0.312619,-0.251083,0.313253,-0.394478,0.312619,All
-0.467834,0.313253,-0.250965,0.313887,-0.39272,0.313253,All
-0.465241,0.313887,-0.250486,0.314521,-0.391837,0.313887,All
-0.463902,0.314521,-0.248784,0.315155,-0.3903,0.314521,All
-0.462358,0.315155,-0.248663,0.315789,-0.390214,0.315155,All
-0.460032,0.315789,-0.247365,0.316424,-0.389226,0.315789,All
-0.459209,0.316424,-0.24701,0.317058,-0.387822,0.316424,All
-0.458132,0.317058,-0.246049,0.317692,-0.387599,0.317058,All
-0.45648,0.317692,-0.245445,0.318326,-0.386371,0.317692,All
-0.45542,0.318326,-0.245134,0.31896,-0.384297,0.318326,All
-0.454737,0.31896,-0.244382,0.319594,-0.378987,0.31896,All
-0.454121,0.319594,-0.244258,0.320228,-0.377556,0.319594,All
-0.453997,0.320228,-0.242819,0.320862,-0.376639,0.320228,All
-0.453268,0.320862,-0.24249,0.321497,-0.374069,0.320862,All
-0.452145,0.321497,-0.241963,0.322131,-0.37386,0.321497,All
-0.452086,0.322131,-0.241696,0.322765,-0.370805,0.322131,All
-0.450377,0.322765,-0.240334,0.323399,-0.370801,0.322765,All
-0.448907,0.323399,-0.238751,0.324033,-0.369497,0.323399,All
-0.447935,0.324033,-0.238237,0.324667,-0.369257,0.324033,All
-0.443444,0.324667,-0.237385,0.325301,-0.367849,0.324667,All
-0.441299,0.325301,-0.237053,0.325935,-0.366049,0.325301,All
-0.439843,0.325935,-0.235162,0.326569,-0.365939,0.325935,All
-0.439492,0.326569,-0.23439,0.327204,-0.365006,0.326569,All
-0.438983,0.327204,-0.233692,0.327838,-0.363571,0.327204,All
-0.43797,0.327838,-0.233412,0.328472,-0.362671,0.327838,All
-0.434032,0.328472,-0.229657,0.329106,-0.361998,0.328472,All
-0.432418,0.329106,-0.229524,0.32974,-0.360679,0.329106,All
-0.428291,0.32974,-0.228554,0.330374,-0.359355,0.32974,All
-0.42795,0.330374,-0.228433,0.331008,-0.359074,0.330374,All
-0.426949,0.331008,-0.228395,0.331642,-0.353796,0.331008,All
-0.426195,0.331642,-0.226733,0.332276,-0.35374,0.331642,All
-0.425883,0.332276,-0.226557,0.332911,-0.349801,0.332276,All
-0.425693,0.332911,-0.226352,0.333545,-0.348604,0.332911,All
-0.42429,0.333545,-0.224929,0.334179,-0.347079,0.333545,All
-0.423566,0.334179,-0.224765,0.334813,-0.345833,0.334179,All
-0.42305,0.334813,-0.224535,0.335447,-0.344467,0.334813,All
-0.422286,0.335447,-0.223567,0.336081,-0.34262,0.335447,All
-0.421283,0.336081,-0.223404,0.336715,-0.34225,0.336081,All
-0.420266,0.336715,-0.222715,0.337349,-0.339966,0.336715,All
-0.419739,0.337349,-0.222462,0.337984,-0.339514,0.337349,All
-0.418152,0.337984,-0.220794,0.338618,-0.338822,0.337984,All
-0.417654,0.338618,-0.220631,0.339252,-0.337427,0.338618,All
-0.417472,0.339252,-0.218551,0.339886,-0.337165,0.339252,All
-0.417286,0.339886,-0.217955,0.34052,-0.335306,0.339886,All
-0.415977,0.34052,-0.21652,0.341154,-0.335014,0.34052,All
-0.413877,0.341154,-0.216115,0.341788,-0.332382,0.341154,All
-0.413603,0.341788,-0.215947,0.342422,-0.328864,0.341788,All
-0.412943,0.342422,-0.215591,0.343056,-0.328078,0.342422,All
-0.412667,0.343056,-0.212159,0.343691,-0.326273,0.343056,All
-0.412201,0.343691,-0.211507,0.344325,-0.32486,0.343691,All
-0.410435,0.344325,-0.208255,0.344959,-0.324451,0.344325,All
-0.40867,0.344959,-0.205993,0.345593,-0.324111,0.344959,All
-0.407403,0.345593,-0.205691,0.346227,-0.322468,0.345593,All
-0.406636,0.346227,-0.20434,0.346861,-0.320542,0.346227,All
-0.405516,0.346861,-0.20427,0.347495,-0.320418,0.346861,All
-0.402995,0.347495,-0.204197,0.348129,-0.320148,0.347495,All
-0.402621,0.348129,-0.203616,0.348763,-0.31957,0.348129,All
-0.394722,0.348763,-0.203581,0.349398,-0.316636,0.348763,All
-0.394269,0.349398,-0.203229,0.350032,-0.313051,0.349398,All
-0.393871,0.350032,-0.201977,0.350666,-0.310774,0.350032,All
-0.392865,0.350666,-0.201472,0.3513,-0.308379,0.350666,All
-0.392429,0.3513,-0.201426,0.351934,-0.307734,0.3513,All
-0.391167,0.351934,-0.200931,0.352568,-0.307538,0.351934,All
-0.39058,0.352568,-0.199641,0.353202,-0.306779,0.352568,All
-0.3902,0.353202,-0.198655,0.353836,-0.303286,0.353202,All
-0.389271,0.353836,-0.197758,0.354471,-0.300077,0.353836,All
-0.387829,0.354471,-0.197756,0.355105,-0.29949,0.354471,All
-0.386208,0.355105,-0.196767,0.355739,-0.299338,0.355105,All
-0.384199,0.355739,-0.195652,0.356373,-0.298599,0.355739,All
-0.383962,0.356373,-0.195494,0.357007,-0.298348,0.356373,All
-0.383136,0.357007,-0.194738,0.357641,-0.29687,0.357007,All
-0.382414,0.357641,-0.19455,0.358275,-0.296833,0.357641,All
-0.381478,0.358275,-0.193951,0.358909,-0.292153,0.358275,All
-0.381,0.358909,-0.193677,0.359543,-0.290949,0.358909,All
-0.380542,0.359543,-0.192465,0.360178,-0.290466,0.359543,All
-0.376912,0.360178,-0.192363,0.360812,-0.287823,0.360178,All
-0.375984,0.360812,-0.192184,0.361446,-0.286894,0.360812,All
-0.375857,0.361446,-0.191623,0.36208,-0.286514,0.361446,All
-0.375608,0.36208,-0.191566,0.362714,-0.284265,0.36208,All
-0.374236,0.362714,-0.191113,0.363348,-0.281487,0.362714,All
-0.37309,0.363348,-0.190628,0.363982,-0.279079,0.363348,All
-0.370842,0.363982,-0.189517,0.364616,-0.278938,0.363982,All
-0.370772,0.364616,-0.188215,0.36525,-0.278617,0.364616,All
-0.369761,0.36525,-0.187399,0.365885,-0.278343,0.36525,All
-0.369748,0.365885,-0.186505,0.366519,-0.278304,0.365885,All
-0.369631,0.366519,-0.185523,0.367153,-0.273856,0.366519,All
-0.368625,0.367153,-0.184614,0.367787,-0.270656,0.367153,All
-0.367375,0.367787,-0.184371,0.368421,-0.269446,0.367787,All
-0.36326,0.368421,-0.183982,0.369055,-0.269293,0.368421,All
-0.362778,0.369055,-0.183673,0.369689,-0.266466,0.369055,All
-0.359754,0.369689,-0.183512,0.370323,-0.26373,0.369689,All
-0.358754,0.370323,-0.183502,0.370958,-0.260242,0.370323,All
-0.358738,0.370958,-0.183099,0.371592,-0.258735,0.370958,All
-0.35844,0.371592,-0.182013,0.372226,-0.255246,0.371592,All
-0.357592,0.372226,-0.181941,0.37286,-0.252247,0.372226,All
-0.354657,0.37286,-0.181559,0.373494,-0.250164,0.37286,All
-0.354101,0.373494,-0.180139,0.374128,-0.250153,0.373494,All
-0.352076,0.374128,-0.178598,0.374762,-0.249729,0.374128,All
-0.349753,0.374762,-0.178467,0.375396,-0.248936,0.374762,All
-0.349637,0.375396,-0.1783,0.37603,-0.248564,0.375396,All
-0.348499,0.37603,-0.177922,0.376665,-0.247671,0.37603,All
-0.345141,0.376665,-0.176396,0.377299,-0.246479,0.376665,All
-0.344966,0.377299,-0.176319,0.377933,-0.246215,0.377299,All
-0.344169,0.377933,-0.175994,0.378567,-0.24089,0.377933,All
-0.340618,0.378567,-0.175391,0.379201,-0.233074,0.378567,All
-0.336922,0.379201,-0.175046,0.379835,-0.232474,0.379201,All
-0.336266,0.379835,-0.174389,0.380469,-0.232282,0.379835,All
-0.336069,0.380469,-0.172013,0.381103,-0.230957,0.380469,All
-0.331842,0.381103,-0.170485,0.381737,-0.230113,0.381103,All
-0.330509,0.381737,-0.169853,0.382372,-0.227186,0.381737,All
-0.330438,0.382372,-0.169245,0.383006,-0.225182,0.382372,All
-0.328209,0.383006,-0.169153,0.38364,-0.224352,0.383006,All
-0.327097,0.38364,-0.168338,0.384274,-0.223737,0.38364,All
-0.322668,0.384274,-0.167702,0.384908,-0.223037,0.384274,All
-0.321349,0.384908,-0.166847,0.385542,-0.22211,0.384908,All
-0.317239,0.385542,-0.16677,0.386176,-0.220863,0.385542,All
-0.314672,0.386176,-0.165749,0.38681,-0.218975,0.386176,All
-0.314584,0.38681,-0.165595,0.387445,-0.215416,0.38681,All
-0.314432,0.387445,-0.165521,0.388079,-0.204289,0.387445,All
-0.312017,0.388079,-0.165521,0.388713,-0.204092,0.388079,All
-0.308437,0.388713,-0.164586,0.389347,-0.203674,0.388713,All
-0.308408,0.389347,-0.164581,0.389981,-0.201597,0.389347,All
-0.306758,0.389981,-0.164539,0.390615,-0.200064,0.389981,All
-0.305686,0.390615,-0.163716,0.391249,-0.199214,0.390615,All
-0.300567,0.391249,-0.163571,0.391883,-0.194112,0.391249,All
-0.298319,0.391883,-0.163493,0.392517,-0.193925,0.391883,All
-0.297928,0.392517,-0.163446,0.393152,-0.193909,0.392517,All
-0.297572,0.393152,-0.16315,0.393786,-0.193227,0.393152,All
-0.294258,0.393786,-0.162718,0.39442,-0.189168,0.393786,All
-0.293314,0.39442,-0.162674,0.395054,-0.188843,0.39442,All
-0.292856,0.395054,-0.162333,0.395688,-0.185845,0.395054,All
-0.290966,0.395688,-0.161753,0.396322,-0.185798,0.395688,All
-0.288867,0.396322,-0.161407,0.396956,-0.185036,0.396322,All
-0.288035,0.396956,-0.158678,0.39759,-0.184802,0.396956,All
-0.286695,0.39759,-0.158201,0.398224,-0.184043,0.39759,All
-0.286695,0.398224,-0.1571,0.398859,-0.183365,0.398224,All
-0.280618,0.398859,-0.156431,0.399493,-0.180385,0.398859,All
-0.280325,0.399493,-0.155073,0.400127,-0.180152,0.399493,All
-0.277994,0.400127,-0.153506,0.400761,-0.178,0.400127,All
-0.274462,0.400761,-0.152862,0.401395,-0.177565,0.400761,All
-0.273008,0.401395,-0.151729,0.402029,-0.176188,0.401395,All
-0.272297,0.402029,-0.151406,0.402663,-0.173127,0.402029,All
-0.27087,0.402663,-0.150484,0.403297,-0.171641,0.402663,All
-0.269443,0.403297,-0.150237,0.403932,-0.16997,0.403297,All
-0.268972,0.403932,-0.149878,0.404566,-0.168138,0.403932,All
-0.26811,0.404566,-0.149015,0.4052,-0.164644,0.404566,All
-0.26799,0.4052,-0.148964,0.405834,-0.163144,0.4052,All
-0.267331,0.405834,-0.148908,0.406468,-0.160063,0.405834,All
-0.266771,0.406468,-0.148601,0.407102,-0.158917,0.406468,All
-0.266686,0.407102,-0.148237,0.407736,-0.158391,0.407102,All
-0.262427,0.407736,-0.147604,0.40837,-0.154493,0.407736,All
-0.260663,0.40837,-0.146468,0.409004,-0.154209,0.40837,All
-0.260315,0.409004,-0.145782,0.409639,-0.153002,0.409004,All
-0.25708,0.409639,-0.145241,0.410273,-0.147155,0.409639,All
-0.255571,0.410273,-0.145238,0.410907,-0.144163,0.410273,All
-0.255116,0.410907,-0.144721,0.411541,-0.142769,0.410907,All
-0.254957,0.411541,-0.143117,0.412175,-0.140226,0.411541,All
-0.253112,0.412175,-0.143102,0.412809,-0.140096,0.412175,All
-0.252823,0.412809,-0.14207,0.413443,-0.139818,0.412809,All
-0.248439,0.413443,-0.14178,0.414077,-0.136295,0.413443,All
-0.247709,0.414077,-0.140375,0.414711,-0.136283,0.414077,All
-0.247634,0.414711,-0.140307,0.415346,-0.134899,0.414711,All
-0.246793,0.415346,-0.139421,0.41598,-0.13302,0.415346,All
-0.244582,0.41598,-0.139236,0.416614,-0.131407,0.41598,All
-0.243791,0.416614,-0.138643,0.417248,-0.127981,0.416614,All
-0.241884,0.417248,-0.138466,0.417882,-0.126072,0.417248,All
-0.240615,0.417882,-0.138123,0.418516,-0.124815,0.417882,All
-0.238826,0.418516,-0.1379,0.41915,-0.123679,0.418516,All
-0.236857,0.41915,-0.137888,0.419784,-0.115682,0.41915,All
-0.234761,0.419784,-0.136468,0.420419,-0.114007,0.419784,All
-0.233706,0.420419,-0.134279,0.421053,-0.113897,0.420419,All
-0.231535,0.421053,-0.134145,0.421687,-0.11256,0.421053,All
-0.229806,0.421687,-0.1336,0.422321,-0.111958,0.421687,All
-0.228841,0.422321,-0.132454,0.422955,-0.109235,0.422321,All
-0.227778,0.422955,-0.132284,0.423589,-0.105129,0.422955,All
-0.226472,0.423589,-0.130344,0.424223,-0.103193,0.423589,All
-0.226432,0.424223,-0.129655,0.424857,-0.102995,0.424223,All
-0.224172,0.424857,-0.129055,0.425491,-0.102263,0.424857,All
-0.22183,0.425491,-0.128778,0.426126,-0.101928,0.425491,All
-0.221354,0.426126,-0.128654,0.42676,-0.0996782,0.426126,All
-0.221294,0.42676,-0.127426,0.427394,-0.099488,0.42676,All
-0.220253,0.427394,-0.127203,0.428028,-0.0986234,0.427394,All
-0.219738,0.428028,-0.126655,0.428662,-0.0977301,0.428028,All
-0.218836,0.428662,-0.126644,0.429296,-0.0960673,0.428662,All
-0.218632,0.429296,-0.125993,0.42993,-0.0921009,0.429296,All
-0.218417,0.42993,-0.125784,0.430564,-0.0867116,0.42993,All
-0.215223,0.430564,-0.125769,0.431198,-0.0848696,0.430564,All
-0.215213,0.431198,-0.125421,0.431833,-0.0844012,0.431198,All
-0.214903,0.431833,-0.124999,0.432467,-0.0843859,0.431833,All
-0.211517,0.432467,-0.124637,0.433101,-0.0823521,0.432467,All
-0.209344,0.433101,-0.124161,0.433735,-0.07986,0.433101,All
-0.208821,0.433735,-0.123397,0.434369,-0.07782,0.433735,All
-0.208631,0.434369,-0.120035,0.435003,-0.0764799,0.434369,All
-0.208472,0.435003,-0.120003,0.435637,-0.0759957,0.435003,All
-0.204186,0.435637,-0.119493,0.436271,-0.0746037,0.435637,All
-0.201776,0.436271,-0.118211,0.436906,-0.0730684,0.436271,All
-0.198063,0.436906,-0.117722,0.43754,-0.0712218,0.436906,All
-0.196711,0.43754,-0.117395,0.438174,-0.0700242,0.43754,All
-0.19629,0.438174,-0.117108,0.438808,-0.0682612,0.438174,All
-0.19189,0.438808,-0.116986,0.439442,-0.0680204,0.438808,All
-0.19015,0.439442,-0.11596,0.440076,-0.0590891,0.439442,All
-0.184986,0.440076,-0.115513,0.44071,-0.0581365,0.440076,All
-0.183866,0.44071,-0.114664,0.441344,-0.0578106,0.44071,All
-0.18226,0.441344,-0.111456,0.441978,-0.0575403,0.441344,All
-0.180392,0.441978,-0.109317,0.442613,-0.0570929,0.441978,All
-0.179722,0.442613,-0.10917,0.443247,-0.0567626,0.442613,All
-0.177492,0.443247,-0.109097,0.443881,-0.0564103,0.443247,All
-0.176172,0.443881,-0.108061,0.444515,-0.0553745,0.443881,All
-0.17504,0.444515,-0.107667,0.445149,-0.0550441,0.444515,All
-0.171708,0.445149,-0.106451,0.445783,-0.0509436,0.445149,All
-0.170949,0.445783,-0.106233,0.446417,-0.050936,0.445783,All
-0.170658,0.446417,-0.105462,0.447051,-0.0470622,0.446417,All
-0.17056,0.447051,-0.102378,0.447685,-0.0451281,0.447051,All
-0.170423,0.447685,-0.100569,0.44832,-0.0442134,0.447685,All
-0.168544,0.44832,-0.099982,0.448954,-0.0442123,0.44832,All
-0.164541,0.448954,-0.0990464,0.449588,-0.0413988,0.448954,All
-0.164027,0.449588,-0.0980475,0.450222,-0.0407718,0.449588,All
-0.163241,0.450222,-0.0973278,0.450856,-0.0378178,0.450222,All
-0.162181,0.450856,-0.0964526,0.45149,-0.0363007,0.450856,All
-0.162035,0.45149,-0.0956117,0.452124,-0.0361744,0.45149,All
-0.161245,0.452124,-0.095536,0.452758,-0.0340281,0.452124,All
-0.160389,0.452758,-0.0950637,0.453393,-0.0339039,0.452758,All
-0.159393,0.453393,-0.0945661,0.454027,-0.0316696,0.453393,All
-0.157673,0.454027,-0.0942531,0.454661,-0.0278681,0.454027,All
-0.156083,0.454661,-0.0922857,0.455295,-0.0277988,0.454661,All
-0.15529,0.455295,-0.0919608,0.455929,-0.0262927,0.455295,All
-0.153685,0.455929,-0.0887225,0.456563,-0.0258886,0.455929,All
-0.150381,0.456563,-0.0860672,0.457197,-0.0225956,0.456563,All
-0.150169,0.457197,-0.0859081,0.457831,-0.0218689,0.457197,All
-0.149207,0.457831,-0.0856015,0.458465,-0.0218329,0.457831,All
-0.148948,0.458465,-0.0820142,0.4591,-0.0212807,0.458465,All
-0.147589,0.4591,-0.0819133,0.459734,-0.0186567,0.4591,All
-0.147422,0.459734,-0.0806058,0.460368,-0.0177397,0.459734,All
-0.145148,0.460368,-0.0801411,0.461002,-0.0167289,0.460368,All
-0.14379,0.461002,-0.0794198,0.461636,-0.0157114,0.461002,All
-0.140936,0.461636,-0.0786846,0.46227,-0.0152749,0.461636,All
-0.140915,0.46227,-0.0774751,0.462904,-0.0146777,0.46227,All
-0.140746,0.462904,-0.0756597,0.463538,-0.0128932,0.462904,All
-0.138973,0.463538,-0.0751643,0.464172,-0.0128335,0.463538,All
-0.134771,0.464172,-0.0742877,0.464807,-0.00907492,0.464172,All
-0.134731,0.464807,-0.0716221,0.465441,-0.00461321,0.464807,All
-0.134357,0.465441,-0.0714686,0.466075,-0.00240505,0.465441,All
-0.133671,0.466075,-0.0713194,0.466709,-0.00239779,0.466075,All
-0.133446,0.466709,-0.0702062,0.467343,-0.00118646,0.466709,All
-0.130658,0.467343,-0.0698821,0.467977,0.00122167,0.467343,All
-0.12923,0.467977,-0.0697559,0.468611,0.00414635,0.467977,All
-0.128077,0.468611,-0.0692663,0.469245,0.00546482,0.468611,All
-0.12795,0.469245,-0.0691598,0.46988,0.00707402,0.469245,All
-0.124724,0.46988,-0.0689406,0.470514,0.0074603,0.46988,All
-0.121988,0.470514,-0.0675776,0.471148,0.00975877,0.470514,All
-0.121554,0.471148,-0.0673202,0.471782,0.0133369,0.471148,All
-0.118016,0.471782,-0.0671349,0.472416,0.014525,0.471782,All
-0.117416,0.472416,-0.0665228,0.47305,0.0167387,0.472416,All
-0.117199,0.47305,-0.0664898,0.473684,0.0174979,0.47305,All
-0.117091,0.473684,-0.06575,0.474318,0.0202727,0.473684,All
-0.114505,0.474318,-0.0655169,0.474952,0.0205179,0.474318,All
-0.112634,0.474952,-0.0653228,0.475587,0.02225,0.474952,All
-0.110639,0.475587,-0.0650681,0.476221,0.0256474,0.475587,All
-0.108744,0.476221,-0.0638263,0.476855,0.0268148,0.476221,All
-0.107661,0.476855,-0.0620778,0.477489,0.0273019,0.476855,All
-0.107446,0.477489,-0.0614413,0.478123,0.0273391,0.477489,All
-0.0991961,0.478123,-0.0604081,0.478757,0.0308566,0.478123,All
-0.0991442,0.478757,-0.0590617,0.479391,0.0333416,0.478757,All
-0.0952195,0.479391,-0.0579716,0.480025,0.0376736,0.479391,All
-0.0900903,0.480025,-0.0578736,0.480659,0.0395793,0.480025,All
-0.089196,0.480659,-0.0570969,0.481294,0.0408173,0.480659,All
-0.0864376,0.481294,-0.0559189,0.481928,0.0413432,0.481294,All
-0.0855667,0.481928,-0.0557501,0.482562,0.0424183,0.481928,All
-0.0779331,0.482562,-0.0535888,0.483196,0.0504339,0.482562,All
-0.0735755,0.483196,-0.053552,0.48383,0.0506911,0.483196,All
-0.0722061,0.48383,-0.0529336,0.484464,0.0511511,0.48383,All
-0.0705218,0.484464,-0.0527294,0.485098,0.0522613,0.484464,All
-0.0699356,0.485098,-0.0527094,0.485732,0.0539241,0.485098,All
-0.0633668,0.485732,-0.0524645,0.486367,0.0544588,0.485732,All
-0.0625257,0.486367,-0.0504784,0.487001,0.0584964,0.486367,All
-0.0582125,0.487001,-0.0493831,0.487635,0.0587972,0.487001,All
-0.0568466,0.487635,-0.0488864,0.488269,0.0602451,0.487635,All
-0.0528161,0.488269,-0.0486072,0.488903,0.0677673,0.488269,All
-0.0517469,0.488903,-0.0483297,0.489537,0.0683338,0.488903,All
-0.0514341,0.489537,-0.0481517,0.490171,0.0692671,0.489537,All
-0.0488108,0.490171,-0.0469944,0.490805,0.0729478,0.490171,All
-0.0472243,0.490805,-0.0464497,0.491439,0.0749736,0.490805,All
-0.0470232,0.491439,-0.0458359,0.492074,0.0798102,0.491439,All
-0.0464664,0.492074,-0.0457294,0.492708,0.0813087,0.492074,All
-0.045979,0.492708,-0.044413,0.493342,0.0814346,0.492708,All
-0.0441027,0.493342,-0.0443895,0.493976,0.0822722,0.493342,All
-0.0390791,0.493976,-0.0436575,0.49461,0.0822834,0.493976,All
-0.0372592,0.49461,-0.0436434,0.495244,0.0835687,0.49461,All
-0.0320488,0.495244,-0.0434583,0.495878,0.0886809,0.495244,All
-0.0314925,0.495878,-0.0432489,0.496512,0.089038,0.495878,All
-0.0309816,0.496512,-0.0428298,0.497146,0.0918315,0.496512,All
-0.0308456,0.497146,-0.0426009,0.497781,0.0929329,0.497146,All
-0.0262735,0.497781,-0.042051,0.498415,0.0935072,0.497781,All
-0.0253544,0.498415,-0.0404865,0.499049,0.0969918,0.498415,All
-0.0240293,0.499049,-0.0399657,0.499683,0.0970629,0.499049,All
-0.0236005,0.499683,-0.0394483,0.500317,0.0975658,0.499683,All
-0.0197393,0.500317,-0.0392459,0.500951,0.100533,0.500317,All
-0.0196279,0.500951,-0.0385255,0.501585,0.106095,0.500951,All
-0.0181361,0.501585,-0.037388,0.502219,0.109287,0.501585,All
-0.0173599,0.502219,-0.0371046,0.502854,0.109448,0.502219,All
-0.0164993,0.502854,-0.0369176,0.503488,0.109781,0.502854,All
-0.0139698,0.503488,-0.0367067,0.504122,0.11193,0.503488,All
-0.0132692,0.504122,-0.0366848,0.504756,0.112773,0.504122,All
-0.0132512,0.504756,-0.0364174,0.50539,0.113018,0.504756,All
-0.0111878,0.50539,-0.0358037,0.506024,0.11387,0.50539,All
-0.0107699,0.506024,-0.0352917,0.506658,0.113953,0.506024,All
-0.008614,0.506658,-0.0349706,0.507292,0.117113,0.506658,All
-0.00842763,0.507292,-0.031311,0.507926,0.117894,0.507292,All
-0.00638602,0.507926,-0.0309762,0.508561,0.1194,0.507926,All
-0.0050651,0.508561,-0.0297823,0.509195,0.131087,0.508561,All
-0.00340742,0.509195,-0.028388,0.509829,0.13127,0.509195,All
0.000200433,0.509829,-0.0279747,0.510463,0.13594,0.509829,All
0.000245875,0.510463,-0.0278589,0.511097,0.138718,0.510463,All
0.000283836,0.511097,-0.0274647,0.511731,0.140167,0.511097,All
0.00455332,0.511731,-0.0273842,0.512365,0.142879,0.511731,All
0.00502576,0.512365,-0.0271342,0.512999,0.142948,0.512365,All
0.0060404,0.512999,-0.0266296,0.513633,0.144387,0.512999,All
0.00650934,0.513633,-0.0265719,0.514268,0.145351,0.513633,All
0.00659578,0.514268,-0.026503,0.514902,0.148175,0.514268,All
0.00769899,0.514902,-0.0240757,0.515536,0.153137,0.514902,All
0.0103046,0.515536,-0.0234766,0.51617,0.154609,0.515536,All
0.0107036,0.51617,-0.022787,0.516804,0.155088,0.51617,All
0.0109339,0.516804,-0.0226226,0.517438,0.161671,0.516804,All
0.0124822,0.517438,-0.0218427,0.518072,0.161689,0.517438,All
0.0125542,0.518072,-0.0174462,0.518706,0.166757,0.518072,All
0.0139079,0.518706,-0.0152949,0.519341,0.167221,0.518706,All
0.0157884,0.519341,-0.014004,0.519975,0.168585,0.519341,All
0.0177123,0.519975,-0.0130945,0.520609,0.169423,0.519975,All
0.0188641,0.520609,-0.0116772,0.521243,0.169732,0.520609,All
0.0209805,0.521243,-0.0114254,0.521877,0.170861,0.521243,All
0.0240851,0.521877,-0.0112429,0.522511,0.174595,0.521877,All
0.0269542,0.522511,-0.0103183,0.523145,0.175376,0.522511,All
0.0281425,0.523145,-0.00993797,0.523779,0.179293,0.523145,All
0.0328566,0.523779,-0.00984395,0.524413,0.179387,0.523779,All
0.0338292,0.524413,-0.00916117,0.525048,0.181415,0.524413,All
0.0356174,0.525048,-0.00914819,0.525682,0.182494,0.525048,All
0.0358249,0.525682,-0.00822702,0.526316,0.187908,0.525682,All
0.0365176,0.526316,-0.00820423,0.52695,0.190084,0.526316,All
0.036723,0.52695,-0.00709411,0.527584,0.190981,0.52695,All
0.038141,0.527584,-0.00692257,0.528218,0.191636,0.527584,All
0.0382305,0.528218,-0.00641585,0.528852,0.191924,0.528218,All
0.0385362,0.528852,-0.00527072,0.529486,0.192296,0.528852,All
0.0412843,0.529486,-0.0051927,0.53012,0.194279,0.529486,All
0.0441169,0.53012,-0.00485674,0.530755,0.196077,0.53012,All
0.0537347,0.530755,-0.00482266,0.531389,0.197531,0.530755,All
0.0541751,0.531389,-0.00345668,0.532023,0.197793,0.531389,All
0.0582688,0.532023,-0.00342557,0.532657,0.197954,0.532023,All
0.0593891,0.532657,-0.00278591,0.533291,0.198101,0.532657,All
0.0598464,0.533291,-0.00235453,0.533925,0.199551,0.533291,All
0.062151,0.533925,-0.00115402,0.534559,0.199562,0.533925,All
0.0634073,0.534559,-0.000874991,0.535193,0.199619,0.534559,All
0.0636648,0.535193,-0.000732904,0.535828,0.200149,0.535193,All
0.0641826,0.535828,-2.60138e-06,0.536462,0.20314,0.535828,All
0.0649602,0.536462,0.000130803,0.537096,0.206639,0.536462,All
0.0659603,0.537096,0.00112768,0.53773,0.207584,0.537096,All
0.0693413,0.53773,0.00113198,0.538364,0.207637,0.53773,All
0.0710494,0.538364,0.00170717,0.538998,0.209476,0.538364,All
0.0713255,0.538998,0.00279593,0.539632,0.210391,0.538998,All
0.0726178,0.539632,0.00346312,0.540266,0.21351,0.539632,All
0.0727528,0.540266,0.00478666,0.5409,0.213905,0.540266,All
0.0752058,0.5409,0.00621075,0.541535,0.216693,0.5409,All
0.0755377,0.541535,0.00723088,0.542169,0.217817,0.541535,All
0.0761959,0.542169,0.00768631,0.542803,0.219357,0.542169,All
0.0765804,0.542803,0.0080482,0.543437,0.220901,0.542803,All
0.0793106,0.543437,0.00900321,0.544071,0.221896,0.543437,All
0.081403,0.544071,0.00934421,0.544705,0.227257,0.544071,All
0.0864071,0.544705,0.010009,0.545339,0.227594,0.544705,All
0.0871395,0.545339,0.0103601,0.545973,0.22861,0.545339,All
0.0884819,0.545973,0.0107107,0.546607,0.228659,0.545973,All
0.0904064,0.546607,0.0122649,0.547242,0.229773,0.546607,All
0.090821,0.547242,0.0124734,0.547876,0.232901,0.547242,All
0.0924301,0.547876,0.0128244,0.54851,0.239327,0.547876,All
0.0946312,0.54851,0.0128755,0.549144,0.241481,0.54851,All
0.0952527,0.549144,0.0131181,0.549778,0.241516,0.549144,All
0.101063,0.549778,0.0131217,0.550412,0.242933,0.549778,All
0.101207,0.550412,0.0133343,0.551046,0.243585,0.550412,All
0.105356,0.551046,0.0134343,0.55168,0.246919,0.551046,All
0.105979,0.55168,0.0140428,0.552315,0.248119,0.55168,All
0.1061,0.552315,0.0149368,0.552949,0.249012,0.552315,All
0.109568,0.552949,0.0153338,0.553583,0.249915,0.552949,All
0.11003,0.553583,0.0157932,0.554217,0.254452,0.553583,All
0.110342,0.554217,0.0161688,0.554851,0.254997,0.554217,All
0.110404,0.554851,0.0166603,0.555485,0.256113,0.554851,All
0.111237,0.555485,0.0166644,0.556119,0.257865,0.555485,All
0.116644,0.556119,0.0198428,0.556753,0.257984,0.556119,All
0.117258,0.556753,0.0202992,0.557387,0.259311,0.556753,All
0.119719,0.557387,0.0221768,0.558022,0.26463,0.557387,All
0.120563,0.558022,0.0224097,0.558656,0.265811,0.558022,All
0.122047,0.558656,0.0229188,0.55929,0.268308,0.558656,All
0.12377,0.55929,0.0236757,0.559924,0.268877,0.55929,All
0.127404,0.559924,0.0238631,0.560558,0.268978,0.559924,All
0.12851,0.560558,0.0239213,0.561192,0.269603,0.560558,All
0.132405,0.561192,0.0262897,0.561826,0.271666,0.561192,All
0.136673,0.561826,0.0266524,0.56246,0.272137,0.561826,All
0.138873,0.56246,0.0279964,0.563094,0.27227,0.56246,All
0.149263,0.563094,0.0287098,0.563729,0.272566,0.563094,All
0.150139,0.563729,0.0303176,0.564363,0.273551,0.563729,All
0.151263,0.564363,0.0306094,0.564997,0.273772,0.564363,All
0.152484,0.564997,0.030761,0.565631,0.274479,0.564997,All
0.152554,0.565631,0.0333353,0.566265,0.274618,0.565631,All
0.154444,0.566265,0.0347721,0.566899,0.275844,0.566265,All
0.154841,0.566899,0.0349357,0.567533,0.277102,0.566899,All
0.158125,0.567533,0.0352528,0.568167,0.279607,0.567533,All
0.162843,0.568167,0.0354941,0.568802,0.290094,0.568167,All
0.162974,0.568802,0.0367507,0.569436,0.292177,0.568802,All
0.16374,0.569436,0.0374774,0.57007,0.293502,0.569436,All
0.166596,0.57007,0.0380007,0.570704,0.294062,0.57007,All
0.167437,0.570704,0.0388822,0.571338,0.29602,0.570704,All
0.169237,0.571338,0.0396361,0.571972,0.296053,0.571338,All
0.169467,0.571972,0.0406396,0.572606,0.297228,0.571972,All
0.170318,0.572606,0.0423647,0.57324,0.297663,0.572606,All
0.170899,0.57324,0.0436026,0.573874,0.297682,0.57324,All
0.171269,0.573874,0.0436948,0.574509,0.298185,0.573874,All
0.171606,0.574509,0.0441039,0.575143,0.301127,0.574509,All
0.173625,0.575143,0.0442868,0.575777,0.301761,0.575143,All
0.17663,0.575777,0.0452081,0.576411,0.302549,0.575777,All
0.177025,0.576411,0.0452402,0.577045,0.302792,0.576411,All
0.179223,0.577045,0.0463233,0.577679,0.303546,0.577045,All
0.181136,0.577679,0.0482594,0.578313,0.305479,0.577679,All
0.181286,0.578313,0.0490323,0.578947,0.305943,0.578313,All
0.181475,0.578947,0.0501982,0.579581,0.311523,0.578947,All
0.182258,0.579581,0.0516328,0.580216,0.312788,0.579581,All
0.182941,0.580216,0.0520001,0.58085,0.31492,0.580216,All
0.183809,0.58085,0.052358,0.581484,0.315005,0.58085,All
0.18713,0.581484,0.0523781,0.582118,0.315261,0.581484,All
0.189394,0.582118,0.0526996,0.582752,0.315536,0.582118,All
0.195722,0.582752,0.0532067,0.583386,0.316247,0.582752,All
0.195838,0.583386,0.0535406,0.58402,0.319038,0.583386,All
0.199386,0.58402,0.0542537,0.584654,0.32177,0.58402,All
0.20067,0.584654,0.0551721,0.585289,0.324255,0.584654,All
0.201167,0.585289,0.0553341,0.585923,0.325847,0.585289,All
0.201283,0.585923,0.0565859,0.586557,0.326336,0.585923,All
0.204068,0.586557,0.0572851,0.587191,0.327572,0.586557,All
0.206291,0.587191,0.057556,0.587825,0.328289,0.587191,All
0.213408,0.587825,0.0591735,0.588459,0.328467,0.587825,All
0.213783,0.588459,0.0591745,0.589093,0.32971,0.588459,All
0.215692,0.589093,0.059365,0.589727,0.330257,0.589093,All
0.217036,0.589727,0.0600386,0.590361,0.334484,0.589727,All
0.217614,0.590361,0.0614387,0.590996,0.335261,0.590361,All
0.221535,0.590996,0.0627849,0.59163,0.335834,0.590996,All
0.222913,0.59163,0.0628984,0.592264,0.348761,0.59163,All
0.224262,0.592264,0.0633418,0.592898,0.350229,0.592264,All
0.224296,0.592898,0.0635268,0.593532,0.351235,0.592898,All
0.225203,0.593532,0.0660361,0.594166,0.352115,0.593532,All
0.225995,0.594166,0.0668671,0.5948,0.354191,0.594166,All
0.2279,0.5948,0.0671187,0.595434,0.356149,0.5948,All
0.228235,0.595434,0.0679143,0.596068,0.357682,0.595434,All
0.229989,0.596068,0.0692953,0.596703,0.358045,0.596068,All
0.231838,0.596703,0.0699012,0.597337,0.35996,0.596703,All
0.232512,0.597337,0.0705821,0.597971,0.360294,0.597337,All
0.232564,0.597971,0.0707382,0.598605,0.362617,0.597971,All
0.234361,0.598605,0.0713711,0.599239,0.362706,0.598605,All
0.235708,0.599239,0.07487,0.599873,0.36769,0.599239,All
0.236516,0.599873,0.0787726,0.600507,0.367701,0.599873,All
0.238353,0.600507,0.0788547,0.601141,0.368654,0.600507,All
0.240331,0.601141,0.0795075,0.601776,0.370573,0.601141,All
0.242106,0.601776,0.0815076,0.60241,0.375045,0.601776,All
0.242629,0.60241,0.0820355,0.603044,0.375502,0.60241,All
0.243776,0.603044,0.0822076,0.603678,0.37725,0.603044,All
0.245132,0.603678,0.0835162,0.604312,0.378009,0.603678,All
0.245902,0.604312,0.0848969,0.604946,0.378381,0.604312,All
0.247569,0.604946,0.0851514,0.60558,0.381154,0.604946,All
0.250379,0.60558,0.0863167,0.606214,0.383046,0.60558,All
0.251978,0.606214,0.0867291,0.606848,0.384812,0.606214,All
0.252011,0.606848,0.0870503,0.607483,0.385261,0.606848,All
0.254262,0.607483,0.0884189,0.608117,0.386475,0.607483,All
0.255021,0.608117,0.0899973,0.608751,0.387239,0.608117,All
0.259586,0.608751,0.0900121,0.609385,0.38943,0.608751,All
0.260282,0.609385,0.0904438,0.610019,0.39556,0.609385,All
0.262511,0.610019,0.0911286,0.610653,0.396007,0.610019,All
0.269667,0.610653,0.0929703,0.611287,0.396463,0.610653,All
0.274975,0.611287,0.094564,0.611921,0.399349,0.611287,All
0.276081,0.611921,0.0946384,0.612555,0.40192,0.611921,All
0.281718,0.612555,0.095234,0.61319,0.402986,0.612555,All
0.283369,0.61319,0.0956214,0.613824,0.403344,0.61319,All
0.284012,0.613824,0.0957697,0.614458,0.403415,0.613824,All
0.28456,0.614458,0.0968376,0.615092,0.406051,0.614458,All
0.285664,0.615092,0.098205,0.615726,0.406115,0.615092,All
0.286055,0.615726,0.0991499,0.61636,0.407516,0.615726,All
0.287059,0.61636,0.0994046,0.616994,0.407976,0.61636,All
0.287132,0.616994,0.099927,0.617628,0.413389,0.616994,All
0.288107,0.617628,0.100299,0.618263,0.414965,0.617628,All
0.288199,0.618263,0.100762,0.618897,0.41514,0.618263,All
0.288223,0.618897,0.101048,0.619531,0.415289,0.618897,All
0.28903,0.619531,0.103402,0.620165,0.41774,0.619531,All
0.292659,0.620165,0.10354,0.620799,0.419336,0.620165,All
0.294832,0.620799,0.104176,0.621433,0.421196,0.620799,All
0.29521,0.621433,0.104219,0.622067,0.421942,0.621433,All
0.298863,0.622067,0.104356,0.622701,0.426858,0.622067,All
0.300066,0.622701,0.105382,0.623335,0.429053,0.622701,All
0.300457,0.623335,0.106188,0.62397,0.429558,0.623335,All
0.301885,0.62397,0.10675,0.624604,0.429609,0.62397,All
0.305262,0.624604,0.107363,0.625238,0.429795,0.624604,All
0.306964,0.625238,0.110628,0.625872,0.431678,0.625238,All
0.310902,0.625872,0.110673,0.626506,0.433183,0.625872,All
0.313263,0.626506,0.111652,0.62714,0.434841,0.626506,All
0.313766,0.62714,0.11176,0.627774,0.435128,0.62714,All
0.316627,0.627774,0.112156,0.628408,0.436694,0.627774,All
0.317229,0.628408,0.113833,0.629042,0.440312,0.628408,All
0.317619,0.629042,0.114256,0.629677,0.442276,0.629042,All
0.317648,0.629677,0.11523,0.630311,0.444541,0.629677,All
0.318128,0.630311,0.115987,0.630945,0.445643,0.630311,All
0.319096,0.630945,0.116885,0.631579,0.445645,0.630945,All
0.321971,0.631579,0.117274,0.632213,0.445948,0.631579,All
0.322738,0.632213,0.117721,0.632847,0.446819,0.632213,All
0.323462,0.632847,0.118147,0.633481,0.44773,0.632847,All
0.324061,0.633481,0.118573,0.634115,0.449702,0.633481,All
0.329154,0.634115,0.119016,0.63475,0.450395,0.634115,All
0.329485,0.63475,0.119042,0.635384,0.450704,0.63475,All
0.330119,0.635384,0.120094,0.636018,0.452996,0.635384,All
0.330326,0.636018,0.12047,0.636652,0.454085,0.636018,All
0.331358,0.636652,0.120931,0.637286,0.458072,0.636652,All
0.332343,0.637286,0.12145,0.63792,0.461913,0.637286,All
0.333558,0.63792,0.121652,0.638554,0.461961,0.63792,All
0.33651,0.638554,0.122932,0.639188,0.462542,0.638554,All
0.337348,0.639188,0.123417,0.639822,0.464306,0.639188,All
0.340281,0.639822,0.123901,0.640457,0.46734,0.639822,All
0.342918,0.640457,0.124229,0.641091,0.468929,0.640457,All
0.344882,0.641091,0.124949,0.641725,0.468969,0.641091,All
0.34581,0.641725,0.125179,0.642359,0.469111,0.641725,All
0.347695,0.642359,0.125314,0.642993,0.470767,0.642359,All
0.349072,0.642993,0.126769,0.643627,0.471863,0.642993,All
0.350895,0.643627,0.127259,0.644261,0.471951,0.643627,All
0.3509,0.644261,0.127646,0.644895,0.473413,0.644261,All
0.351153,0.644895,0.128491,0.645529,0.473476,0.644895,All
0.351657,0.645529,0.12963,0.646164,0.476882,0.645529,All
0.353354,0.646164,0.13012,0.646798,0.477916,0.646164,All
0.353795,0.646798,0.130871,0.647432,0.477962,0.646798,All
0.353795,0.647432,0.132044,0.648066,0.481476,0.647432,All
0.354495,0.648066,0.132089,0.6487,0.482867,0.648066,All
0.358045,0.6487,0.132233,0.649334,0.483167,0.6487,All
0.359584,0.649334,0.132952,0.649968,0.48407,0.649334,All
0.360312,0.649968,0.134135,0.650602,0.48874,0.649968,All
0.362689,0.650602,0.134229,0.651237,0.489866,0.650602,All
0.366356,0.651237,0.135066,0.651871,0.491977,0.651237,All
0.368024,0.651871,0.136904,0.652505,0.496717,0.651871,All
0.368696,0.652505,0.13763,0.653139,0.499537,0.652505,All
0.371076,0.653139,0.138052,0.653773,0.501388,0.653139,All
0.371417,0.653773,0.13867,0.654407,0.502213,0.653773,All
0.37965,0.654407,0.139475,0.655041,0.50475,0.654407,All
0.380323,0.655041,0.141793,0.655675,0.509013,0.655041,All
0.380798,0.655675,0.142563,0.656309,0.510355,0.655675,All
0.38115,0.656309,0.142655,0.656944,0.510911,0.656309,All
0.381438,0.656944,0.144798,0.657578,0.511197,0.656944,All
0.38549,0.657578,0.144906,0.658212,0.511887,0.657578,All
0.385863,0.658212,0.145679,0.658846,0.512095,0.658212,All
0.386646,0.658846,0.146013,0.65948,0.515327,0.658846,All
0.387051,0.65948,0.148411,0.660114,0.516079,0.65948,All
0.38728,0.660114,0.149692,0.660748,0.516347,0.660114,All
0.388089,0.660748,0.149961,0.661382,0.516898,0.660748,All
0.38987,0.661382,0.149968,0.662016,0.522499,0.661382,All
0.395507,0.662016,0.151675,0.662651,0.524036,0.662016,All
0.398517,0.662651,0.151869,0.663285,0.524489,0.662651,All
0.406912,0.663285,0.152279,0.663919,0.524934,0.663285,All
0.407235,0.663919,0.152478,0.664553,0.527863,0.663919,All
0.407593,0.664553,0.153486,0.665187,0.528462,0.664553,All
0.41266,0.665187,0.155211,0.665821,0.529539,0.665187,All
0.413628,0.665821,0.155302,0.666455,0.53017,0.665821,All
0.415541,0.666455,0.156232,0.667089,0.530845,0.666455,All
0.416472,0.667089,0.157081,0.667724,0.533838,0.667089,All
0.417092,0.667724,0.157308,0.668358,0.535031,0.667724,All
0.417444,0.668358,0.158682,0.668992,0.536111,0.668358,All
0.417476,0.668992,0.159026,0.669626,0.53687,0.668992,All
0.418637,0.669626,0.159569,0.67026,0.53748,0.669626,All
0.422202,0.67026,0.159919,0.670894,0.542423,0.67026,All
0.423251,0.670894,0.162542,0.671528,0.544645,0.670894,All
0.423479,0.671528,0.162981,0.672162,0.544947,0.671528,All
0.425492,0.672162,0.16445,0.672796,0.546517,0.672162,All
0.427733,0.672796,0.165337,0.673431,0.550858,0.672796,All
0.428316,0.673431,0.165632,0.674065,0.553021,0.673431,All
0.430871,0.674065,0.165979,0.674699,0.555067,0.674065,All
0.432592,0.674699,0.166526,0.675333,0.558058,0.674699,All
0.434204,0.675333,0.168733,0.675967,0.562755,0.675333,All
0.434387,0.675967,0.172405,0.676601,0.563281,0.675967,All
0.435511,0.676601,0.172558,0.677235,0.56334,0.676601,All
0.438002,0.677235,0.173164,0.677869,0.563391,0.677235,All
0.444063,0.677869,0.174635,0.678503,0.56555,0.677869,All
0.444594,0.678503,0.176114,0.679138,0.570928,0.678503,All
0.444978,0.679138,0.176328,0.679772,0.570935,0.679138,All
0.445785,0.679772,0.177119,0.680406,0.571715,0.679772,All
0.447269,0.680406,0.178883,0.68104,0.571826,0.680406,All
0.450067,0.68104,0.179611,0.681674,0.572439,0.68104,All
0.452315,0.681674,0.179649,0.682308,0.575596,0.681674,All
0.453363,0.682308,0.181777,0.682942,0.577097,0.682308,All
0.455087,0.682942,0.182059,0.683576,0.578923,0.682942,All
0.462125,0.683576,0.182277,0.684211,0.579272,0.683576,All
0.466637,0.684211,0.183118,0.684845,0.580122,0.684211,All
0.467105,0.684845,0.1834,0.685479,0.580311,0.684845,All
0.467888,0.685479,0.183438,0.686113,0.583146,0.685479,All
0.473832,0.686113,0.184101,0.686747,0.583515,0.686113,All
0.474067,0.686747,0.184159,0.687381,0.58418,0.686747,All
0.476041,0.687381,0.185709,0.688015,0.584945,0.687381,All
0.47712,0.688015,0.186448,0.688649,0.586696,0.688015,All
0.481108,0.688649,0.187546,0.689283,0.587546,0.688649,All
0.48113,0.689283,0.188324,0.689918,0.591689,0.689283,All
0.481157,0.689918,0.189223,0.690552,0.592898,0.689918,All
0.483587,0.690552,0.190227,0.691186,0.593126,0.690552,All
0.483681,0.691186,0.194505,0.69182,0.597626,0.691186,All
0.487111,0.69182,0.194874,0.692454,0.601737,0.69182,All
0.489015,0.692454,0.196793,0.693088,0.606182,0.692454,All
0.489708,0.693088,0.197789,0.693722,0.606714,0.693088,All
0.490655,0.693722,0.198187,0.694356,0.610569,0.693722,All
0.492918,0.694356,0.198201,0.69499,0.610686,0.694356,All
0.492956,0.69499,0.198274,0.695625,0.610829,0.69499,All
0.493188,0.695625,0.20058,0.696259,0.615542,0.695625,All
0.494852,0.696259,0.202847,0.696893,0.616279,0.696259,All
0.495422,0.696893,0.205543,0.697527,0.617898,0.696893,All
0.500574,0.697527,0.205932,0.698161,0.62051,0.697527,All
0.501528,0.698161,0.20615,0.698795,0.620539,0.698161,All
0.502989,0.698795,0.206663,0.699429,0.621182,0.698795,All
0.503987,0.699429,0.207057,0.700063,0.623992,0.699429,All
0.513244,0.700063,0.207164,0.700698,0.625655,0.700063,All
0.513673,0.700698,0.207449,0.701332,0.626449,0.700698,All
0.519236,0.701332,0.208353,0.701966,0.629626,0.701332,All
0.519259,0.701966,0.208397,0.7026,0.637237,0.701966,All
0.519898,0.7026,0.208447,0.703234,0.639544,0.7026,All
0.527907,0.703234,0.208667,0.703868,0.640111,0.703234,All
0.529589,0.703868,0.209827,0.704502,0.641549,0.703868,All
0.532385,0.704502,0.21087,0.705136,0.641824,0.704502,All
0.532573,0.705136,0.213006,0.70577,0.646484,0.705136,All
0.533928,0.70577,0.213952,0.706405,0.650809,0.70577,All
0.534289,0.706405,0.214116,0.707039,0.653066,0.706405,All
0.53437,0.707039,0.214838,0.707673,0.653727,0.707039,All
0.534993,0.707673,0.215581,0.708307,0.657389,0.707673,All
0.538341,0.708307,0.215658,0.708941,0.664044,0.708307,All
0.538607,0.708941,0.216531,0.709575,0.664657,0.708941,All
0.543435,0.709575,0.217835,0.710209,0.664843,0.709575,All
0.544442,0.710209,0.21899,0.710843,0.670254,0.710209,All
0.556539,0.710843,0.219123,0.711477,0.670494,0.710843,All
0.558504,0.711477,0.220242,0.712112,0.671186,0.711477,All
0.559892,0.712112,0.221384,0.712746,0.673817,0.712112,All
0.561976,0.712746,0.222813,0.71338,0.675648,0.712746,All
0.570364,0.71338,0.223941,0.714014,0.681162,0.71338,All
0.571688,0.714014,0.224189,0.714648,0.686106,0.714014,All
0.572763,0.714648,0.225583,0.715282,0.686671,0.714648,All
0.575458,0.715282,0.227498,0.715916,0.688199,0.715282,All
0.577816,0.715916,0.227698,0.71655,0.690932,0.715916,All
0.57896,0.71655,0.228012,0.717185,0.691085,0.71655,All
0.580281,0.717185,0.228299,0.717819,0.691958,0.717185,All
0.580855,0.717819,0.228781,0.718453,0.697822,0.717819,All
0.58364,0.718453,0.229611,0.719087,0.698539,0.718453,All
0.587881,0.719087,0.229826,0.719721,0.703361,0.719087,All
0.589558,0.719721,0.233059,0.720355,0.706042,0.719721,All
0.590849,0.720355,0.233075,0.720989,0.706515,0.720355,All
0.607218,0.720989,0.234521,0.721623,0.712075,0.720989,All
0.60905,0.721623,0.23464,0.722257,0.719036,0.721623,All
0.609229,0.722257,0.234797,0.722892,0.722827,0.722257,All
0.609494,0.722892,0.24112,0.723526,0.723607,0.722892,All
0.612545,0.723526,0.242285,0.72416,0.723784,0.723526,All
0.613797,0.72416,0.243381,0.724794,0.724602,0.72416,All
0.614715,0.724794,0.244385,0.725428,0.725714,0.724794,All
0.61482,0.725428,0.244722,0.726062,0.729743,0.725428,All
0.616567,0.726062,0.246762,0.726696,0.731181,0.726062,All
0.616903,0.726696,0.249311,0.72733,0.73217,0.726696,All
0.619204,0.72733,0.249665,0.727964,0.732619,0.72733,All
0.626141,0.727964,0.249691,0.728599,0.73395,0.727964,All
0.626296,0.728599,0.250451,0.729233,0.738002,0.728599,All
0.637521,0.729233,0.251688,0.729867,0.741711,0.729233,All
0.638457,0.729867,0.252177,0.730501,0.743533,0.729867,All
0.641157,0.730501,0.252567,0.731135,0.745222,0.730501,All
0.646461,0.731135,0.252676,0.731769,0.745647,0.731135,All
0.647825,0.731769,0.253674,0.732403,0.749912,0.731769,All
0.648258,0.732403,0.254601,0.733037,0.754591,0.732403,All
0.648848,0.733037,0.254748,0.733672,0.757321,0.733037,All
0.650861,0.733672,0.256507,0.734306,0.757929,0.733672,All
0.663213,0.734306,0.259795,0.73494,0.759765,0.734306,All
0.666129,0.73494,0.25982,0.735574,0.762828,0.73494,All
0.670421,0.735574,0.262737,0.736208,0.768198,0.735574,All
0.677624,0.736208,0.264385,0.736842,0.770083,0.736208,All
0.679093,0.736842,0.265974,0.737476,0.776802,0.736842,All
0.679904,0.737476,0.266426,0.73811,0.778129,0.737476,All
0.683446,0.73811,0.267962,0.738744,0.779225,0.73811,All
0.690414,0.738744,0.268503,0.739379,0.782159,0.738744,All
0.692915,0.739379,0.268937,0.740013,0.782166,0.739379,All
0.692953,0.740013,0.27174,0.740647,0.782432,0.740013,All
0.693233,0.740647,0.272052,0.741281,0.785635,0.740647,All
0.693302,0.741281,0.273997,0.741915,0.786366,0.741281,All
0.694883,0.741915,0.276087,0.742549,0.78868,0.741915,All
0.696329,0.742549,0.27689,0.743183,0.791419,0.742549,All
0.700927,0.743183,0.278362,0.743817,0.801584,0.743183,All
0.701193,0.743817,0.278678,0.744451,0.805785,0.743817,All
0.702853,0.744451,0.279688,0.745086,0.806624,0.744451,All
0.704842,0.745086,0.27998,0.74572,0.808598,0.745086,All
0.707194,0.74572,0.28019,0.746354,0.809026,0.74572,All
0.707523,0.746354,0.282496,0.746988,0.812404,0.746354,All
0.711349,0.746988,0.284449,0.747622,0.814672,0.746988,All
0.715217,0.747622,0.284504,0.748256,0.816279,0.747622,All
0.716776,0.748256,0.28477,0.74889,0.817011,0.748256,All
0.720888,0.74889,0.285966,0.749524,0.818139,0.74889,All
0.722946,0.749524,0.286995,0.750159,0.820571,0.749524,All
0.725205,0.750159,0.287027,0.750793,0.821952,0.750159,All
0.738576,0.750793,0.289798,0.751427,0.822013,0.750793,All
0.738591,0.751427,0.289871,0.752061,0.828532,0.751427,All
0.743084,0.752061,0.290154,0.752695,0.829295,0.752061,All
0.743423,0.752695,0.292151,0.753329,0.834239,0.752695,All
0.746525,0.753329,0.293328,0.753963,0.834422,0.753329,All
0.748886,0.753963,0.295474,0.754597,0.836459,0.753963,All
0.751437,0.754597,0.296669,0.755231,0.839449,0.754597,All
0.751904,0.755231,0.296963,0.755866,0.841733,0.755231,All
0.752792,0.755866,0.299139,0.7565,0.843188,0.755866,All
0.754919,0.7565,0.300025,0.757134,0.843386,0.7565,All
0.755783,0.757134,0.301224,0.757768,0.844983,0.757134,All
0.761988,0.757768,0.301422,0.758402,0.857458,0.757768,All
0.766902,0.758402,0.301901,0.759036,0.85841,0.758402,All
0.76737,0.759036,0.303628,0.75967,0.866453,0.759036,All
0.768731,0.75967,0.30483,0.760304,0.869011,0.75967,All
0.772212,0.760304,0.305401,0.760938,0.874052,0.760304,All
0.779008,0.760938,0.305515,0.761573,0.875031,0.760938,All
0.780946,0.761573,0.30567,0.762207,0.876882,0.761573,All
0.791527,0.762207,0.305689,0.762841,0.878027,0.762207,All
0.792925,0.762841,0.305885,0.763475,0.878939,0.762841,All
0.795365,0.763475,0.307308,0.764109,0.882747,0.763475,All
0.795943,0.764109,0.308421,0.764743,0.886204,0.764109,All
0.799314,0.764743,0.309652,0.765377,0.887027,0.764743,All
0.799438,0.765377,0.309912,0.766011,0.889079,0.765377,All
0.806293,0.766011,0.310523,0.766646,0.894644,0.766011,All
0.809303,0.766646,0.311335,0.76728,0.899122,0.766646,All
0.812273,0.76728,0.312128,0.767914,0.899936,0.76728,All
0.818894,0.767914,0.312955,0.768548,0.900552,0.767914,All
0.82323,0.768548,0.313637,0.769182,0.902266,0.768548,All
0.823786,0.769182,0.314108,0.769816,0.907201,0.769182,All
0.82465,0.769816,0.316362,0.77045,0.908056,0.769816,All
0.824956,0.77045,0.31855,0.771084,0.911758,0.77045,All
0.835198,0.771084,0.318551,0.771718,0.911834,0.771084,All
0.840765,0.771718,0.31914,0.772353,0.911948,0.771718,All
0.84309,0.772353,0.320424,0.772987,0.913311,0.772353,All
0.843809,0.772987,0.321104,0.773621,0.916127,0.772987,All
0.855904,0.773621,0.322055,0.774255,0.927252,0.773621,All
0.860189,0.774255,0.322603,0.774889,0.930664,0.774255,All
0.861332,0.774889,0.322634,0.775523,0.931654,0.774889,All
0.862979,0.775523,0.323029,0.776157,0.932133,0.775523,All
0.868196,0.776157,0.324847,0.776791,0.932693,0.776157,All
0.871426,0.776791,0.327114,0.777425,0.935354,0.776791,All
0.872464,0.777425,0.32733,0.77806,0.936531,0.777425,All
0.873443,0.77806,0.327692,0.778694,0.941311,0.77806,All
0.873967,0.778694,0.329874,0.779328,0.942811,0.778694,All
0.874875,0.779328,0.3303,0.779962,0.948233,0.779328,All
0.875284,0.779962,0.332391,0.780596,0.950624,0.779962,All
0.881738,0.780596,0.333057,0.78123,0.951124,0.780596,All
0.886944,0.78123,0.333984,0.781864,0.953318,0.78123,All
0.887926,0.781864,0.337804,0.782498,0.957897,0.781864,All
0.897165,0.782498,0.338184,0.783133,0.958397,0.782498,All
0.89954,0.783133,0.339122,0.783767,0.95901,0.783133,All
0.90613,0.783767,0.339236,0.784401,0.961245,0.783767,All
0.909838,0.784401,0.341217,0.785035,0.962226,0.784401,All
0.91263,0.785035,0.341818,0.785669,0.964176,0.785035,All
0.915777,0.785669,0.342623,0.786303,0.96755,0.785669,All
0.917791,0.786303,0.342943,0.786937,0.96916,0.786303,All
0.921314,0.786937,0.345479,0.787571,0.974999,0.786937,All
0.922988,0.787571,0.34563,0.788205,0.976509,0.787571,All
0.928784,0.788205,0.346481,0.78884,0.978208,0.788205,All
0.933067,0.78884,0.348541,0.789474,0.980145,0.78884,All
0.93999,0.789474,0.353103,0.790108,0.982833,0.789474,All
0.947093,0.790108,0.353179,0.790742,0.983297,0.790108,All
0.948309,0.790742,0.354181,0.791376,0.987318,0.790742,All
0.951355,0.791376,0.354453,0.79201,0.993639,0.791376,All
0.953609,0.79201,0.358863,0.792644,1.00077,0.79201,All
0.956355,0.792644,0.360475,0.793278,1.00389,0.792644,All
0.960036,0.793278,0.36203,0.793912,1.00391,0.793278,All
0.960166,0.793912,0.364308,0.794547,1.00736,0.793912,All
0.961674,0.794547,0.367092,0.795181,1.00892,0.794547,All
0.96177,0.795181,0.367788,0.795815,1.00948,0.795181,All
0.961831,0.795815,0.369,0.796449,1.01266,0.795815,All
0.962894,0.796449,0.369431,0.797083,1.01687,0.796449,All
0.967577,0.797083,0.369725,0.797717,1.01953,0.797083,All
0.972071,0.797717,0.370787,0.798351,1.02356,0.797717,All
0.975208,0.798351,0.371178,0.798985,1.02497,0.798351,All
0.977592,0.798985,0.371923,0.79962,1.03441,0.798985,All
0.982283,0.79962,0.374928,0.800254,1.04039,0.79962,All
0.984566,0.800254,0.37579,0.800888,1.04288,0.800254,All
0.987479,0.800888,0.375956,0.801522,1.04326,0.800888,All
0.992476,0.801522,0.377405,0.802156,1.04381,0.801522,All
0.999031,0.802156,0.380728,0.80279,1.04487,0.802156,All
1.00157,0.80279,0.381794,0.803424,1.0451,0.80279,All
1.00647,0.803424,0.382913,0.804058,1.04729,0.803424,All
1.00811,0.804058,0.383743,0.804692,1.06165,0.804058,All
1.01011,0.804692,0.384675,0.805327,1.06423,0.804692,All
1.01109,0.805327,0.385529,0.805961,1.06651,0.805327,All
1.0139,0.805961,0.390107,0.806595,1.06771,0.805961,All
1.01716,0.806595,0.390298,0.807229,1.06833,0.806595,All
1.02227,0.807229,0.390579,0.807863,1.06882,0.807229,All
1.02881,0.807863,0.390719,0.808497,1.07178,0.807863,All
1.0357,0.808497,0.395102,0.809131,1.07815,0.808497,All
1.0539,0.809131,0.39715,0.809765,1.08167,0.809131,All
1.05434,0.809765,0.39785,0.810399,1.08432,0.809765,All
1.05565,0.810399,0.39997,0.811034,1.08884,0.810399,All
1.05592,0.811034,0.402007,0.811668,1.08985,0.811034,All
1.07006,0.811668,0.402291,0.812302,1.09371,0.811668,All
1.07303,0.812302,0.402783,0.812936,1.10918,0.812302,All
1.07381,0.812936,0.403378,0.81357,1.11258,0.812936,All
1.07566,0.81357,0.404058,0.814204,1.11272,0.81357,All
1.08476,0.814204,0.40457,0.814838,1.11289,0.814204,All
1.08899,0.814838,0.407564,0.815472,1.11584,0.814838,All
1.09145,0.815472,0.408443,0.816107,1.11747,0.815472,All
1.10644,0.816107,0.410017,0.816741,1.12089,0.816107,All
1.10678,0.816741,0.410073,0.817375,1.12359,0.816741,All
1.10788,0.817375,0.412196,0.818009,1.12584,0.817375,All
1.11848,0.818009,0.412418,0.818643,1.12782,0.818009,All
1.1199,0.818643,0.415208,0.819277,1.12808,0.818643,All
1.12035,0.819277,0.41733,0.819911,1.12968,0.819277,All
1.12324,0.819911,0.42103,0.820545,1.13274,0.819911,All
1.1275,0.820545,0.421896,0.821179,1.13839,0.820545,All
1.12954,0.821179,0.422586,0.821814,1.14104,0.821179,All
1.13562,0.821814,0.423976,0.822448,1.14128,0.821814,All
1.13591,0.822448,0.424239,0.823082,1.14203,0.822448,All
1.1416,0.823082,0.425857,0.823716,1.14468,0.823082,All
1.14184,0.823716,0.426777,0.82435,1.14717,0.823716,All
1.14663,0.82435,0.426864,0.824984,1.14778,0.82435,All
1.14816,0.824984,0.42768,0.825618,1.14882,0.824984,All
1.15271,0.825618,0.428975,0.826252,1.15253,0.825618,All
1.15399,0.826252,0.430787,0.826886,1.15363,0.826252,All
1.1608,0.826886,0.431366,0.827521,1.15563,0.826886,All
1.16189,0.827521,0.431605,0.828155,1.15623,0.827521,All
1.16197,0.828155,0.433154,0.828789,1.15757,0.828155,All
1.16428,0.828789,0.434938,0.829423,1.1613,0.828789,All
1.16482,0.829423,0.436684,0.830057,1.16154,0.829423,All
1.16573,0.830057,0.442291,0.830691,1.16155,0.830057,All
1.16757,0.830691,0.444291,0.831325,1.1653,0.830691,All
1.17053,0.831325,0.445025,0.831959,1.17269,0.831325,All
1.1711,0.831959,0.445822,0.832594,1.17553,0.831959,All
1.1741,0.832594,0.447581,0.833228,1.18007,0.832594,All
1.17509,0.833228,0.450244,0.833862,1.18023,0.833228,All
1.17537,0.833862,0.450619,0.834496,1.18045,0.833862,All
1.18147,0.834496,0.455696,0.83513,1.18165,0.834496,All
1.18181,0.83513,0.455739,0.835764,1.18367,0.83513,All
1.18427,0.835764,0.458434,0.836398,1.18801,0.835764,All
1.18957,0.836398,0.461018,0.837032,1.19181,0.836398,All
1.19438,0.837032,0.464339,0.837666,1.19353,0.837032,All
1.19804,0.837666,0.464508,0.838301,1.19643,0.837666,All
1.19842,0.838301,0.466145,0.838935,1.20292,0.838301,All
1.20055,0.838935,0.467366,0.839569,1.20448,0.838935,All
1.20096,0.839569,0.467806,0.840203,1.20647,0.839569,All
1.2047,0.840203,0.468171,0.840837,1.20895,0.840203,All
1.21259,0.840837,0.468525,0.841471,1.21055,0.840837,All
1.21315,0.841471,0.475591,0.842105,1.21079,0.841471,All
1.21452,0.842105,0.477609,0.842739,1.21422,0.842105,All
1.21595,0.842739,0.479531,0.843373,1.21437,0.842739,All
1.21597,0.843373,0.482479,0.844008,1.21671,0.843373,All
1.21642,0.844008,0.48701,0.844642,1.21748,0.844008,All
1.21766,0.844642,0.487292,0.845276,1.22446,0.844642,All
1.22035,0.845276,0.487994,0.84591,1.22472,0.845276,All
1.22088,0.84591,0.494472,0.846544,1.22885,0.84591,All
1.23976,0.846544,0.495151,0.847178,1.23026,0.846544,All
1.24359,0.847178,0.496791,0.847812,1.23159,0.847178,All
1.24472,0.847812,0.497846,0.848446,1.2401,0.847812,All
1.25538,0.848446,0.499973,0.849081,1.2431,0.848446,All
1.25666,0.849081,0.500393,0.849715,1.24405,0.849081,All
1.25888,0.849715,0.500854,0.850349,1.25267,0.849715,All
1.25935,0.850349,0.502835,0.850983,1.25701,0.850349,All
1.26527,0.850983,0.506098,0.851617,1.26539,0.850983,All
1.26741,0.851617,0.50697,0.852251,1.26644,0.851617,All
1.27123,0.852251,0.509833,0.852885,1.26674,0.852251,All
1.27593,0.852885,0.510542,0.853519,1.27036,0.852885,All
1.27653,0.853519,0.516276,0.854153,1.27146,0.853519,All
1.27999,0.854153,0.519421,0.854788,1.27258,0.854153,All
1.2806,0.854788,0.519961,0.855422,1.27262,0.854788,All
1.28492,0.855422,0.520862,0.856056,1.2785,0.855422,All
1.28689,0.856056,0.521865,0.85669,1.28013,0.856056,All
1.29062,0.85669,0.523388,0.857324,1.28271,0.85669,All
1.29126,0.857324,0.523485,0.857958,1.28415,0.857324,All
1.29136,0.857958,0.523846,0.858592,1.28553,0.857958,All
1.29162,0.858592,0.526246,0.859226,1.2887,0.858592,All
1.29408,0.859226,0.526763,0.85986,1.28955,0.859226,All
1.3083,0.85986,0.528617,0.860495,1.28985,0.85986,All
1.3106,0.860495,0.532909,0.861129,1.29083,0.860495,All
1.31214,0.861129,0.535262,0.861763,1.29357,0.861129,All
1.31605,0.861763,0.53644,0.862397,1.29772,0.861763,All
1.32009,0.862397,0.53931,0.863031,1.30373,0.862397,All
1.32974,0.863031,0.544864,0.863665,1.30505,0.863031,All
1.3316,0.863665,0.548005,0.864299,1.30519,0.863665,All
1.33255,0.864299,0.54956,0.864933,1.30567,0.864299,All
1.33479,0.864933,0.554858,0.865568,1.31333,0.864933,All
1.33939,0.865568,0.555916,0.866202,1.31391,0.865568,All
1.34221,0.866202,0.556213,0.866836,1.31587,0.866202,All
1.34438,0.866836,0.556331,0.86747,1.3185,0.866836,All
1.34786,0.86747,0.55664,0.868104,1.32023,0.86747,All
1.35374,0.868104,0.558832,0.868738,1.32109,0.868104,All
1.35528,0.868738,0.559128,0.869372,1.32371,0.868738,All
1.3554,0.869372,0.565872,0.870006,1.32613,0.869372,All
1.35914,0.870006,0.566152,0.87064,1.33085,0.870006,All
1.35937,0.87064,0.567248,0.871275,1.33191,0.87064,All
1.36492,0.871275,0.568247,0.871909,1.33375,0.871275,All
1.3713,0.871909,0.570021,0.872543,1.33396,0.871909,All
1.37316,0.872543,0.573915,0.873177,1.33716,0.872543,All
1.37384,0.873177,0.576769,0.873811,1.34107,0.873177,All
1.38333,0.873811,0.577455,0.874445,1.34674,0.873811,All
1.38585,0.874445,0.577823,0.875079,1.35049,0.874445,All
1.39114,0.875079,0.579153,0.875713,1.35167,0.875079,All
1.39246,0.875713,0.579718,0.876347,1.35294,0.875713,All
1.39344,0.876347,0.583519,0.876982,1.35812,0.876347,All
1.39649,0.876982,0.584189,0.877616,1.35916,0.876982,All
1.39714,0.877616,0.584235,0.87825,1.36043,0.877616,All
1.39754,0.87825,0.585578,0.878884,1.36623,0.87825,All
1.40584,0.878884,0.585962,0.879518,1.36903,0.878884,All
1.40625,0.879518,0.590039,0.880152,1.37193,0.879518,All
1.41604,0.880152,0.591426,0.880786,1.37397,0.880152,All
1.42117,0.880786,0.594562,0.88142,1.38278,0.880786,All
1.43156,0.88142,0.594882,0.882055,1.38421,0.88142,All
1.43337,0.882055,0.597663,0.882689,1.38494,0.882055,All
1.44647,0.882689,0.599108,0.883323,1.39204,0.882689,All
1.44925,0.883323,0.600224,0.883957,1.39208,0.883323,All
1.4513,0.883957,0.600465,0.884591,1.39833,0.883957,All
1.45175,0.884591,0.601302,0.885225,1.40209,0.884591,All
1.45208,0.885225,0.608702,0.885859,1.40293,0.885225,All
1.46262,0.885859,0.609451,0.886493,1.40472,0.885859,All
1.46415,0.886493,0.611359,0.887127,1.4145,0.886493,All
1.46553,0.887127,0.614615,0.887762,1.41826,0.887127,All
1.46932,0.887762,0.619761,0.888396,1.42241,0.887762,All
1.47962,0.888396,0.624469,0.88903,1.42965,0.888396,All
1.48489,0.88903,0.62477,0.889664,1.42979,0.88903,All
1.48503,0.889664,0.625416,0.890298,1.43166,0.889664,All
1.49003,0.890298,0.628951,0.890932,1.43616,0.890298,All
1.50131,0.890932,0.630554,0.891566,1.44029,0.890932,All
1.50681,0.891566,0.63198,0.8922,1.44149,0.891566,All
1.50881,0.8922,0.635253,0.892834,1.44327,0.8922,All
1.51229,0.892834,0.638562,0.893469,1.44598,0.892834,All
1.51811,0.893469,0.640936,0.894103,1.44834,0.893469,All
1.52538,0.894103,0.643622,0.894737,1.45982,0.894103,All
1.52731,0.894737,0.645936,0.895371,1.46106,0.894737,All
1.53012,0.895371,0.647088,0.896005,1.46276,0.895371,All
1.53071,0.896005,0.647517,0.896639,1.46499,0.896005,All
1.53741,0.896639,0.64911,0.897273,1.46612,0.896639,All
1.53946,0.897273,0.652434,0.897907,1.47055,0.897273,All
1.54001,0.897907,0.652896,0.898542,1.47412,0.897907,All
1.54069,0.898542,0.65546,0.899176,1.47636,0.898542,All
1.54079,0.899176,0.656036,0.89981,1.47745,0.899176,All
1.54832,0.89981,0.657972,0.900444,1.47955,0.89981,All
1.54922,0.900444,0.659513,0.901078,1.4817,0.900444,All
1.5494,0.901078,0.66088,0.901712,1.4825,0.901078,All
1.55057,0.901712,0.66317,0.902346,1.48377,0.901712,All
1.55689,0.902346,0.663794,0.90298,1.48534,0.902346,All
1.56001,0.90298,0.668535,0.903614,1.48927,0.90298,All
1.56109,0.903614,0.668735,0.904249,1.49315,0.903614,All
1.56433,0.904249,0.67025,0.904883,1.49333,0.904249,All
1.57088,0.904883,0.676107,0.905517,1.49645,0.904883,All
1.57818,0.905517,0.682876,0.906151,1.50306,0.905517,All
1.58218,0.906151,0.682935,0.906785,1.51889,0.906151,All
1.59063,0.906785,0.687885,0.907419,1.52054,0.906785,All
1.59064,0.907419,0.688627,0.908053,1.52209,0.907419,All
1.59725,0.908053,0.68909,0.908687,1.53004,0.908053,All
1.61509,0.908687,0.689796,0.909321,1.53888,0.908687,All
1.63232,0.909321,0.692643,0.909956,1.54501,0.909321,All
1.64212,0.909956,0.693011,0.91059,1.54863,0.909956,All
1.6518,0.91059,0.693177,0.911224,1.56771,0.91059,All
1.65478,0.911224,0.69621,0.911858,1.56912,0.911224,All
1.65565,0.911858,0.698275,0.912492,1.56969,0.911858,All
1.661,0.912492,0.702209,0.913126,1.572,0.912492,All
1.66424,0.913126,0.702867,0.91376,1.5726,0.913126,All
1.67024,0.91376,0.706546,0.914394,1.57488,0.91376,All
1.68121,0.914394,0.712243,0.915029,1.58104,0.914394,All
1.68406,0.915029,0.712386,0.915663,1.58624,0.915029,All
1.68725,0.915663,0.714698,0.916297,1.58654,0.915663,All
1.69671,0.916297,0.72212,0.916931,1.5878,0.916297,All
1.71616,0.916931,0.736777,0.917565,1.59508,0.916931,All
1.71758,0.917565,0.736843,0.918199,1.59582,0.917565,All
1.72089,0.918199,0.740235,0.918833,1.6108,0.918199,All
1.72718,0.918833,0.740812,0.919467,1.62978,0.918833,All
1.73911,0.919467,0.742562,0.920101,1.65014,0.919467,All
1.76117,0.920101,0.746188,0.920736,1.65418,0.920101,All
1.76405,0.920736,0.748631,0.92137,1.65827,0.920736,All
1.77259,0.92137,0.762571,0.922004,1.66399,0.92137,All
1.78549,0.922004,0.76347,0.922638,1.66443,0.922004,All
1.80328,0.922638,0.76367,0.923272,1.66583,0.922638,All
1.80509,0.923272,0.764452,0.923906,1.68938,0.923272,All
1.82744,0.923906,0.764938,0.92454,1.69224,0.923906,All
1.84023,0.92454,0.765568,0.925174,1.70942,0.92454,All
1.87479,0.925174,0.767309,0.925808,1.71529,0.925174,All
1.87901,0.925808,0.767386,0.926443,1.7169,0.925808,All
1.89474,0.926443,0.767391,0.927077,1.71733,0.926443,All
1.90771,0.927077,0.770846,0.927711,1.72554,0.927077,All
1.91142,0.927711,0.771946,0.928345,1.73966,0.927711,All
1.91964,0.928345,0.773798,0.928979,1.74045,0.928345,All
1.93027,0.928979,0.773851,0.929613,1.7411,0.928979,All
1.93314,0.929613,0.774647,0.930247,1.74218,0.929613,All
1.93539,0.930247,0.78177,0.930881,1.74277,0.930247,All
1.94035,0.930881,0.786868,0.931516,1.76244,0.930881,All
1.94257,0.931516,0.787921,0.93215,1.76884,0.931516,All
1.95238,0.93215,0.789419,0.932784,1.76957,0.93215,All
1.96602,0.932784,0.792086,0.933418,1.79037,0.932784,All
1.9684,0.933418,0.793388,0.934052,1.79329,0.933418,All
1.97158,0.934052,0.797052,0.934686,1.79621,0.934052,All
1.9804,0.934686,0.806054,0.93532,1.81492,0.934686,All
1.98146,0.93532,0.806972,0.935954,1.81742,0.93532,All
1.98657,0.935954,0.810435,0.936588,1.82321,0.935954,All
2.00269,0.936588,0.812536,0.937223,1.82443,0.936588,All
2.02701,0.937223,0.818356,0.937857,1.83564,0.937223,All
2.05568,0.937857,0.844866,0.938491,1.845,0.937857,All
2.06841,0.938491,0.846806,0.939125,1.86287,0.938491,All
2.09274,0.939125,0.851226,0.939759,1.86435,0.939125,All
2.10203,0.939759,0.851816,0.940393,1.86512,0.939759,All
2.11972,0.940393,0.859884,0.941027,1.86942,0.940393,All
2.12037,0.941027,0.871388,0.941661,1.87195,0.941027,All
2.12629,0.941661,0.879199,0.942295,1.87215,0.941661,All
2.13429,0.942295,0.893081,0.94293,1.89073,0.942295,All
2.14566,0.94293,0.898853,0.943564,1.89755,0.94293,All
2.15686,0.943564,0.901846,0.944198,1.903,0.943564,All
2.16067,0.944198,0.902427,0.944832,1.9079,0.944198,All
2.18889,0.944832,0.907509,0.945466,1.92558,0.944832,All
2.18979,0.945466,0.909362,0.9461,1.93977,0.945466,All
2.1945,0.9461,0.917146,0.946734,1.94098,0.9461,All
2.22719,0.946734,0.921003,0.947368,1.95479,0.946734,All
2.24439,0.947368,0.924767,0.948003,1.96434,0.947368,All
2.30234,0.948003,0.932967,0.948637,1.9777,0.948003,All
2.30306,0.948637,0.933044,0.949271,1.99388,0.948637,All
2.3162,0.949271,0.933815,0.949905,2.00803,0.949271,All
2.32222,0.949905,0.935447,0.950539,2.01381,0.949905,All
2.33603,0.950539,0.937107,0.951173,2.01568,0.950539,All
2.3416,0.951173,0.937864,0.951807,2.01917,0.951173,All
2.34749,0.951807,0.943033,0.952441,2.0207,0.951807,All
2.35137,0.952441,0.947528,0.953075,2.03264,0.952441,All
2.35845,0.953075,0.96601,0.95371,2.03748,0.953075,All
2.35869,0.95371,0.97384,0.954344,2.06043,0.95371,All
2.38975,0.954344,0.975013,0.954978,2.06737,0.954344,All
2.40217,0.954978,0.977471,0.955612,2.06965,0.954978,All
2.40554,0.955612,0.990141,0.956246,2.0718,0.955612,All
2.42667,0.956246,1.0182,0.95688,2.07259,0.956246,All
2.4565,0.95688,1.02731,0.957514,2.07974,0.95688,All
2.47347,0.957514,1.04509,0.958148,2.08088,0.957514,All
2.49307,0.958148,1.04741,0.958782,2.08143,0.958148,All
2.5021,0.958782,1.05393,0.959417,2.08202,0.958782,All
2.51465,0.959417,1.063,0.960051,2.08498,0.959417,All
2.52365,0.960051,1.06628,0.960685,2.0876,0.960051,All
2.53249,0.960685,1.086,0.961319,2.10402,0.960685,All
2.55545,0.961319,1.08611,0.961953,2.13959,0.961319,All
2.55964,0.961953,1.09369,0.962587,2.14207,0.961953,All
2.57295,0.962587,1.10226,0.963221,2.16233,0.962587,All
2.60467,0.963221,1.11843,0.963855,2.17263,0.963221,All
2.66547,0.963855,1.12559,0.96449,2.17608,0.963855,All
2.66877,0.96449,1.13326,0.965124,2.18794,0.96449,All
2.67258,0.965124,1.13386,0.965758,2.20407,0.965124,All
2.68399,0.965758,1.13861,0.966392,2.21103,0.965758,All
2.69334,0.966392,1.16267,0.967026,2.2168,0.966392,All
2.77192,0.967026,1.17598,0.96766,2.22374,0.967026,All
2.79061,0.96766,1.17901,0.968294,2.24516,0.96766,All
2.81759,0.968294,1.21271,0.968928,2.25145,0.968294,All
2.85635,0.968928,1.22721,0.969562,2.25209,0.968928,All
2.85956,0.969562,1.2277,0.970197,2.25266,0.969562,All
2.86208,0.970197,1.2415,0.970831,2.2558,0.970197,All
2.87885,0.970831,1.24739,0.971465,2.28264,0.970831,All
2.90713,0.971465,1.2552,0.972099,2.36417,0.971465,All
2.93274,0.972099,1.26061,0.972733,2.36504,0.972099,All
2.93297,0.972733,1.2717,0.973367,2.37173,0.972733,All
2.94165,0.973367,1.28423,0.974001,2.379,0.973367,All
2.94215,0.974001,1.28945,0.974635,2.39538,0.974001,All
2.94617,0.974635,1.31355,0.975269,2.40321,0.974635,All
3.01444,0.975269,1.32538,0.975904,2.41645,0.975269,All
3.04997,0.975904,1.33884,0.976538,2.42778,0.975904,All
3.06577,0.976538,1.35173,0.977172,2.44628,0.976538,All
3.08627,0.977172,1.3777,0.977806,2.47936,0.977172,All
3.11605,0.977806,1.39329,0.97844,2.50452,0.977806,All
3.22379,0.97844,1.40606,0.979074,2.51254,0.97844,All
3.27796,0.979074,1.40717,0.979708,2.52082,0.979074,All
3.28733,0.979708,1.41004,0.980342,2.52512,0.979708,All
3.30063,0.980342,1.41006,0.980977,2.53704,0.980342,All
3.30079,0.980977,1.41402,0.981611,2.53762,0.980977,All
3.30271,0.981611,1.41512,0.982245,2.54191,0.981611,All
3.37174,0.982245,1.46025,0.982879,2.56475,0.982245,All
3.44715,0.982879,1.46056,0.983513,2.58869,0.982879,All
3.46461,0.983513,1.46449,0.984147,2.59964,0.983513,All
3.66713,0.984147,1.5029,0.984781,2.61056,0.984147,All
3.71963,0.984781,1.60166,0.985415,2.62996,0.984781,All
3.7901,0.985415,1.63749,0.986049,2.63086,0.985415,All
3.80133,0.986049,1.70729,0.986684,2.63531,0.986049,All
3.86172,0.986684,1.72148,0.987318,2.64828,0.986684,All
3.8694,0.987318,1.74693,0.987952,2.67635,0.987318,All
3.87031,0.987952,1.79967,0.988586,2.68456,0.987952,All
3.92236,0.988586,1.86124,0.98922,2.69732,0.988586,All
3.96747,0.98922,1.86963,0.989854,2.71371,0.98922,All
4.05384,0.989854,1.87391,0.990488,2.73533,0.989854,All
4.10861,0.990488,1.87957,0.991122,2.76231,0.990488,All
4.16308,0.991122,1.8881,0.991756,2.76622,0.991122,All
4.19653,0.991756,1.98068,0.992391,2.77121,0.991756,All
4.3472,0.992391,2.03597,0.993025,2.77387,0.992391,All
4.59386,0.993025,2.12723,0.993659,2.77908,0.993025,All
4.67764,0.993659,2.13842,0.994293,2.78055,0.993659,All
4.69891,0.994293,2.14522,0.994927,2.8001,0.994293,All
4.79001,0.994927,2.14765,0.995561,2.80199,0.994927,All
4.91978,0.995561,2.26833,0.996195,2.81456,0.995561,All
5.25859,0.996195,2.30592,0.996829,2.82126,0.996195,All
5.30477,0.996829,2.38394,0.997464,2.82966,0.996829,All
9.80905,0.997464,2.98968,0.998098,2.84271,0.997464,All
10.5994,0.998098,3.28422,0.998732,2.84963,0.998098,All
12.2744,0.998732,3.63826,0.999366,2.85768,0.998732,All
12.6688,0.999366,4.18153,1,2.87523,0.999366,All
14.206,1,,,2.87773,1,All
,,,,4,1,All
