standEta_V_abscissa,standEta_V_cdf,standEta_Cl_abscissa,standEta_Cl_cdf,split
-4,0,-4,0,All
-3.8484,0.000999001,-3.4737,0.000999001,All
-2.93661,0.001998,-2.96588,0.001998,All
-2.49234,0.002997,-2.40435,0.002997,All
-2.22848,0.003996,-2.19368,0.003996,All
-2.18782,0.004995,-2.1865,0.004995,All
-2.13624,0.00599401,-2.1703,0.00599401,All
-2.1157,0.00699301,-2.16219,0.00699301,All
-2.04859,0.00799201,-2.14734,0.00799201,All
-1.9697,0.00899101,-2.12737,0.00899101,All
-1.87976,0.00999001,-2.06865,0.00999001,All
-1.85084,0.010989,-2.0599,0.010989,All
-1.8418,0.011988,-2.05456,0.011988,All
-1.70151,0.012987,-2.05223,0.012987,All
-1.69022,0.013986,-2.01764,0.013986,All
-1.68894,0.014985,-1.93361,0.014985,All
-1.68606,0.015984,-1.90473,0.015984,All
-1.67653,0.016983,-1.75653,0.016983,All
-1.62651,0.017982,-1.74472,0.017982,All
-1.59737,0.018981,-1.68779,0.018981,All
-1.51527,0.01998,-1.66333,0.01998,All
-1.51228,0.020979,-1.63932,0.020979,All
-1.4735,0.021978,-1.58434,0.021978,All
-1.45951,0.022977,-1.58399,0.022977,All
-1.45572,0.023976,-1.58047,0.023976,All
-1.44197,0.024975,-1.47776,0.024975,All
-1.40983,0.025974,-1.4727,0.025974,All
-1.38911,0.026973,-1.46712,0.026973,All
-1.38564,0.027972,-1.4645,0.027972,All
-1.37635,0.028971,-1.4395,0.028971,All
-1.37179,0.02997,-1.40917,0.02997,All
-1.3617,0.030969,-1.37552,0.030969,All
-1.35519,0.031968,-1.35698,0.031968,All
-1.35465,0.032967,-1.3204,0.032967,All
-1.35279,0.033966,-1.30106,0.033966,All
-1.33039,0.034965,-1.29684,0.034965,All
-1.30812,0.035964,-1.29036,0.035964,All
-1.30701,0.036963,-1.2719,0.036963,All
-1.27567,0.037962,-1.2481,0.037962,All
-1.26706,0.038961,-1.24631,0.038961,All
-1.26644,0.03996,-1.24128,0.03996,All
-1.25047,0.040959,-1.23189,0.040959,All
-1.24824,0.041958,-1.20186,0.041958,All
-1.24519,0.042957,-1.15616,0.042957,All
-1.2213,0.043956,-1.13639,0.043956,All
-1.21899,0.044955,-1.13429,0.044955,All
-1.19239,0.045954,-1.11962,0.045954,All
-1.17999,0.046953,-1.11116,0.046953,All
-1.15771,0.047952,-1.08334,0.047952,All
-1.1572,0.048951,-1.07633,0.048951,All
-1.14815,0.04995,-1.07427,0.04995,All
-1.14366,0.0509491,-1.06712,0.0509491,All
-1.13797,0.0519481,-1.06209,0.0519481,All
-1.13199,0.0529471,-1.04233,0.0529471,All
-1.10285,0.0539461,-1.03919,0.0539461,All
-1.10085,0.0549451,-1.03387,0.0549451,All
-1.09674,0.0559441,-1.0332,0.0559441,All
-1.0914,0.0569431,-1.0066,0.0569431,All
-1.0756,0.0579421,-1.00609,0.0579421,All
-1.06775,0.0589411,-1.006,0.0589411,All
-1.05086,0.0599401,-0.995935,0.0599401,All
-1.04848,0.0609391,-0.990643,0.0609391,All
-1.04587,0.0619381,-0.981458,0.0619381,All
-1.03985,0.0629371,-0.964255,0.0629371,All
-1.00488,0.0639361,-0.963775,0.0639361,All
-1.00421,0.0649351,-0.961987,0.0649351,All
-1.00298,0.0659341,-0.945554,0.0659341,All
-0.998607,0.0669331,-0.936746,0.0669331,All
-0.998248,0.0679321,-0.933636,0.0679321,All
-0.996765,0.0689311,-0.930077,0.0689311,All
-0.996581,0.0699301,-0.927348,0.0699301,All
-0.98912,0.0709291,-0.919297,0.0709291,All
-0.986598,0.0719281,-0.916189,0.0719281,All
-0.983571,0.0729271,-0.913969,0.0729271,All
-0.957067,0.0739261,-0.909088,0.0739261,All
-0.951738,0.0749251,-0.900073,0.0749251,All
-0.948953,0.0759241,-0.889943,0.0759241,All
-0.943546,0.0769231,-0.886167,0.0769231,All
-0.928613,0.0779221,-0.878814,0.0779221,All
-0.925395,0.0789211,-0.878754,0.0789211,All
-0.917473,0.0799201,-0.87606,0.0799201,All
-0.912597,0.0809191,-0.871227,0.0809191,All
-0.906761,0.0819181,-0.863695,0.0819181,All
-0.905064,0.0829171,-0.856869,0.0829171,All
-0.90366,0.0839161,-0.85045,0.0839161,All
-0.903504,0.0849151,-0.843486,0.0849151,All
-0.898742,0.0859141,-0.833141,0.0859141,All
-0.895536,0.0869131,-0.818843,0.0869131,All
-0.888811,0.0879121,-0.815859,0.0879121,All
-0.880971,0.0889111,-0.810807,0.0889111,All
-0.85947,0.0899101,-0.799084,0.0899101,All
-0.844264,0.0909091,-0.796233,0.0909091,All
-0.841821,0.0919081,-0.79414,0.0919081,All
-0.837988,0.0929071,-0.783315,0.0929071,All
-0.803263,0.0939061,-0.773211,0.0939061,All
-0.801424,0.0949051,-0.763906,0.0949051,All
-0.800393,0.0959041,-0.761521,0.0959041,All
-0.800065,0.0969031,-0.756587,0.0969031,All
-0.799602,0.0979021,-0.752595,0.0979021,All
-0.794046,0.0989011,-0.7491,0.0989011,All
-0.778619,0.0999001,-0.748551,0.0999001,All
-0.77438,0.100899,-0.74782,0.100899,All
-0.772111,0.101898,-0.743285,0.101898,All
-0.771114,0.102897,-0.729522,0.102897,All
-0.765606,0.103896,-0.727273,0.103896,All
-0.763514,0.104895,-0.717956,0.104895,All
-0.76258,0.105894,-0.706084,0.105894,All
-0.74395,0.106893,-0.705772,0.106893,All
-0.730533,0.107892,-0.692879,0.107892,All
-0.725851,0.108891,-0.689853,0.108891,All
-0.722696,0.10989,-0.67894,0.10989,All
-0.719886,0.110889,-0.678372,0.110889,All
-0.708266,0.111888,-0.676028,0.111888,All
-0.70691,0.112887,-0.674397,0.112887,All
-0.702947,0.113886,-0.673991,0.113886,All
-0.697191,0.114885,-0.673049,0.114885,All
-0.687771,0.115884,-0.671991,0.115884,All
-0.685937,0.116883,-0.666017,0.116883,All
-0.68388,0.117882,-0.665539,0.117882,All
-0.683347,0.118881,-0.648339,0.118881,All
-0.6668,0.11988,-0.647846,0.11988,All
-0.657342,0.120879,-0.647486,0.120879,All
-0.65583,0.121878,-0.646073,0.121878,All
-0.653398,0.122877,-0.627734,0.122877,All
-0.649649,0.123876,-0.622778,0.123876,All
-0.646795,0.124875,-0.61759,0.124875,All
-0.645557,0.125874,-0.614647,0.125874,All
-0.642439,0.126873,-0.596654,0.126873,All
-0.642044,0.127872,-0.578908,0.127872,All
-0.640173,0.128871,-0.570724,0.128871,All
-0.627023,0.12987,-0.565811,0.12987,All
-0.625213,0.130869,-0.565322,0.130869,All
-0.623306,0.131868,-0.56255,0.131868,All
-0.622915,0.132867,-0.55962,0.132867,All
-0.622115,0.133866,-0.551462,0.133866,All
-0.621676,0.134865,-0.550385,0.134865,All
-0.621405,0.135864,-0.550253,0.135864,All
-0.616708,0.136863,-0.549927,0.136863,All
-0.610019,0.137862,-0.548719,0.137862,All
-0.607662,0.138861,-0.545002,0.138861,All
-0.606517,0.13986,-0.53767,0.13986,All
-0.605004,0.140859,-0.5354,0.140859,All
-0.602705,0.141858,-0.529064,0.141858,All
-0.602379,0.142857,-0.526605,0.142857,All
-0.602321,0.143856,-0.52074,0.143856,All
-0.602011,0.144855,-0.517434,0.144855,All
-0.60186,0.145854,-0.514853,0.145854,All
-0.592425,0.146853,-0.513627,0.146853,All
-0.587739,0.147852,-0.512259,0.147852,All
-0.584419,0.148851,-0.509465,0.148851,All
-0.583153,0.14985,-0.502476,0.14985,All
-0.579987,0.150849,-0.501462,0.150849,All
-0.575098,0.151848,-0.501032,0.151848,All
-0.573771,0.152847,-0.498825,0.152847,All
-0.572928,0.153846,-0.49555,0.153846,All
-0.572705,0.154845,-0.494896,0.154845,All
-0.567836,0.155844,-0.489271,0.155844,All
-0.560559,0.156843,-0.483124,0.156843,All
-0.559976,0.157842,-0.47365,0.157842,All
-0.559768,0.158841,-0.459804,0.158841,All
-0.558519,0.15984,-0.457211,0.15984,All
-0.55495,0.160839,-0.455892,0.160839,All
-0.550317,0.161838,-0.451024,0.161838,All
-0.549575,0.162837,-0.448171,0.162837,All
-0.545515,0.163836,-0.447764,0.163836,All
-0.537025,0.164835,-0.441508,0.164835,All
-0.536118,0.165834,-0.441064,0.165834,All
-0.535545,0.166833,-0.437905,0.166833,All
-0.531356,0.167832,-0.437392,0.167832,All
-0.528828,0.168831,-0.43739,0.168831,All
-0.527432,0.16983,-0.43648,0.16983,All
-0.523838,0.170829,-0.432259,0.170829,All
-0.521242,0.171828,-0.43186,0.171828,All
-0.514234,0.172827,-0.429398,0.172827,All
-0.503488,0.173826,-0.425655,0.173826,All
-0.501424,0.174825,-0.424865,0.174825,All
-0.501092,0.175824,-0.424207,0.175824,All
-0.500342,0.176823,-0.420827,0.176823,All
-0.49319,0.177822,-0.416169,0.177822,All
-0.492967,0.178821,-0.415117,0.178821,All
-0.492545,0.17982,-0.40102,0.17982,All
-0.49146,0.180819,-0.400844,0.180819,All
-0.490892,0.181818,-0.400024,0.181818,All
-0.489558,0.182817,-0.399456,0.182817,All
-0.48731,0.183816,-0.385727,0.183816,All
-0.484459,0.184815,-0.385721,0.184815,All
-0.480114,0.185814,-0.382214,0.185814,All
-0.47976,0.186813,-0.378913,0.186813,All
-0.478827,0.187812,-0.378358,0.187812,All
-0.473894,0.188811,-0.376296,0.188811,All
-0.472523,0.18981,-0.376289,0.18981,All
-0.47096,0.190809,-0.373258,0.190809,All
-0.470685,0.191808,-0.365588,0.191808,All
-0.470188,0.192807,-0.360909,0.192807,All
-0.46792,0.193806,-0.353457,0.193806,All
-0.46455,0.194805,-0.347829,0.194805,All
-0.461097,0.195804,-0.347722,0.195804,All
-0.459704,0.196803,-0.347645,0.196803,All
-0.456675,0.197802,-0.347262,0.197802,All
-0.455595,0.198801,-0.341573,0.198801,All
-0.451095,0.1998,-0.34006,0.1998,All
-0.450269,0.200799,-0.332651,0.200799,All
-0.445464,0.201798,-0.330394,0.201798,All
-0.444057,0.202797,-0.325699,0.202797,All
-0.443624,0.203796,-0.319295,0.203796,All
-0.443179,0.204795,-0.317137,0.204795,All
-0.442637,0.205794,-0.317051,0.205794,All
-0.442245,0.206793,-0.315959,0.206793,All
-0.439513,0.207792,-0.313753,0.207792,All
-0.438299,0.208791,-0.312803,0.208791,All
-0.435321,0.20979,-0.312742,0.20979,All
-0.434022,0.210789,-0.310063,0.210789,All
-0.432808,0.211788,-0.307812,0.211788,All
-0.430635,0.212787,-0.305781,0.212787,All
-0.430018,0.213786,-0.303304,0.213786,All
-0.428687,0.214785,-0.302935,0.214785,All
-0.428456,0.215784,-0.296131,0.215784,All
-0.428266,0.216783,-0.29434,0.216783,All
-0.423077,0.217782,-0.293862,0.217782,All
-0.420673,0.218781,-0.29204,0.218781,All
-0.41968,0.21978,-0.289094,0.21978,All
-0.417392,0.220779,-0.285254,0.220779,All
-0.413732,0.221778,-0.284541,0.221778,All
-0.413306,0.222777,-0.282211,0.222777,All
-0.407881,0.223776,-0.269878,0.223776,All
-0.407842,0.224775,-0.262303,0.224775,All
-0.405638,0.225774,-0.258715,0.225774,All
-0.40554,0.226773,-0.256463,0.226773,All
-0.397833,0.227772,-0.25296,0.227772,All
-0.388884,0.228771,-0.24939,0.228771,All
-0.388065,0.22977,-0.246037,0.22977,All
-0.385521,0.230769,-0.241541,0.230769,All
-0.384969,0.231768,-0.241342,0.231768,All
-0.379977,0.232767,-0.236642,0.232767,All
-0.37942,0.233766,-0.234843,0.233766,All
-0.379066,0.234765,-0.23397,0.234765,All
-0.372817,0.235764,-0.232793,0.235764,All
-0.37196,0.236763,-0.23274,0.236763,All
-0.371701,0.237762,-0.231882,0.237762,All
-0.370584,0.238761,-0.229487,0.238761,All
-0.368847,0.23976,-0.228509,0.23976,All
-0.366948,0.240759,-0.225123,0.240759,All
-0.358832,0.241758,-0.224457,0.241758,All
-0.35704,0.242757,-0.224317,0.242757,All
-0.350215,0.243756,-0.216438,0.243756,All
-0.346385,0.244755,-0.215437,0.244755,All
-0.346049,0.245754,-0.21477,0.245754,All
-0.345155,0.246753,-0.214187,0.246753,All
-0.343092,0.247752,-0.210911,0.247752,All
-0.342574,0.248751,-0.20817,0.248751,All
-0.34073,0.24975,-0.205533,0.24975,All
-0.339989,0.250749,-0.203632,0.250749,All
-0.335419,0.251748,-0.196486,0.251748,All
-0.334529,0.252747,-0.195933,0.252747,All
-0.332335,0.253746,-0.195375,0.253746,All
-0.332266,0.254745,-0.194698,0.254745,All
-0.328917,0.255744,-0.194255,0.255744,All
-0.327921,0.256743,-0.190586,0.256743,All
-0.325722,0.257742,-0.189058,0.257742,All
-0.325407,0.258741,-0.183938,0.258741,All
-0.324231,0.25974,-0.18044,0.25974,All
-0.322973,0.260739,-0.178566,0.260739,All
-0.322693,0.261738,-0.174781,0.261738,All
-0.317687,0.262737,-0.171521,0.262737,All
-0.317153,0.263736,-0.170608,0.263736,All
-0.316828,0.264735,-0.16368,0.264735,All
-0.316176,0.265734,-0.16023,0.265734,All
-0.315315,0.266733,-0.156079,0.266733,All
-0.315065,0.267732,-0.154134,0.267732,All
-0.31291,0.268731,-0.147943,0.268731,All
-0.312544,0.26973,-0.136812,0.26973,All
-0.311687,0.270729,-0.13496,0.270729,All
-0.309197,0.271728,-0.130079,0.271728,All
-0.307755,0.272727,-0.129712,0.272727,All
-0.305205,0.273726,-0.12944,0.273726,All
-0.3014,0.274725,-0.129439,0.274725,All
-0.298095,0.275724,-0.127076,0.275724,All
-0.297711,0.276723,-0.126203,0.276723,All
-0.2975,0.277722,-0.124921,0.277722,All
-0.29635,0.278721,-0.124272,0.278721,All
-0.296326,0.27972,-0.119785,0.27972,All
-0.293937,0.280719,-0.118131,0.280719,All
-0.293691,0.281718,-0.11215,0.281718,All
-0.292716,0.282717,-0.110164,0.282717,All
-0.291019,0.283716,-0.10995,0.283716,All
-0.287981,0.284715,-0.107311,0.284715,All
-0.287587,0.285714,-0.107209,0.285714,All
-0.27933,0.286713,-0.106862,0.286713,All
-0.278491,0.287712,-0.106382,0.287712,All
-0.276619,0.288711,-0.106022,0.288711,All
-0.275886,0.28971,-0.104591,0.28971,All
-0.272103,0.290709,-0.101905,0.290709,All
-0.269826,0.291708,-0.101254,0.291708,All
-0.26921,0.292707,-0.0986865,0.292707,All
-0.267945,0.293706,-0.0977423,0.293706,All
-0.263549,0.294705,-0.0939619,0.294705,All
-0.261381,0.295704,-0.0877631,0.295704,All
-0.260136,0.296703,-0.0874365,0.296703,All
-0.259309,0.297702,-0.0841346,0.297702,All
-0.256556,0.298701,-0.0754054,0.298701,All
-0.251208,0.2997,-0.0711091,0.2997,All
-0.250801,0.300699,-0.0671324,0.300699,All
-0.243257,0.301698,-0.0644917,0.301698,All
-0.242327,0.302697,-0.0618894,0.302697,All
-0.239594,0.303696,-0.0599827,0.303696,All
-0.239578,0.304695,-0.0597872,0.304695,All
-0.239502,0.305694,-0.0569542,0.305694,All
-0.237395,0.306693,-0.0563237,0.306693,All
-0.234904,0.307692,-0.0557853,0.307692,All
-0.234319,0.308691,-0.05576,0.308691,All
-0.234228,0.30969,-0.0530041,0.30969,All
-0.23319,0.310689,-0.0524024,0.310689,All
-0.232799,0.311688,-0.0512733,0.311688,All
-0.232734,0.312687,-0.0501434,0.312687,All
-0.232592,0.313686,-0.0487717,0.313686,All
-0.232094,0.314685,-0.0484638,0.314685,All
-0.231997,0.315684,-0.0476253,0.315684,All
-0.229479,0.316683,-0.0456186,0.316683,All
-0.229171,0.317682,-0.0449292,0.317682,All
-0.227543,0.318681,-0.044389,0.318681,All
-0.22689,0.31968,-0.0443782,0.31968,All
-0.226233,0.320679,-0.0416071,0.320679,All
-0.224335,0.321678,-0.0392504,0.321678,All
-0.223191,0.322677,-0.0382393,0.322677,All
-0.221999,0.323676,-0.0372207,0.323676,All
-0.219651,0.324675,-0.0361217,0.324675,All
-0.219549,0.325674,-0.0321349,0.325674,All
-0.218105,0.326673,-0.0252612,0.326673,All
-0.217318,0.327672,-0.0223103,0.327672,All
-0.216788,0.328671,-0.021048,0.328671,All
-0.216768,0.32967,-0.0174028,0.32967,All
-0.214051,0.330669,-0.0138271,0.330669,All
-0.213886,0.331668,-0.0137961,0.331668,All
-0.213364,0.332667,-0.0135671,0.332667,All
-0.21325,0.333666,-0.0134064,0.333666,All
-0.212627,0.334665,-0.0132015,0.334665,All
-0.210601,0.335664,-0.0107947,0.335664,All
-0.210584,0.336663,-0.00692109,0.336663,All
-0.208199,0.337662,-0.00562621,0.337662,All
-0.207058,0.338661,-0.00541791,0.338661,All
-0.206653,0.33966,-0.00502565,0.33966,All
-0.206143,0.340659,-0.00289604,0.340659,All
-0.205684,0.341658,-0.00196879,0.341658,All
-0.205179,0.342657,-0.00175928,0.342657,All
-0.201373,0.343656,0.000529262,0.343656,All
-0.200714,0.344655,0.00453866,0.344655,All
-0.196462,0.345654,0.00590171,0.345654,All
-0.19263,0.346653,0.00674216,0.346653,All
-0.190633,0.347652,0.0107273,0.347652,All
-0.188579,0.348651,0.0135665,0.348651,All
-0.186198,0.34965,0.0169212,0.34965,All
-0.186166,0.350649,0.0169252,0.350649,All
-0.18527,0.351648,0.0185955,0.351648,All
-0.183834,0.352647,0.0211223,0.352647,All
-0.183583,0.353646,0.0219724,0.353646,All
-0.183563,0.354645,0.022296,0.354645,All
-0.182965,0.355644,0.0246295,0.355644,All
-0.181923,0.356643,0.0250731,0.356643,All
-0.180916,0.357642,0.0257534,0.357642,All
-0.180744,0.358641,0.0273745,0.358641,All
-0.180676,0.35964,0.0287345,0.35964,All
-0.177645,0.360639,0.0300316,0.360639,All
-0.176757,0.361638,0.0307086,0.361638,All
-0.174894,0.362637,0.0315869,0.362637,All
-0.173747,0.363636,0.034189,0.363636,All
-0.173745,0.364635,0.0344637,0.364635,All
-0.171729,0.365634,0.0357253,0.365634,All
-0.168578,0.366633,0.0359469,0.366633,All
-0.16601,0.367632,0.0381186,0.367632,All
-0.165992,0.368631,0.0390503,0.368631,All
-0.165633,0.36963,0.0404314,0.36963,All
-0.163537,0.370629,0.0409483,0.370629,All
-0.163507,0.371628,0.0436563,0.371628,All
-0.163303,0.372627,0.0442833,0.372627,All
-0.162047,0.373626,0.0468101,0.373626,All
-0.160552,0.374625,0.0479741,0.374625,All
-0.160204,0.375624,0.0488532,0.375624,All
-0.158476,0.376623,0.0495255,0.376623,All
-0.157795,0.377622,0.0515182,0.377622,All
-0.155626,0.378621,0.0524631,0.378621,All
-0.152609,0.37962,0.0537446,0.37962,All
-0.152168,0.380619,0.0554249,0.380619,All
-0.150683,0.381618,0.0557652,0.381618,All
-0.150248,0.382617,0.0558048,0.382617,All
-0.150087,0.383616,0.0562286,0.383616,All
-0.149204,0.384615,0.0562579,0.384615,All
-0.146069,0.385614,0.0586654,0.385614,All
-0.145393,0.386613,0.0622306,0.386613,All
-0.145282,0.387612,0.0633998,0.387612,All
-0.144696,0.388611,0.0642456,0.388611,All
-0.143488,0.38961,0.0650288,0.38961,All
-0.143247,0.390609,0.0652598,0.390609,All
-0.141407,0.391608,0.0693297,0.391608,All
-0.139172,0.392607,0.0713763,0.392607,All
-0.137889,0.393606,0.0732297,0.393606,All
-0.135754,0.394605,0.0789294,0.394605,All
-0.135615,0.395604,0.079668,0.395604,All
-0.135458,0.396603,0.0837204,0.396603,All
-0.134361,0.397602,0.0842632,0.397602,All
-0.131394,0.398601,0.0842726,0.398601,All
-0.131236,0.3996,0.0843385,0.3996,All
-0.130384,0.400599,0.0845161,0.400599,All
-0.128954,0.401598,0.0845858,0.401598,All
-0.127511,0.402597,0.0860055,0.402597,All
-0.12559,0.403596,0.0873357,0.403596,All
-0.124122,0.404595,0.0877095,0.404595,All
-0.120968,0.405594,0.0899156,0.405594,All
-0.12003,0.406593,0.0914923,0.406593,All
-0.118943,0.407592,0.0934304,0.407592,All
-0.118054,0.408591,0.0955942,0.408591,All
-0.117553,0.40959,0.0959935,0.40959,All
-0.115118,0.410589,0.0965713,0.410589,All
-0.114127,0.411588,0.0975163,0.411588,All
-0.113189,0.412587,0.0977626,0.412587,All
-0.112983,0.413586,0.0990045,0.413586,All
-0.112905,0.414585,0.0995537,0.414585,All
-0.111719,0.415584,0.100245,0.415584,All
-0.111654,0.416583,0.100316,0.416583,All
-0.111534,0.417582,0.100452,0.417582,All
-0.111463,0.418581,0.101667,0.418581,All
-0.10874,0.41958,0.102131,0.41958,All
-0.108354,0.420579,0.107818,0.420579,All
-0.10773,0.421578,0.107895,0.421578,All
-0.107654,0.422577,0.111678,0.422577,All
-0.10433,0.423576,0.111745,0.423576,All
-0.104035,0.424575,0.114746,0.424575,All
-0.103599,0.425574,0.115436,0.425574,All
-0.102938,0.426573,0.118199,0.426573,All
-0.102285,0.427572,0.119132,0.427572,All
-0.10218,0.428571,0.119472,0.428571,All
-0.100378,0.42957,0.122088,0.42957,All
-0.0990477,0.430569,0.122258,0.430569,All
-0.0988671,0.431568,0.122601,0.431568,All
-0.0988424,0.432567,0.124992,0.432567,All
-0.0986303,0.433566,0.127094,0.433566,All
-0.0966787,0.434565,0.127434,0.434565,All
-0.0964168,0.435564,0.130128,0.435564,All
-0.0963794,0.436563,0.130791,0.436563,All
-0.0939055,0.437562,0.131808,0.437562,All
-0.0938074,0.438561,0.134093,0.438561,All
-0.0926826,0.43956,0.134229,0.43956,All
-0.0878496,0.440559,0.134733,0.440559,All
-0.0870829,0.441558,0.135279,0.441558,All
-0.0826747,0.442557,0.139435,0.442557,All
-0.0820229,0.443556,0.140214,0.443556,All
-0.0815266,0.444555,0.141157,0.444555,All
-0.0804168,0.445554,0.142781,0.445554,All
-0.0795735,0.446553,0.143448,0.446553,All
-0.0776303,0.447552,0.145527,0.447552,All
-0.0770059,0.448551,0.147779,0.448551,All
-0.0768485,0.44955,0.148666,0.44955,All
-0.0750348,0.450549,0.148772,0.450549,All
-0.0722306,0.451548,0.149254,0.451548,All
-0.066562,0.452547,0.150667,0.452547,All
-0.0655197,0.453546,0.150786,0.453546,All
-0.0644075,0.454545,0.152608,0.454545,All
-0.0643505,0.455544,0.154119,0.455544,All
-0.0639627,0.456543,0.154232,0.456543,All
-0.063297,0.457542,0.165024,0.457542,All
-0.0625943,0.458541,0.168653,0.458541,All
-0.0604599,0.45954,0.168774,0.45954,All
-0.0602165,0.460539,0.170929,0.460539,All
-0.0601973,0.461538,0.174925,0.461538,All
-0.0601316,0.462537,0.179405,0.462537,All
-0.0600128,0.463536,0.179871,0.463536,All
-0.0597069,0.464535,0.18073,0.464535,All
-0.0591149,0.465534,0.181024,0.465534,All
-0.0570417,0.466533,0.18459,0.466533,All
-0.0568804,0.467532,0.18469,0.467532,All
-0.0536593,0.468531,0.187858,0.468531,All
-0.0531234,0.46953,0.188204,0.46953,All
-0.0527561,0.470529,0.189889,0.470529,All
-0.0507075,0.471528,0.19147,0.471528,All
-0.0489359,0.472527,0.191673,0.472527,All
-0.0483373,0.473526,0.194369,0.473526,All
-0.0476419,0.474525,0.19438,0.474525,All
-0.0452231,0.475524,0.194421,0.475524,All
-0.0440264,0.476523,0.194953,0.476523,All
-0.0440196,0.477522,0.195574,0.477522,All
-0.0438216,0.478521,0.195866,0.478521,All
-0.0428994,0.47952,0.197863,0.47952,All
-0.0426004,0.480519,0.201143,0.480519,All
-0.0410743,0.481518,0.201218,0.481518,All
-0.041013,0.482517,0.202281,0.482517,All
-0.0409934,0.483516,0.206119,0.483516,All
-0.0406727,0.484515,0.206164,0.484515,All
-0.0404742,0.485514,0.206614,0.485514,All
-0.0402703,0.486513,0.20963,0.486513,All
-0.0385735,0.487512,0.210075,0.487512,All
-0.0383314,0.488511,0.210241,0.488511,All
-0.038146,0.48951,0.211462,0.48951,All
-0.0369579,0.490509,0.212773,0.490509,All
-0.0364888,0.491508,0.218087,0.491508,All
-0.0354205,0.492507,0.218433,0.492507,All
-0.0348372,0.493506,0.219288,0.493506,All
-0.0346622,0.494505,0.219647,0.494505,All
-0.033388,0.495504,0.222249,0.495504,All
-0.0332508,0.496503,0.222844,0.496503,All
-0.0325695,0.497502,0.2238,0.497502,All
-0.0324999,0.498501,0.224459,0.498501,All
-0.0317939,0.4995,0.224648,0.4995,All
-0.0316234,0.5005,0.227625,0.5005,All
-0.0307635,0.501499,0.227684,0.501499,All
-0.0296381,0.502498,0.227865,0.502498,All
-0.0294765,0.503497,0.22832,0.503497,All
-0.0290762,0.504496,0.231327,0.504496,All
-0.0283717,0.505495,0.233492,0.505495,All
-0.0280561,0.506494,0.233874,0.506494,All
-0.0277751,0.507493,0.234877,0.507493,All
-0.0266104,0.508492,0.2357,0.508492,All
-0.0263601,0.509491,0.236313,0.509491,All
-0.0240822,0.51049,0.236969,0.51049,All
-0.0239198,0.511489,0.23783,0.511489,All
-0.023638,0.512488,0.23886,0.512488,All
-0.0218591,0.513487,0.239831,0.513487,All
-0.0206483,0.514486,0.239979,0.514486,All
-0.0203728,0.515485,0.241388,0.515485,All
-0.0201127,0.516484,0.245786,0.516484,All
-0.0198607,0.517483,0.248902,0.517483,All
-0.0168784,0.518482,0.249777,0.518482,All
-0.0168767,0.519481,0.250558,0.519481,All
-0.016345,0.52048,0.251475,0.52048,All
-0.0157707,0.521479,0.252412,0.521479,All
-0.0155651,0.522478,0.255792,0.522478,All
-0.0151635,0.523477,0.25611,0.523477,All
-0.0137427,0.524476,0.258293,0.524476,All
-0.0134928,0.525475,0.263589,0.525475,All
-0.0115352,0.526474,0.263865,0.526474,All
-0.0115277,0.527473,0.267549,0.527473,All
-0.0112302,0.528472,0.271757,0.528472,All
-0.010947,0.529471,0.276284,0.529471,All
-0.0107429,0.53047,0.277057,0.53047,All
-0.00947867,0.531469,0.278327,0.531469,All
-0.00914019,0.532468,0.278641,0.532468,All
-0.00837742,0.533467,0.280084,0.533467,All
-0.0064732,0.534466,0.281893,0.534466,All
-0.00626803,0.535465,0.285444,0.535465,All
-0.00607806,0.536464,0.286014,0.536464,All
-0.00443682,0.537463,0.290159,0.537463,All
-0.00418752,0.538462,0.293626,0.538462,All
-0.00404223,0.539461,0.296525,0.539461,All
-0.00375924,0.54046,0.299516,0.54046,All
-0.00303753,0.541459,0.30094,0.541459,All
-0.00274443,0.542458,0.304454,0.542458,All
-0.0011586,0.543457,0.305015,0.543457,All
-0.00106119,0.544456,0.306426,0.544456,All
-0.000631855,0.545455,0.30777,0.545455,All
-0.000403193,0.546454,0.308909,0.546454,All
-0.000311536,0.547453,0.312261,0.547453,All
-8.61616e-05,0.548452,0.312916,0.548452,All
0.000887942,0.549451,0.316251,0.549451,All
0.00227177,0.55045,0.317908,0.55045,All
0.00242305,0.551449,0.318346,0.551449,All
0.00446695,0.552448,0.319488,0.552448,All
0.00535783,0.553447,0.320187,0.553447,All
0.00562824,0.554446,0.32466,0.554446,All
0.00657399,0.555445,0.328487,0.555445,All
0.00733726,0.556444,0.328533,0.556444,All
0.00958479,0.557443,0.329373,0.557443,All
0.00966452,0.558442,0.33397,0.558442,All
0.0107376,0.559441,0.334142,0.559441,All
0.0109641,0.56044,0.33548,0.56044,All
0.0116936,0.561439,0.338778,0.561439,All
0.0141273,0.562438,0.343032,0.562438,All
0.0144584,0.563437,0.344926,0.563437,All
0.0144782,0.564436,0.345223,0.564436,All
0.014538,0.565435,0.345733,0.565435,All
0.0148574,0.566434,0.346635,0.566434,All
0.0152652,0.567433,0.346687,0.567433,All
0.0167309,0.568432,0.346695,0.568432,All
0.0175359,0.569431,0.348031,0.569431,All
0.0175412,0.57043,0.349776,0.57043,All
0.0180148,0.571429,0.351389,0.571429,All
0.0188861,0.572428,0.352174,0.572428,All
0.018925,0.573427,0.354359,0.573427,All
0.0197379,0.574426,0.355595,0.574426,All
0.0198399,0.575425,0.356559,0.575425,All
0.0199663,0.576424,0.356879,0.576424,All
0.0214489,0.577423,0.357881,0.577423,All
0.0224159,0.578422,0.362552,0.578422,All
0.0224666,0.579421,0.364446,0.579421,All
0.0230117,0.58042,0.365624,0.58042,All
0.0238416,0.581419,0.366916,0.581419,All
0.024076,0.582418,0.368279,0.582418,All
0.0256,0.583417,0.371196,0.583417,All
0.0259911,0.584416,0.371983,0.584416,All
0.0263629,0.585415,0.375654,0.585415,All
0.0265701,0.586414,0.377688,0.586414,All
0.0281712,0.587413,0.379216,0.587413,All
0.0302953,0.588412,0.380913,0.588412,All
0.0334668,0.589411,0.381968,0.589411,All
0.033812,0.59041,0.382312,0.59041,All
0.0338373,0.591409,0.385203,0.591409,All
0.0344325,0.592408,0.385577,0.592408,All
0.0345245,0.593407,0.386711,0.593407,All
0.0345619,0.594406,0.388051,0.594406,All
0.0346928,0.595405,0.390598,0.595405,All
0.0347518,0.596404,0.393682,0.596404,All
0.0348507,0.597403,0.394093,0.597403,All
0.0355849,0.598402,0.395782,0.598402,All
0.0359861,0.599401,0.395825,0.599401,All
0.0385158,0.6004,0.396033,0.6004,All
0.0387274,0.601399,0.397277,0.601399,All
0.0387941,0.602398,0.401013,0.602398,All
0.0389355,0.603397,0.402545,0.603397,All
0.0391992,0.604396,0.402818,0.604396,All
0.0457637,0.605395,0.403421,0.605395,All
0.0458369,0.606394,0.405367,0.606394,All
0.0466893,0.607393,0.407398,0.607393,All
0.0484112,0.608392,0.412234,0.608392,All
0.0492427,0.609391,0.417894,0.609391,All
0.0515097,0.61039,0.418263,0.61039,All
0.0521776,0.611389,0.418352,0.611389,All
0.0536154,0.612388,0.420521,0.612388,All
0.0538035,0.613387,0.420889,0.613387,All
0.0553677,0.614386,0.421109,0.614386,All
0.0560949,0.615385,0.423937,0.615385,All
0.0563605,0.616384,0.424492,0.616384,All
0.0578319,0.617383,0.429618,0.617383,All
0.0602537,0.618382,0.430092,0.618382,All
0.0625114,0.619381,0.434886,0.619381,All
0.0644674,0.62038,0.436332,0.62038,All
0.0661214,0.621379,0.436568,0.621379,All
0.0667876,0.622378,0.437398,0.622378,All
0.0668958,0.623377,0.437477,0.623377,All
0.0693039,0.624376,0.437478,0.624376,All
0.0696271,0.625375,0.437856,0.625375,All
0.071607,0.626374,0.438872,0.626374,All
0.0731116,0.627373,0.439007,0.627373,All
0.0755941,0.628372,0.443423,0.628372,All
0.0761509,0.629371,0.443477,0.629371,All
0.0762739,0.63037,0.444839,0.63037,All
0.0805097,0.631369,0.445925,0.631369,All
0.0814662,0.632368,0.449263,0.632368,All
0.0873207,0.633367,0.44953,0.633367,All
0.0882304,0.634366,0.450849,0.634366,All
0.0901019,0.635365,0.45117,0.635365,All
0.090364,0.636364,0.452958,0.636364,All
0.0909223,0.637363,0.45568,0.637363,All
0.0909777,0.638362,0.457539,0.638362,All
0.0915729,0.639361,0.458597,0.639361,All
0.0919463,0.64036,0.461808,0.64036,All
0.0952821,0.641359,0.463252,0.641359,All
0.0963935,0.642358,0.464815,0.642358,All
0.0980184,0.643357,0.466084,0.643357,All
0.0982849,0.644356,0.467758,0.644356,All
0.101021,0.645355,0.471255,0.645355,All
0.102179,0.646354,0.471533,0.646354,All
0.103861,0.647353,0.471694,0.647353,All
0.104524,0.648352,0.471991,0.648352,All
0.106024,0.649351,0.472853,0.649351,All
0.110189,0.65035,0.473016,0.65035,All
0.11132,0.651349,0.474044,0.651349,All
0.117234,0.652348,0.474361,0.652348,All
0.118646,0.653347,0.475488,0.653347,All
0.118685,0.654346,0.478116,0.654346,All
0.122134,0.655345,0.481668,0.655345,All
0.123633,0.656344,0.485577,0.656344,All
0.12425,0.657343,0.486026,0.657343,All
0.125011,0.658342,0.491831,0.658342,All
0.125508,0.659341,0.493426,0.659341,All
0.125619,0.66034,0.494734,0.66034,All
0.130854,0.661339,0.499862,0.661339,All
0.131195,0.662338,0.500282,0.662338,All
0.13138,0.663337,0.502277,0.663337,All
0.13466,0.664336,0.502706,0.664336,All
0.135403,0.665335,0.502737,0.665335,All
0.135608,0.666334,0.505431,0.666334,All
0.136275,0.667333,0.50685,0.667333,All
0.137067,0.668332,0.509186,0.668332,All
0.13819,0.669331,0.510609,0.669331,All
0.140512,0.67033,0.511246,0.67033,All
0.141822,0.671329,0.516286,0.671329,All
0.143612,0.672328,0.518374,0.672328,All
0.144543,0.673327,0.52156,0.673327,All
0.145672,0.674326,0.523024,0.674326,All
0.146186,0.675325,0.527911,0.675325,All
0.147004,0.676324,0.529882,0.676324,All
0.148399,0.677323,0.53012,0.677323,All
0.14855,0.678322,0.530427,0.678322,All
0.148781,0.679321,0.533641,0.679321,All
0.149036,0.68032,0.53583,0.68032,All
0.150131,0.681319,0.53616,0.681319,All
0.150391,0.682318,0.544788,0.682318,All
0.150617,0.683317,0.545509,0.683317,All
0.150827,0.684316,0.548201,0.684316,All
0.151944,0.685315,0.54881,0.685315,All
0.153351,0.686314,0.549204,0.686314,All
0.154142,0.687313,0.549378,0.687313,All
0.155809,0.688312,0.549956,0.688312,All
0.155972,0.689311,0.550518,0.689311,All
0.157072,0.69031,0.551153,0.69031,All
0.157207,0.691309,0.554234,0.691309,All
0.158084,0.692308,0.554522,0.692308,All
0.161638,0.693307,0.55847,0.693307,All
0.162286,0.694306,0.559034,0.694306,All
0.163718,0.695305,0.562122,0.695305,All
0.1642,0.696304,0.563071,0.696304,All
0.164513,0.697303,0.563693,0.697303,All
0.164558,0.698302,0.571745,0.698302,All
0.169977,0.699301,0.576331,0.699301,All
0.17025,0.7003,0.581835,0.7003,All
0.173265,0.701299,0.582755,0.701299,All
0.17332,0.702298,0.584138,0.702298,All
0.176445,0.703297,0.585357,0.703297,All
0.179037,0.704296,0.586741,0.704296,All
0.179948,0.705295,0.588617,0.705295,All
0.18262,0.706294,0.590977,0.706294,All
0.183693,0.707293,0.595162,0.707293,All
0.187159,0.708292,0.596227,0.708292,All
0.188349,0.709291,0.597267,0.709291,All
0.188722,0.71029,0.597388,0.71029,All
0.188809,0.711289,0.602585,0.711289,All
0.190882,0.712288,0.603746,0.712288,All
0.193536,0.713287,0.60539,0.713287,All
0.19413,0.714286,0.605588,0.714286,All
0.195872,0.715285,0.607534,0.715285,All
0.200271,0.716284,0.607571,0.716284,All
0.20441,0.717283,0.609609,0.717283,All
0.204455,0.718282,0.613573,0.718282,All
0.208859,0.719281,0.613676,0.719281,All
0.208865,0.72028,0.617187,0.72028,All
0.210849,0.721279,0.618424,0.721279,All
0.215503,0.722278,0.618566,0.722278,All
0.21653,0.723277,0.622338,0.723277,All
0.223935,0.724276,0.623896,0.724276,All
0.224102,0.725275,0.625016,0.725275,All
0.224459,0.726274,0.62952,0.726274,All
0.225327,0.727273,0.630525,0.727273,All
0.226365,0.728272,0.631416,0.728272,All
0.227846,0.729271,0.633713,0.729271,All
0.230241,0.73027,0.634885,0.73027,All
0.232003,0.731269,0.637064,0.731269,All
0.234059,0.732268,0.645255,0.732268,All
0.234865,0.733267,0.653304,0.733267,All
0.236061,0.734266,0.658686,0.734266,All
0.237455,0.735265,0.661466,0.735265,All
0.238103,0.736264,0.663487,0.736264,All
0.239937,0.737263,0.666036,0.737263,All
0.240272,0.738262,0.666039,0.738262,All
0.242058,0.739261,0.668553,0.739261,All
0.245753,0.74026,0.668813,0.74026,All
0.247362,0.741259,0.673221,0.741259,All
0.247422,0.742258,0.675477,0.742258,All
0.249486,0.743257,0.676304,0.743257,All
0.249657,0.744256,0.677119,0.744256,All
0.257283,0.745255,0.684957,0.745255,All
0.257739,0.746254,0.685406,0.746254,All
0.258398,0.747253,0.694699,0.747253,All
0.259547,0.748252,0.695203,0.748252,All
0.261457,0.749251,0.702485,0.749251,All
0.262838,0.75025,0.706493,0.75025,All
0.265066,0.751249,0.713682,0.751249,All
0.265303,0.752248,0.71573,0.752248,All
0.265475,0.753247,0.718327,0.753247,All
0.26791,0.754246,0.730789,0.754246,All
0.269327,0.755245,0.731161,0.755245,All
0.269564,0.756244,0.731181,0.756244,All
0.270953,0.757243,0.73164,0.757243,All
0.271648,0.758242,0.735709,0.758242,All
0.273039,0.759241,0.736323,0.759241,All
0.274137,0.76024,0.74106,0.76024,All
0.274624,0.761239,0.74316,0.761239,All
0.275021,0.762238,0.744462,0.762238,All
0.279386,0.763237,0.747406,0.763237,All
0.280512,0.764236,0.752723,0.764236,All
0.281513,0.765235,0.754756,0.765235,All
0.282882,0.766234,0.75768,0.766234,All
0.286665,0.767233,0.759171,0.767233,All
0.28797,0.768232,0.760204,0.768232,All
0.288871,0.769231,0.767809,0.769231,All
0.290402,0.77023,0.77184,0.77023,All
0.292402,0.771229,0.783261,0.771229,All
0.29307,0.772228,0.784148,0.772228,All
0.295349,0.773227,0.790169,0.773227,All
0.29658,0.774226,0.79168,0.774226,All
0.297021,0.775225,0.795564,0.775225,All
0.300574,0.776224,0.80063,0.776224,All
0.304065,0.777223,0.802124,0.777223,All
0.30667,0.778222,0.802452,0.778222,All
0.31441,0.779221,0.804952,0.779221,All
0.320277,0.78022,0.80562,0.78022,All
0.325424,0.781219,0.812463,0.781219,All
0.330907,0.782218,0.818687,0.782218,All
0.331848,0.783217,0.820659,0.783217,All
0.33472,0.784216,0.824251,0.784216,All
0.335013,0.785215,0.833084,0.785215,All
0.336705,0.786214,0.833409,0.786214,All
0.337609,0.787213,0.834099,0.787213,All
0.337826,0.788212,0.841154,0.788212,All
0.337911,0.789211,0.84188,0.789211,All
0.346464,0.79021,0.848985,0.79021,All
0.349326,0.791209,0.849732,0.791209,All
0.350616,0.792208,0.850638,0.792208,All
0.355209,0.793207,0.855835,0.793207,All
0.356529,0.794206,0.857833,0.794206,All
0.357317,0.795205,0.858932,0.795205,All
0.361466,0.796204,0.864073,0.796204,All
0.363313,0.797203,0.870177,0.797203,All
0.365465,0.798202,0.873165,0.798202,All
0.3658,0.799201,0.874911,0.799201,All
0.366277,0.8002,0.875112,0.8002,All
0.368074,0.801199,0.876924,0.801199,All
0.36849,0.802198,0.878406,0.802198,All
0.369636,0.803197,0.881804,0.803197,All
0.372216,0.804196,0.884447,0.804196,All
0.377967,0.805195,0.884655,0.805195,All
0.378834,0.806194,0.892559,0.806194,All
0.379344,0.807193,0.893704,0.807193,All
0.381335,0.808192,0.896766,0.808192,All
0.384363,0.809191,0.903505,0.809191,All
0.388046,0.81019,0.903632,0.81019,All
0.389313,0.811189,0.905991,0.811189,All
0.390531,0.812188,0.906567,0.812188,All
0.392172,0.813187,0.906909,0.813187,All
0.39879,0.814186,0.908354,0.814186,All
0.400646,0.815185,0.908929,0.815185,All
0.401705,0.816184,0.914878,0.816184,All
0.403041,0.817183,0.916221,0.817183,All
0.403436,0.818182,0.919378,0.818182,All
0.404215,0.819181,0.924233,0.819181,All
0.404304,0.82018,0.924649,0.82018,All
0.416926,0.821179,0.928949,0.821179,All
0.421758,0.822178,0.929147,0.822178,All
0.432142,0.823177,0.929987,0.823177,All
0.435351,0.824176,0.933077,0.824176,All
0.437366,0.825175,0.934796,0.825175,All
0.438915,0.826174,0.935584,0.826174,All
0.44423,0.827173,0.950284,0.827173,All
0.448281,0.828172,0.95413,0.828172,All
0.453966,0.829171,0.954483,0.829171,All
0.456806,0.83017,0.958939,0.83017,All
0.462335,0.831169,0.962979,0.831169,All
0.462887,0.832168,0.967506,0.832168,All
0.464762,0.833167,0.967777,0.833167,All
0.466149,0.834166,0.975671,0.834166,All
0.468411,0.835165,0.976052,0.835165,All
0.469374,0.836164,0.976561,0.836164,All
0.471142,0.837163,0.978548,0.837163,All
0.474015,0.838162,0.982841,0.838162,All
0.478244,0.839161,0.984737,0.839161,All
0.47921,0.84016,0.984837,0.84016,All
0.485229,0.841159,0.98519,0.841159,All
0.48783,0.842158,0.990461,0.842158,All
0.488361,0.843157,0.991122,0.843157,All
0.488936,0.844156,0.992779,0.844156,All
0.489861,0.845155,0.9928,0.845155,All
0.492519,0.846154,0.995094,0.846154,All
0.493487,0.847153,1.00333,0.847153,All
0.497748,0.848152,1.00821,0.848152,All
0.513524,0.849151,1.01229,0.849151,All
0.519565,0.85015,1.01259,0.85015,All
0.520076,0.851149,1.01321,0.851149,All
0.522855,0.852148,1.01888,0.852148,All
0.523476,0.853147,1.0227,0.853147,All
0.533337,0.854146,1.03002,0.854146,All
0.533633,0.855145,1.03102,0.855145,All
0.535523,0.856144,1.03254,0.856144,All
0.536357,0.857143,1.03376,0.857143,All
0.536889,0.858142,1.03736,0.858142,All
0.540407,0.859141,1.03818,0.859141,All
0.541762,0.86014,1.0394,0.86014,All
0.543285,0.861139,1.04107,0.861139,All
0.545683,0.862138,1.05733,0.862138,All
0.547324,0.863137,1.06273,0.863137,All
0.549939,0.864136,1.06424,0.864136,All
0.552412,0.865135,1.06569,0.865135,All
0.552904,0.866134,1.07218,0.866134,All
0.553779,0.867133,1.08472,0.867133,All
0.555005,0.868132,1.08761,0.868132,All
0.55547,0.869131,1.08899,0.869131,All
0.555548,0.87013,1.09324,0.87013,All
0.556896,0.871129,1.09383,0.871129,All
0.562309,0.872128,1.0949,0.872128,All
0.563984,0.873127,1.10196,0.873127,All
0.565918,0.874126,1.10559,0.874126,All
0.56928,0.875125,1.11013,0.875125,All
0.570459,0.876124,1.11719,0.876124,All
0.574966,0.877123,1.12685,0.877123,All
0.575024,0.878122,1.12929,0.878122,All
0.575396,0.879121,1.13442,0.879121,All
0.578273,0.88012,1.13477,0.88012,All
0.579593,0.881119,1.13806,0.881119,All
0.583108,0.882118,1.14088,0.882118,All
0.583369,0.883117,1.14562,0.883117,All
0.602399,0.884116,1.14604,0.884116,All
0.602876,0.885115,1.15141,0.885115,All
0.611477,0.886114,1.15636,0.886114,All
0.615546,0.887113,1.15801,0.887113,All
0.616573,0.888112,1.1586,0.888112,All
0.618045,0.889111,1.15975,0.889111,All
0.618146,0.89011,1.16675,0.89011,All
0.622838,0.891109,1.17073,0.891109,All
0.624171,0.892108,1.17252,0.892108,All
0.624547,0.893107,1.1903,0.893107,All
0.62611,0.894106,1.19628,0.894106,All
0.629836,0.895105,1.20366,0.895105,All
0.631918,0.896104,1.20806,0.896104,All
0.634067,0.897103,1.20922,0.897103,All
0.635218,0.898102,1.20958,0.898102,All
0.636032,0.899101,1.21071,0.899101,All
0.63993,0.9001,1.21928,0.9001,All
0.644447,0.901099,1.22096,0.901099,All
0.654295,0.902098,1.22164,0.902098,All
0.661396,0.903097,1.22573,0.903097,All
0.666346,0.904096,1.22677,0.904096,All
0.670436,0.905095,1.22774,0.905095,All
0.689741,0.906094,1.23059,0.906094,All
0.690792,0.907093,1.24208,0.907093,All
0.691778,0.908092,1.24476,0.908092,All
0.69352,0.909091,1.24546,0.909091,All
0.697829,0.91009,1.25382,0.91009,All
0.703364,0.911089,1.25704,0.911089,All
0.704066,0.912088,1.26305,0.912088,All
0.710008,0.913087,1.26563,0.913087,All
0.719508,0.914086,1.26647,0.914086,All
0.720785,0.915085,1.28276,0.915085,All
0.724922,0.916084,1.28816,0.916084,All
0.732179,0.917083,1.29272,0.917083,All
0.745842,0.918082,1.29287,0.918082,All
0.750847,0.919081,1.29705,0.919081,All
0.751297,0.92008,1.32037,0.92008,All
0.75435,0.921079,1.33729,0.921079,All
0.760264,0.922078,1.3405,0.922078,All
0.768417,0.923077,1.35023,0.923077,All
0.772442,0.924076,1.35325,0.924076,All
0.778148,0.925075,1.35728,0.925075,All
0.78529,0.926074,1.36598,0.926074,All
0.799047,0.927073,1.38425,0.927073,All
0.806363,0.928072,1.38468,0.928072,All
0.807397,0.929071,1.39218,0.929071,All
0.807819,0.93007,1.40004,0.93007,All
0.81133,0.931069,1.40333,0.931069,All
0.811964,0.932068,1.40452,0.932068,All
0.812715,0.933067,1.40753,0.933067,All
0.820856,0.934066,1.42803,0.934066,All
0.821281,0.935065,1.43491,0.935065,All
0.828079,0.936064,1.43898,0.936064,All
0.831006,0.937063,1.43936,0.937063,All
0.831703,0.938062,1.44347,0.938062,All
0.835397,0.939061,1.4514,0.939061,All
0.854255,0.94006,1.46054,0.94006,All
0.875018,0.941059,1.4632,0.941059,All
0.889466,0.942058,1.46518,0.942058,All
0.890324,0.943057,1.52094,0.943057,All
0.901281,0.944056,1.52335,0.944056,All
0.914808,0.945055,1.52583,0.945055,All
0.922991,0.946054,1.53018,0.946054,All
0.923918,0.947053,1.53134,0.947053,All
0.926051,0.948052,1.5442,0.948052,All
0.952313,0.949051,1.55057,0.949051,All
0.955411,0.95005,1.55756,0.95005,All
0.95862,0.951049,1.55772,0.951049,All
0.979995,0.952048,1.55992,0.952048,All
0.993933,0.953047,1.57738,0.953047,All
0.994211,0.954046,1.60105,0.954046,All
1.04092,0.955045,1.60369,0.955045,All
1.04564,0.956044,1.61389,0.956044,All
1.07573,0.957043,1.61661,0.957043,All
1.07736,0.958042,1.62016,0.958042,All
1.07914,0.959041,1.62646,0.959041,All
1.09471,0.96004,1.6295,0.96004,All
1.1116,0.961039,1.6712,0.961039,All
1.13481,0.962038,1.68991,0.962038,All
1.14612,0.963037,1.69449,0.963037,All
1.14627,0.964036,1.72877,0.964036,All
1.15905,0.965035,1.72988,0.965035,All
1.16905,0.966034,1.73514,0.966034,All
1.17377,0.967033,1.73639,0.967033,All
1.1759,0.968032,1.73921,0.968032,All
1.18063,0.969031,1.74021,0.969031,All
1.26535,0.97003,1.746,0.97003,All
1.26565,0.971029,1.75577,0.971029,All
1.27082,0.972028,1.76209,0.972028,All
1.27584,0.973027,1.77057,0.973027,All
1.293,0.974026,1.77481,0.974026,All
1.30119,0.975025,1.77628,0.975025,All
1.30956,0.976024,1.78997,0.976024,All
1.3431,0.977023,1.79577,0.977023,All
1.35271,0.978022,1.81888,0.978022,All
1.36488,0.979021,1.82404,0.979021,All
1.36756,0.98002,1.83941,0.98002,All
1.38825,0.981019,1.85723,0.981019,All
1.40086,0.982018,1.86084,0.982018,All
1.48185,0.983017,1.89636,0.983017,All
1.52149,0.984016,1.89723,0.984016,All
1.60996,0.985015,1.9637,0.985015,All
1.61719,0.986014,2.0021,0.986014,All
1.63131,0.987013,2.00211,0.987013,All
1.6314,0.988012,2.00566,0.988012,All
1.64479,0.989011,2.01311,0.989011,All
1.70567,0.99001,2.01378,0.99001,All
1.71908,0.991009,2.01783,0.991009,All
1.72123,0.992008,2.04181,0.992008,All
1.74867,0.993007,2.10176,0.993007,All
1.77415,0.994006,2.14126,0.994006,All
1.79402,0.995005,2.16243,0.995005,All
1.82179,0.996004,2.20738,0.996004,All
1.82367,0.997003,2.25195,0.997003,All
2.0411,0.998002,2.33006,0.998002,All
2.20257,0.999001,2.39383,0.999001,All
2.21212,1,2.5608,1,All
4,1,4,1,All
