popPred_spline_abscissa,popPred_spline,popPred_ci_abscissa,popPred_piLower,popPred_piUpper,indivPred_spline_abscissa,indivPred_spline,indivPred_ci_abscissa,indivPred_piLower,indivPred_piUpper,split
0.0240628,16.991,0.0240628,-6.74682,6.79495,0.0166074,2.6145,0.0166074,-6.75428,6.78749,All
0.0286498,16.9479,0.0286498,-6.74223,6.79953,0.0195858,2.61377,0.0195858,-6.7513,6.79047,All
0.0341112,16.9039,0.0341112,-6.73677,6.805,0.0230982,2.6129,0.0230982,-6.74779,6.79398,All
0.0406137,16.8518,0.0406137,-6.73027,6.8115,0.0272406,2.61188,0.0272406,-6.74364,6.79812,All
0.0483558,16.7897,0.0483558,-6.72253,6.81924,0.0321258,2.61068,0.0321258,-6.73876,6.80301,All
0.0575737,16.7157,0.0575737,-6.71331,6.82846,0.0378872,2.60926,0.0378872,-6.733,6.80877,All
0.0685487,16.6277,0.0685487,-6.70234,6.83943,0.0446817,2.60759,0.0446817,-6.7262,6.81557,All
0.0816159,16.5229,0.0816159,-6.68927,6.8525,0.0526948,2.60562,0.0526948,-6.71819,6.82358,All
0.097174,16.3981,0.097174,-6.67371,6.86806,0.062145,2.60329,0.062145,-6.70874,6.83303,All
0.115698,16.2605,0.115698,-6.65519,6.88658,0.0732898,2.60054,0.0732898,-6.69759,6.84417,All
0.137753,16.1243,0.137753,-6.63313,6.90864,0.0864334,2.59731,0.0864334,-6.68445,6.85732,All
0.164012,15.9719,0.164012,-6.60687,6.9349,0.101934,2.59404,0.101934,-6.66895,6.87282,All
0.195277,15.8456,0.195277,-6.57561,6.96616,0.120215,2.59043,0.120215,-6.65067,6.8911,All
0.232502,15.7336,0.232502,-6.53838,7.00339,0.141774,2.58744,0.141774,-6.62911,6.91266,All
0.276823,15.6004,0.276823,-6.49406,7.04771,0.167199,2.58598,0.167199,-6.60368,6.93808,All
0.329593,15.4417,0.329593,-6.44129,7.10048,0.197184,2.58427,0.197184,-6.5737,6.96807,All
0.392422,15.3921,0.392422,-6.37846,7.16331,0.232546,2.58224,0.232546,-6.53834,7.00343,All
0.467228,15.4167,0.467228,-6.30366,7.23811,0.27425,2.57985,0.27425,-6.49663,7.04513,All
0.556294,15.5293,0.556294,-6.21459,7.32718,0.323433,2.57703,0.323433,-6.44745,7.09432,All
0.662339,15.7612,0.662339,-6.10855,7.43322,0.381437,2.57371,0.381437,-6.38945,7.15232,All
0.788598,16.0874,0.788598,-5.98229,7.55948,0.449843,2.57206,0.449843,-6.32104,7.22073,All
0.938925,16.4277,0.938925,-5.83196,7.70981,0.530516,2.58899,0.530516,-6.24037,7.3014,All
1.11791,16.5887,1.11791,-5.65297,7.88879,0.625657,2.60895,0.625657,-6.14523,7.39654,All
1.33101,16.4469,1.33101,-5.43987,8.1019,0.737861,2.63248,0.737861,-6.03302,7.50874,All
1.58474,16.0348,1.58474,-5.18615,8.35562,0.870186,2.66024,0.870186,-5.9007,7.64107,All
1.88683,15.5924,1.88683,-4.88405,8.65771,1.02624,2.729,1.02624,-5.74464,7.79713,All
2.24651,15.5609,2.24651,-4.52437,9.01739,1.21029,2.81151,1.21029,-5.5606,7.98117,All
2.67475,16.1413,2.67475,-4.09613,9.44564,1.28459,2.85693,1.28459,-5.48629,8.05548,All
2.98261,16.2919,2.98261,-3.78828,9.75349,1.42733,2.94419,1.42733,-5.34355,8.19822,All
3.18463,16.0368,3.18463,-3.58625,9.95551,1.68331,3.12939,1.68331,-5.08758,8.45419,All
3.7917,15.871,3.7917,-2.97918,10.5626,1.98519,3.37031,1.98519,-4.7857,8.75607,All
4.5145,16.0108,4.5145,-2.25638,11.2854,2.34121,3.66927,2.34121,-4.42968,9.11209,All
5.37509,16.4017,5.37509,-1.3958,12.146,2.55258,3.86774,2.55258,-4.21831,9.32346,All
5.94115,16.1935,5.94115,-0.829731,12.712,2.76107,4.06507,2.76107,-4.00981,9.53195,All
6.39972,16.8575,6.39972,-0.371166,13.1706,3.25623,4.53911,3.25623,-3.51465,10.0271,All
7.61967,16.6382,7.61967,0.848788,14.3906,3.82056,5.04748,3.82056,-2.95032,10.5914,All
8.8997,17.0311,8.8997,2.12881,15.6706,3.84019,5.06389,3.84019,-2.93069,10.6111,All
9.07218,17.1822,9.07218,2.3013,15.8431,4.52888,5.56256,4.52888,-2.242,11.2998,All
10.8016,18.1271,10.8016,4.03069,17.5725,5.08854,5.963,5.08854,-1.68234,11.8594,All
11.8582,17.5717,11.8582,5.08736,18.6291,5.34108,6.20654,5.34108,-1.4298,12.112,All
12.8606,17.335,12.8606,6.08976,19.6315,6.29893,7.36678,6.29893,-0.471952,13.0698,All
14.8168,18.4998,14.8168,8.0459,21.5877,6.35653,7.41979,6.35653,-0.414357,13.1274,All
15.3122,18.6696,15.3122,8.54133,22.0831,7.42856,8.49295,7.42856,0.65768,14.1994,All
17.7753,19.8913,17.7753,11.0044,24.5462,7.62451,8.61231,7.62451,0.853627,14.3954,All
18.2311,19.6608,18.2311,11.4602,25.002,8.76078,9.52304,8.76078,1.9899,15.5317,All
20.7339,20.3334,20.7339,13.963,27.5048,8.89249,9.60804,8.89249,2.12161,15.6634,All
21.7065,19.6516,21.7065,14.9356,28.4773,10.1605,10.9866,10.1605,3.38959,16.9314,All
23.6924,20.5553,23.6924,16.9215,30.4633,10.3319,11.1456,10.3319,3.56103,17.1028,All
25.8443,21.569,25.8443,19.0734,32.6152,11.4285,12.2825,11.4285,4.65758,18.1993,All
26.651,21.7096,26.651,19.8801,33.4219,12.1848,13.274,12.1848,5.41392,18.9557,All
29.6095,21.9354,29.6095,22.8386,36.3804,12.6964,13.4476,12.6964,5.92556,19.4673,All
30.7709,22.0177,30.7709,24,37.5418,13.9644,14.7746,13.9644,7.19355,20.7353,All
32.5681,22.1494,32.5681,25.7972,39.3389,14.37,15.1524,14.37,7.5991,21.1409,All
35.5266,22.373,35.5266,28.7557,42.2975,15.2324,16.0715,15.2324,8.46153,22.0033,All
36.6366,22.4606,36.6366,29.8657,43.4075,16.5004,17.2093,16.5004,9.72951,23.2713,All
38.4851,22.6091,38.4851,31.7143,45.256,16.9471,17.7694,16.9471,10.1762,23.7179,All
41.4437,22.8567,41.4437,34.6728,48.2146,17.7684,18.562,17.7684,10.9975,24.5393,All
43.6205,23.0637,43.6205,36.8496,50.3914,19.0364,19.6402,19.0364,12.2655,25.8072,All
44.4022,23.138,44.4022,37.6314,51.1731,19.9863,20.5759,19.9863,13.2154,26.7572,All
47.3608,23.4192,47.3608,40.5899,54.1317,20.3043,20.9657,20.3043,13.5335,27.0752,All
50.3193,23.7005,50.3193,43.5484,57.0902,21.5723,22.1672,21.5723,14.8014,28.3432,All
51.9357,23.8542,51.9357,45.1648,58.7066,22.8403,23.3888,22.8403,16.0694,29.6112,All
53.2779,23.9818,53.2779,46.507,60.0488,23.5706,24.2575,23.5706,16.7997,30.3415,All
56.2364,24.263,56.2364,49.4655,63.0073,24.1083,24.6939,24.1083,17.3374,30.8792,All
59.195,24.5443,59.195,52.4241,65.9658,25.3763,25.789,25.3763,18.6054,32.1472,All
61.836,24.833,61.836,55.0651,68.6069,26.6443,27.1074,26.6443,19.8734,33.4152,All
62.1535,24.8705,62.1535,55.3826,68.9244,27.7976,28.2295,27.7976,21.0268,34.5685,All
65.1121,25.2203,65.1121,58.3412,71.8829,27.9123,28.3303,27.9123,21.1414,34.6831,All
68.0706,25.57,68.0706,61.2997,74.8415,29.1802,29.4945,29.1802,22.4094,35.9511,All
71.0291,25.9197,71.0291,64.2583,77.8,30.4482,30.7375,30.4482,23.6773,37.2191,All
73.6236,26.2263,73.6236,66.8527,80.3945,31.7162,31.9611,31.7162,24.9453,38.4871,All
73.9877,26.2694,73.9877,67.2168,80.7586,32.7828,32.9735,32.7828,26.0119,39.5537,All
76.9462,26.6191,76.9462,70.1754,83.7171,32.9842,33.1656,32.9842,26.2133,39.7551,All
79.9048,26.9688,79.9048,73.1339,86.6757,34.2522,34.4019,34.2522,27.4813,41.0231,All
82.8633,27.3185,82.8633,76.0924,89.6342,35.5202,35.6838,35.5202,28.7493,42.291,All
85.8219,27.6682,85.8219,79.051,92.5928,36.7881,36.9875,36.7881,30.0173,43.559,All
87.6582,27.8951,87.6582,80.8873,94.4291,38.0561,38.2899,38.0561,31.2852,44.827,All
88.7804,28.0439,88.7804,82.0095,95.5513,38.662,38.9067,38.662,31.8911,45.4328,All
91.739,28.4362,91.739,84.9681,98.5098,39.3241,39.5751,39.3241,32.5532,46.095,All
94.6975,28.8285,94.6975,87.9266,101.468,40.5921,40.842,40.5921,33.8212,47.363,All
97.656,29.224,97.656,90.8852,104.427,41.8601,42.0935,41.8601,35.0892,48.631,All
100.615,29.6365,100.615,93.8437,107.385,43.1281,43.3337,43.1281,36.3572,49.8989,All
103.573,30.077,103.573,96.8023,110.344,44.396,44.5617,44.396,37.6252,51.1669,All
104.368,30.1954,104.368,97.5973,111.139,45.5955,45.7217,45.5955,38.8246,52.3664,All
106.532,30.5175,106.532,99.7608,113.303,45.664,45.7877,45.664,38.8931,52.4349,All
109.49,30.958,109.49,102.719,116.261,46.932,47.0075,46.932,40.1611,53.7029,All
112.449,31.3986,112.449,105.678,119.22,48.2,48.2263,48.2,41.4291,54.9709,All
115.407,31.8391,115.407,108.636,122.178,49.468,49.447,49.468,42.6971,56.2389,All
118.366,32.2796,118.366,111.595,125.137,50.736,50.6736,50.736,43.9651,57.5068,All
121.324,32.7201,121.324,114.554,128.095,52.0039,51.9089,52.0039,45.2331,58.7748,All
124.263,33.1577,124.263,117.493,131.034,53.2719,53.1515,53.2719,46.501,60.0428,All
124.283,33.1606,124.283,117.512,131.054,53.7724,53.642,53.7724,47.0015,60.5433,All
127.241,33.6011,127.241,120.471,134.012,54.5399,54.4051,54.5399,47.769,61.3108,All
130.2,34.0416,130.2,123.429,136.971,55.8079,55.6768,55.8079,49.037,62.5788,All
133.159,34.4822,133.159,126.388,139.929,57.0759,56.9707,57.0759,50.305,63.8468,All
136.117,34.9227,136.117,129.346,142.888,58.3439,58.2886,58.3439,51.573,65.1147,All
139.076,35.3632,139.076,132.305,145.847,59.6118,59.6527,59.6118,52.841,66.3827,All
142.034,35.8037,142.034,135.263,148.805,60.8798,61.0168,60.8798,54.1089,67.6507,All
144.993,36.2442,144.993,138.222,151.764,62.1478,62.3809,62.1478,55.3769,68.9187,All
147.951,36.6847,147.951,141.18,154.722,63.4158,63.7961,63.4158,56.6449,70.1867,All
