V_abscissa,V_cdf,Cl_abscissa,Cl_cdf,split
15.4755,0.000999001,0.150576,0.000999001,All
20.0952,0.001998,0.183417,0.001998,All
20.2349,0.002997,0.187841,0.002997,All
20.5107,0.003996,0.192091,0.003996,All
23.2103,0.004995,0.227086,0.004995,All
24.9406,0.00599401,0.247649,0.00599401,All
25.0531,0.00699301,0.294188,0.00699301,All
26.0877,0.00799201,0.300333,0.00799201,All
26.4099,0.00899101,0.305427,0.00899101,All
26.8721,0.00999001,0.326427,0.00999001,All
27.5775,0.010989,0.336272,0.010989,All
28.0576,0.011988,0.355244,0.011988,All
28.8504,0.012987,0.363738,0.012987,All
28.915,0.013986,0.371335,0.013986,All
29.6313,0.014985,0.375533,0.014985,All
30.0201,0.015984,0.394379,0.015984,All
30.1949,0.016983,0.427094,0.016983,All
31.459,0.017982,0.434867,0.017982,All
31.8267,0.018981,0.435159,0.018981,All
31.9073,0.01998,0.438146,0.01998,All
32.0471,0.020979,0.446362,0.020979,All
32.479,0.021978,0.44911,0.021978,All
32.9572,0.022977,0.450455,0.022977,All
34.156,0.023976,0.462654,0.023976,All
34.4231,0.024975,0.468576,0.024975,All
34.4909,0.025974,0.4779,0.025974,All
35.5434,0.026973,0.480503,0.026973,All
35.7708,0.027972,0.483815,0.027972,All
35.9828,0.028971,0.484585,0.028971,All
36.0131,0.02997,0.485744,0.02997,All
36.3534,0.030969,0.50112,0.030969,All
36.4046,0.031968,0.527613,0.031968,All
36.4857,0.032967,0.53448,0.032967,All
36.945,0.033966,0.541449,0.033966,All
37.1195,0.034965,0.54672,0.034965,All
37.2752,0.035964,0.54692,0.035964,All
37.7647,0.036963,0.552799,0.036963,All
37.8745,0.037962,0.562939,0.037962,All
37.9118,0.038961,0.598381,0.038961,All
38.0091,0.03996,0.598583,0.03996,All
38.0869,0.040959,0.599074,0.040959,All
38.6107,0.041958,0.620952,0.041958,All
38.6872,0.042957,0.626145,0.042957,All
38.707,0.043956,0.626643,0.043956,All
38.9664,0.044955,0.628565,0.044955,All
39.323,0.045954,0.629418,0.045954,All
39.3837,0.046953,0.630092,0.046953,All
39.5572,0.047952,0.631939,0.047952,All
39.7292,0.048951,0.633117,0.048951,All
40.0922,0.04995,0.635362,0.04995,All
40.3327,0.0509491,0.640451,0.0509491,All
40.4457,0.0519481,0.64627,0.0519481,All
40.4576,0.0529471,0.651002,0.0529471,All
40.4927,0.0539461,0.652876,0.0539461,All
40.5313,0.0549451,0.653135,0.0549451,All
40.542,0.0559441,0.656024,0.0559441,All
40.6141,0.0569431,0.659251,0.0569431,All
40.6785,0.0579421,0.667442,0.0579421,All
40.8469,0.0589411,0.673711,0.0589411,All
40.9072,0.0599401,0.683285,0.0599401,All
40.9439,0.0609391,0.684571,0.0609391,All
41.0267,0.0619381,0.70824,0.0619381,All
41.0708,0.0629371,0.712911,0.0629371,All
41.2339,0.0639361,0.712939,0.0639361,All
41.9725,0.0649351,0.714279,0.0649351,All
42.3397,0.0659341,0.7146,0.0659341,All
42.3965,0.0669331,0.716029,0.0669331,All
42.713,0.0679321,0.723373,0.0679321,All
42.745,0.0689311,0.728237,0.0689311,All
42.9962,0.0699301,0.738276,0.0699301,All
43.086,0.0709291,0.74673,0.0709291,All
43.3962,0.0719281,0.750558,0.0719281,All
43.6235,0.0729271,0.750787,0.0729271,All
43.6862,0.0739261,0.752632,0.0739261,All
43.8357,0.0749251,0.770979,0.0749251,All
43.914,0.0759241,0.77702,0.0759241,All
44.0163,0.0769231,0.783091,0.0769231,All
44.0747,0.0779221,0.789668,0.0779221,All
44.135,0.0789211,0.79103,0.0789211,All
44.2998,0.0799201,0.796601,0.0799201,All
44.4078,0.0809191,0.797111,0.0809191,All
44.7305,0.0819181,0.800178,0.0819181,All
44.8502,0.0829171,0.801192,0.0829171,All
45.003,0.0839161,0.8047,0.0839161,All
45.0801,0.0849151,0.807075,0.0849151,All
45.0839,0.0859141,0.807211,0.0859141,All
45.3772,0.0869131,0.807396,0.0869131,All
45.3869,0.0879121,0.80744,0.0879121,All
45.6888,0.0889111,0.809946,0.0889111,All
45.8366,0.0899101,0.811308,0.0899101,All
45.9013,0.0909091,0.816342,0.0909091,All
46.0223,0.0919081,0.817435,0.0919081,All
46.3791,0.0929071,0.82052,0.0929071,All
46.5431,0.0939061,0.822573,0.0939061,All
46.5761,0.0949051,0.825011,0.0949051,All
46.6397,0.0959041,0.825154,0.0959041,All
47.0972,0.0969031,0.830908,0.0969031,All
47.2846,0.0979021,0.836392,0.0979021,All
47.3452,0.0989011,0.836409,0.0989011,All
47.64,0.0999001,0.838471,0.0999001,All
47.9114,0.100899,0.84019,0.100899,All
47.9921,0.101898,0.847868,0.101898,All
48.0019,0.102897,0.848528,0.102897,All
48.4072,0.103896,0.849954,0.103896,All
48.6277,0.104895,0.855389,0.104895,All
48.6393,0.105894,0.857725,0.105894,All
48.703,0.106893,0.865799,0.106893,All
48.7562,0.107892,0.867363,0.107892,All
48.781,0.108891,0.868054,0.108891,All
48.8411,0.10989,0.871311,0.10989,All
49.0852,0.110889,0.871862,0.110889,All
49.4371,0.111888,0.882746,0.111888,All
49.5609,0.112887,0.884046,0.112887,All
49.5839,0.113886,0.885674,0.113886,All
49.6249,0.114885,0.889088,0.114885,All
49.7469,0.115884,0.889501,0.115884,All
49.7636,0.116883,0.896371,0.116883,All
49.8757,0.117882,0.896801,0.117882,All
49.928,0.118881,0.902703,0.118881,All
49.965,0.11988,0.905753,0.11988,All
50.8027,0.120879,0.910822,0.120879,All
50.8618,0.121878,0.91452,0.121878,All
50.891,0.122877,0.915955,0.122877,All
51.1011,0.123876,0.916117,0.123876,All
51.1556,0.124875,0.917896,0.124875,All
51.6613,0.125874,0.918364,0.125874,All
51.7151,0.126873,0.924215,0.126873,All
51.7821,0.127872,0.924313,0.127872,All
51.869,0.128871,0.931777,0.128871,All
52.024,0.12987,0.93383,0.12987,All
52.094,0.130869,0.933993,0.130869,All
52.6097,0.131868,0.936264,0.131868,All
52.6702,0.132867,0.93722,0.132867,All
52.7515,0.133866,0.941156,0.133866,All
52.8664,0.134865,0.943525,0.134865,All
53.1878,0.135864,0.946446,0.135864,All
53.2065,0.136863,0.950369,0.136863,All
53.2301,0.137862,0.953462,0.137862,All
53.2759,0.138861,0.954398,0.138861,All
53.3021,0.13986,0.965504,0.13986,All
53.5175,0.140859,0.965772,0.140859,All
53.5672,0.141858,0.966779,0.141858,All
53.5902,0.142857,0.96687,0.142857,All
53.6169,0.143856,0.967156,0.143856,All
53.6266,0.144855,0.96767,0.144855,All
53.6489,0.145854,0.968116,0.145854,All
53.6884,0.146853,0.970601,0.146853,All
53.7148,0.147852,0.970834,0.147852,All
54.0617,0.148851,0.972672,0.148851,All
54.1167,0.14985,0.975387,0.14985,All
54.1677,0.150849,0.97856,0.150849,All
54.2832,0.151848,0.980251,0.151848,All
54.3201,0.152847,0.984527,0.152847,All
54.4419,0.153846,0.984686,0.153846,All
54.6909,0.154845,0.985922,0.154845,All
54.8409,0.155844,0.987505,0.155844,All
54.8709,0.156843,0.989895,0.156843,All
54.9193,0.157842,0.991415,0.157842,All
54.9248,0.158841,0.997894,0.158841,All
55.0187,0.15984,1.00165,0.15984,All
55.1023,0.160839,1.00575,0.160839,All
55.1553,0.161838,1.00662,0.161838,All
55.1728,0.162837,1.00995,0.162837,All
55.3917,0.163836,1.01026,0.163836,All
55.402,0.164835,1.01469,0.164835,All
55.5208,0.165834,1.01623,0.165834,All
55.5911,0.166833,1.01633,0.166833,All
55.6963,0.167832,1.01762,0.167832,All
55.7388,0.168831,1.02264,0.168831,All
55.739,0.16983,1.02438,0.16983,All
55.9916,0.170829,1.03276,0.170829,All
56.0527,0.171828,1.03493,0.171828,All
56.1011,0.172827,1.03606,0.172827,All
56.2404,0.173826,1.03658,0.173826,All
56.2621,0.174825,1.03718,0.174825,All
56.3125,0.175824,1.04165,0.175824,All
56.3552,0.176823,1.04214,0.176823,All
56.4192,0.177822,1.04561,0.177822,All
56.5196,0.178821,1.04792,0.178821,All
56.5314,0.17982,1.05519,0.17982,All
56.5563,0.180819,1.05699,0.180819,All
56.6708,0.181818,1.0573,0.181818,All
56.6814,0.182817,1.06188,0.182817,All
56.8434,0.183816,1.06402,0.183816,All
57.0335,0.184815,1.06594,0.184815,All
57.2813,0.185814,1.06703,0.185814,All
57.2832,0.186813,1.06808,0.186813,All
57.3021,0.187812,1.07845,0.187812,All
57.3145,0.188811,1.0801,0.188811,All
57.3392,0.18981,1.08193,0.18981,All
57.4197,0.190809,1.08538,0.190809,All
57.4489,0.191808,1.08873,0.191808,All
57.4752,0.192807,1.09277,0.192807,All
57.5288,0.193806,1.0952,0.193806,All
57.5428,0.194805,1.09525,0.194805,All
57.643,0.195804,1.09699,0.195804,All
57.6608,0.196803,1.09814,0.196803,All
57.6611,0.197802,1.09857,0.197802,All
57.663,0.198801,1.10089,0.198801,All
57.7563,0.1998,1.10129,0.1998,All
57.7707,0.200799,1.10324,0.200799,All
57.8638,0.201798,1.1046,0.201798,All
57.8901,0.202797,1.10731,0.202797,All
57.9858,0.203796,1.11,0.203796,All
58.027,0.204795,1.11709,0.204795,All
58.2215,0.205794,1.11741,0.205794,All
58.2913,0.206793,1.11884,0.206793,All
58.3124,0.207792,1.12102,0.207792,All
58.4747,0.208791,1.12674,0.208791,All
58.6213,0.20979,1.12883,0.20979,All
58.6343,0.210789,1.12987,0.210789,All
58.6641,0.211788,1.12988,0.211788,All
58.6875,0.212787,1.13109,0.212787,All
58.7764,0.213786,1.13122,0.213786,All
58.8847,0.214785,1.13141,0.214785,All
58.9555,0.215784,1.13203,0.215784,All
59.1589,0.216783,1.1339,0.216783,All
59.1605,0.217782,1.1359,0.217782,All
59.2983,0.218781,1.13658,0.218781,All
59.4734,0.21978,1.14284,0.21978,All
59.4788,0.220779,1.14503,0.220779,All
59.5478,0.221778,1.14576,0.221778,All
59.5811,0.222777,1.14646,0.222777,All
59.6077,0.223776,1.15007,0.223776,All
59.6398,0.224775,1.15117,0.224775,All
59.6941,0.225774,1.15308,0.225774,All
59.7729,0.226773,1.15987,0.226773,All
59.8072,0.227772,1.16045,0.227772,All
59.8135,0.228771,1.16336,0.228771,All
59.8576,0.22977,1.16557,0.22977,All
59.943,0.230769,1.16616,0.230769,All
60.428,0.231768,1.16691,0.231768,All
60.4442,0.232767,1.16923,0.232767,All
60.5755,0.233766,1.17158,0.233766,All
60.7842,0.234765,1.17526,0.234765,All
61.0576,0.235764,1.18651,0.235764,All
61.1477,0.236763,1.18869,0.236763,All
61.1794,0.237762,1.18899,0.237762,All
61.2877,0.238761,1.19103,0.238761,All
61.3036,0.23976,1.19197,0.23976,All
61.343,0.240759,1.19399,0.240759,All
61.4232,0.241758,1.19607,0.241758,All
61.5693,0.242757,1.19765,0.242757,All
61.6237,0.243756,1.19771,0.243756,All
61.6945,0.244755,1.20058,0.244755,All
61.8133,0.245754,1.20167,0.245754,All
61.8806,0.246753,1.2022,0.246753,All
61.9325,0.247752,1.20286,0.247752,All
61.9357,0.248751,1.20546,0.248751,All
61.9423,0.24975,1.20614,0.24975,All
62.1406,0.250749,1.20684,0.250749,All
62.211,0.251748,1.20706,0.251748,All
62.2576,0.252747,1.21009,0.252747,All
62.2923,0.253746,1.21022,0.253746,All
62.314,0.254745,1.21316,0.254745,All
62.4305,0.255744,1.2153,0.255744,All
62.5497,0.256743,1.21817,0.256743,All
62.6245,0.257742,1.21891,0.257742,All
62.652,0.258741,1.22122,0.258741,All
62.6663,0.25974,1.22608,0.25974,All
62.7281,0.260739,1.22959,0.260739,All
62.7747,0.261738,1.23221,0.261738,All
62.7774,0.262737,1.23433,0.262737,All
62.8305,0.263736,1.23497,0.263736,All
62.8984,0.264735,1.23998,0.264735,All
62.9504,0.265734,1.24425,0.265734,All
62.9851,0.266733,1.25005,0.266733,All
63.017,0.267732,1.25072,0.267732,All
63.2227,0.268731,1.2516,0.268731,All
63.2616,0.26973,1.25246,0.26973,All
63.281,0.270729,1.25277,0.270729,All
63.2913,0.271728,1.25631,0.271728,All
63.7099,0.272727,1.25874,0.272727,All
63.7169,0.273726,1.26143,0.273726,All
63.7372,0.274725,1.26718,0.274725,All
63.792,0.275724,1.26809,0.275724,All
63.8834,0.276723,1.26962,0.276723,All
63.9063,0.277722,1.27365,0.277722,All
64.0162,0.278721,1.27759,0.278721,All
64.0455,0.27972,1.28233,0.27972,All
64.1146,0.280719,1.28249,0.280719,All
64.2652,0.281718,1.2835,0.281718,All
64.3844,0.282717,1.28968,0.282717,All
64.4719,0.283716,1.29052,0.283716,All
64.4745,0.284715,1.29097,0.284715,All
64.5138,0.285714,1.29397,0.285714,All
64.5557,0.286713,1.29409,0.286713,All
65.0873,0.287712,1.30142,0.287712,All
65.0967,0.288711,1.3017,0.288711,All
65.1239,0.28971,1.30419,0.28971,All
65.1598,0.290709,1.30422,0.290709,All
65.1761,0.291708,1.30436,0.291708,All
65.1836,0.292707,1.30449,0.292707,All
65.2038,0.293706,1.30697,0.293706,All
65.2373,0.294705,1.30731,0.294705,All
65.2592,0.295704,1.30744,0.295704,All
65.3213,0.296703,1.3077,0.296703,All
65.3774,0.297702,1.30888,0.297702,All
65.5155,0.298701,1.31463,0.298701,All
65.5411,0.2997,1.31684,0.2997,All
65.6193,0.300699,1.32197,0.300699,All
65.7296,0.301698,1.32478,0.301698,All
65.7536,0.302697,1.33853,0.302697,All
65.784,0.303696,1.33945,0.303696,All
65.9602,0.304695,1.34068,0.304695,All
65.9977,0.305694,1.34164,0.305694,All
66.0896,0.306693,1.34171,0.306693,All
66.1323,0.307692,1.34937,0.307692,All
66.2273,0.308691,1.35114,0.308691,All
66.2477,0.30969,1.35734,0.30969,All
66.2995,0.310689,1.36077,0.310689,All
66.3482,0.311688,1.36132,0.311688,All
66.6071,0.312687,1.36917,0.312687,All
66.7222,0.313686,1.3746,0.313686,All
66.7933,0.314685,1.37467,0.314685,All
66.8198,0.315684,1.37637,0.315684,All
66.8347,0.316683,1.37989,0.316683,All
66.9108,0.317682,1.38056,0.317682,All
66.921,0.318681,1.38499,0.318681,All
67.1425,0.31968,1.38527,0.31968,All
67.3277,0.320679,1.39874,0.320679,All
67.3284,0.321678,1.39903,0.321678,All
67.5201,0.322677,1.40082,0.322677,All
67.5317,0.323676,1.40367,0.323676,All
67.5513,0.324675,1.40782,0.324675,All
67.5914,0.325674,1.40924,0.325674,All
67.6142,0.326673,1.40941,0.326673,All
67.8333,0.327672,1.41127,0.327672,All
67.91,0.328671,1.41238,0.328671,All
67.9455,0.32967,1.41304,0.32967,All
67.9555,0.330669,1.42335,0.330669,All
68.0713,0.331668,1.42491,0.331668,All
68.0893,0.332667,1.42545,0.332667,All
68.0908,0.333666,1.42562,0.333666,All
68.149,0.334665,1.42573,0.334665,All
68.2052,0.335664,1.4284,0.335664,All
68.2717,0.336663,1.42906,0.336663,All
68.2808,0.337662,1.4349,0.337662,All
68.2834,0.338661,1.43913,0.338661,All
68.2853,0.33966,1.44053,0.33966,All
68.3447,0.340659,1.44065,0.340659,All
68.3646,0.341658,1.44121,0.341658,All
68.4028,0.342657,1.44194,0.342657,All
68.4132,0.343656,1.44305,0.343656,All
68.4542,0.344655,1.44501,0.344655,All
68.4553,0.345654,1.4479,0.345654,All
68.4692,0.346653,1.45189,0.346653,All
68.47,0.347652,1.4526,0.347652,All
68.4907,0.348651,1.45635,0.348651,All
68.6104,0.34965,1.46366,0.34965,All
68.6311,0.350649,1.46556,0.350649,All
68.6568,0.351648,1.46662,0.351648,All
68.6715,0.352647,1.4735,0.352647,All
68.8681,0.353646,1.47646,0.353646,All
68.9063,0.354645,1.47744,0.354645,All
68.9379,0.355644,1.47943,0.355644,All
68.9673,0.356643,1.48127,0.356643,All
69.0037,0.357642,1.48193,0.357642,All
69.0357,0.358641,1.48279,0.358641,All
69.0601,0.35964,1.48336,0.35964,All
69.1083,0.360639,1.48819,0.360639,All
69.1401,0.361638,1.48895,0.361638,All
69.1672,0.362637,1.49366,0.362637,All
69.2194,0.363636,1.4982,0.363636,All
69.4443,0.364635,1.49859,0.364635,All
69.5447,0.365634,1.49905,0.365634,All
69.7055,0.366633,1.50246,0.366633,All
69.8883,0.367632,1.50739,0.367632,All
69.9068,0.368631,1.51424,0.368631,All
69.9228,0.36963,1.51533,0.36963,All
70.0017,0.370629,1.51648,0.370629,All
70.0052,0.371628,1.52072,0.371628,All
70.0132,0.372627,1.52599,0.372627,All
70.0445,0.373626,1.52608,0.373626,All
70.1282,0.374625,1.52885,0.374625,All
70.244,0.375624,1.52926,0.375624,All
70.2986,0.376623,1.53092,0.376623,All
70.3118,0.377622,1.53962,0.377622,All
70.375,0.378621,1.54227,0.378621,All
70.3879,0.37962,1.54341,0.37962,All
70.4306,0.380619,1.544,0.380619,All
70.4711,0.381618,1.54408,0.381618,All
70.5034,0.382617,1.55384,0.382617,All
70.5489,0.383616,1.5619,0.383616,All
70.5817,0.384615,1.56874,0.384615,All
70.6312,0.385614,1.57667,0.385614,All
70.8398,0.386613,1.58271,0.386613,All
70.8525,0.387612,1.58676,0.387612,All
71.0153,0.388611,1.58725,0.388611,All
71.0634,0.38961,1.58914,0.38961,All
71.1568,0.390609,1.58981,0.390609,All
71.2807,0.391608,1.59211,0.391608,All
71.2962,0.392607,1.59539,0.392607,All
71.3413,0.393606,1.59741,0.393606,All
71.4635,0.394605,1.59803,0.394605,All
71.4651,0.395604,1.60021,0.395604,All
71.556,0.396603,1.60118,0.396603,All
71.5593,0.397602,1.60235,0.397602,All
71.5837,0.398601,1.60933,0.398601,All
71.6215,0.3996,1.61036,0.3996,All
71.7101,0.400599,1.61231,0.400599,All
71.7823,0.401598,1.61709,0.401598,All
71.7901,0.402597,1.62531,0.402597,All
71.8331,0.403596,1.62591,0.403596,All
71.8347,0.404595,1.6281,0.404595,All
71.895,0.405594,1.6286,0.405594,All
71.9678,0.406593,1.63575,0.406593,All
72.0228,0.407592,1.64065,0.407592,All
72.0546,0.408591,1.64111,0.408591,All
72.1188,0.40959,1.64467,0.40959,All
72.1328,0.410589,1.64483,0.410589,All
72.167,0.411588,1.64558,0.411588,All
72.2577,0.412587,1.65098,0.412587,All
72.258,0.413586,1.65466,0.413586,All
72.2761,0.414585,1.6555,0.414585,All
72.3183,0.415584,1.66348,0.415584,All
72.3243,0.416583,1.66382,0.416583,All
72.3472,0.417582,1.66427,0.417582,All
72.4896,0.418581,1.66645,0.418581,All
72.4907,0.41958,1.66957,0.41958,All
72.4934,0.420579,1.67275,0.420579,All
72.5467,0.421578,1.67307,0.421578,All
72.6144,0.422577,1.67334,0.422577,All
72.6789,0.423576,1.67714,0.423576,All
72.727,0.424575,1.67798,0.424575,All
72.7649,0.425574,1.6841,0.425574,All
72.7787,0.426573,1.68459,0.426573,All
72.821,0.427572,1.69296,0.427572,All
72.8839,0.428571,1.69774,0.428571,All
72.92,0.42957,1.69913,0.42957,All
73.072,0.430569,1.69924,0.430569,All
73.0795,0.431568,1.70044,0.431568,All
73.1595,0.432567,1.70106,0.432567,All
73.3314,0.433566,1.70439,0.433566,All
73.3481,0.434565,1.71548,0.434565,All
73.4289,0.435564,1.72048,0.435564,All
73.4475,0.436563,1.72653,0.436563,All
73.5118,0.437562,1.73057,0.437562,All
73.6621,0.438561,1.73156,0.438561,All
73.7529,0.43956,1.73738,0.43956,All
73.7643,0.440559,1.73802,0.440559,All
73.8293,0.441558,1.74042,0.441558,All
73.8414,0.442557,1.74521,0.442557,All
73.9555,0.443556,1.74589,0.443556,All
74.0619,0.444555,1.75904,0.444555,All
74.0763,0.445554,1.76224,0.445554,All
74.0922,0.446553,1.76659,0.446553,All
74.0945,0.447552,1.76996,0.447552,All
74.1031,0.448551,1.7715,0.448551,All
74.1384,0.44955,1.77215,0.44955,All
74.1487,0.450549,1.77253,0.450549,All
74.1595,0.451548,1.78063,0.451548,All
74.1699,0.452547,1.7818,0.452547,All
74.1852,0.453546,1.78511,0.453546,All
74.2148,0.454545,1.78759,0.454545,All
74.2251,0.455544,1.78953,0.455544,All
74.3116,0.456543,1.79106,0.456543,All
74.3162,0.457542,1.7922,0.457542,All
74.3273,0.458541,1.79238,0.458541,All
74.3385,0.45954,1.79373,0.45954,All
74.3745,0.460539,1.80125,0.460539,All
74.3875,0.461538,1.80378,0.461538,All
74.3904,0.462537,1.80434,0.462537,All
74.4065,0.463536,1.80476,0.463536,All
74.4454,0.464535,1.80807,0.464535,All
74.5329,0.465534,1.80841,0.465534,All
74.539,0.466533,1.81076,0.466533,All
74.5656,0.467532,1.81709,0.467532,All
74.5694,0.468531,1.81886,0.468531,All
74.5725,0.46953,1.81998,0.46953,All
74.6026,0.470529,1.82065,0.470529,All
74.6522,0.471528,1.82214,0.471528,All
74.8379,0.472527,1.82498,0.472527,All
74.9321,0.473526,1.82811,0.473526,All
74.9478,0.474525,1.82981,0.474525,All
75.0305,0.475524,1.82992,0.475524,All
75.1171,0.476523,1.83312,0.476523,All
75.2403,0.477522,1.83703,0.477522,All
75.2782,0.478521,1.83718,0.478521,All
75.3082,0.47952,1.84149,0.47952,All
75.4139,0.480519,1.84464,0.480519,All
75.443,0.481518,1.84989,0.481518,All
75.4582,0.482517,1.85116,0.482517,All
75.5438,0.483516,1.85127,0.483516,All
75.6149,0.484515,1.8523,0.484515,All
75.6368,0.485514,1.85454,0.485514,All
75.6409,0.486513,1.85637,0.486513,All
75.6622,0.487512,1.8613,0.487512,All
75.6844,0.488511,1.8676,0.488511,All
75.7222,0.48951,1.86791,0.48951,All
75.8537,0.490509,1.87005,0.490509,All
75.9986,0.491508,1.87085,0.491508,All
76.1018,0.492507,1.87153,0.492507,All
76.2091,0.493506,1.87396,0.493506,All
76.2155,0.494505,1.87731,0.494505,All
76.3277,0.495504,1.87754,0.495504,All
76.4305,0.496503,1.88693,0.496503,All
76.4571,0.497502,1.88842,0.497502,All
76.4694,0.498501,1.89104,0.498501,All
76.6155,0.4995,1.89116,0.4995,All
76.643,0.5005,1.89417,0.5005,All
76.6826,0.501499,1.89872,0.501499,All
76.7037,0.502498,1.90152,0.502498,All
76.7444,0.503497,1.9016,0.503497,All
76.7663,0.504496,1.90372,0.504496,All
76.8463,0.505495,1.90565,0.505495,All
76.8817,0.506494,1.90568,0.506494,All
76.9638,0.507493,1.90704,0.507493,All
76.9969,0.508492,1.90749,0.508492,All
77.0043,0.509491,1.91228,0.509491,All
77.0347,0.51049,1.91434,0.51049,All
77.0751,0.511489,1.92023,0.511489,All
77.2,0.512488,1.92373,0.512488,All
77.2101,0.513487,1.92521,0.513487,All
77.2209,0.514486,1.93678,0.514486,All
77.2246,0.515485,1.94042,0.515485,All
77.2829,0.516484,1.94661,0.516484,All
77.3226,0.517483,1.94667,0.517483,All
77.394,0.518482,1.94797,0.518482,All
77.4402,0.519481,1.95233,0.519481,All
77.4652,0.52048,1.95778,0.52048,All
77.4653,0.521479,1.96074,0.521479,All
77.4696,0.522478,1.9615,0.522478,All
77.491,0.523477,1.96198,0.523477,All
77.5179,0.524476,1.96275,0.524476,All
77.6107,0.525475,1.96399,0.525475,All
77.6889,0.526474,1.96634,0.526474,All
77.701,0.527473,1.96649,0.527473,All
77.7307,0.528472,1.96879,0.528472,All
77.7639,0.529471,1.97219,0.529471,All
77.7819,0.53047,1.97629,0.53047,All
77.8462,0.531469,1.97706,0.531469,All
77.8918,0.532468,1.97772,0.532468,All
77.9182,0.533467,1.97986,0.533467,All
77.9208,0.534466,1.98116,0.534466,All
77.9226,0.535465,1.98295,0.535465,All
77.9457,0.536464,1.98587,0.536464,All
77.9493,0.537463,1.98712,0.537463,All
78.0045,0.538462,1.98937,0.538462,All
78.0591,0.539461,1.98954,0.539461,All
78.0668,0.54046,1.9982,0.54046,All
78.0807,0.541459,2.00425,0.541459,All
78.0866,0.542458,2.00517,0.542458,All
78.0994,0.543457,2.00531,0.543457,All
78.1253,0.544456,2.00775,0.544456,All
78.2268,0.545455,2.0081,0.545455,All
78.3485,0.546454,2.0109,0.546454,All
78.3621,0.547453,2.02596,0.547453,All
78.3841,0.548452,2.02932,0.548452,All
78.4124,0.549451,2.02994,0.549451,All
78.4458,0.55045,2.0314,0.55045,All
78.4707,0.551449,2.03919,0.551449,All
78.4738,0.552448,2.04082,0.552448,All
78.5023,0.553447,2.04511,0.553447,All
78.5807,0.554446,2.05092,0.554446,All
78.663,0.555445,2.0521,0.555445,All
78.7636,0.556444,2.05721,0.556444,All
78.7711,0.557443,2.0579,0.557443,All
78.8497,0.558442,2.06485,0.558442,All
78.9038,0.559441,2.06534,0.559441,All
78.9267,0.56044,2.06617,0.56044,All
79.116,0.561439,2.06744,0.561439,All
79.1743,0.562438,2.06751,0.562438,All
79.2141,0.563437,2.07129,0.563437,All
79.2264,0.564436,2.07214,0.564436,All
79.3108,0.565435,2.07289,0.565435,All
79.3116,0.566434,2.07643,0.566434,All
79.318,0.567433,2.07763,0.567433,All
79.3319,0.568432,2.08089,0.568432,All
79.3705,0.569431,2.0809,0.569431,All
79.3765,0.57043,2.08144,0.57043,All
79.4267,0.571429,2.08273,0.571429,All
79.512,0.572428,2.08476,0.572428,All
79.544,0.573427,2.08548,0.573427,All
79.5656,0.574426,2.09009,0.574426,All
79.5978,0.575425,2.09664,0.575425,All
79.6593,0.576424,2.10176,0.576424,All
79.6617,0.577423,2.10623,0.577423,All
79.6706,0.578422,2.10905,0.578422,All
79.6901,0.579421,2.11151,0.579421,All
79.6944,0.58042,2.11264,0.58042,All
79.723,0.581419,2.11427,0.581419,All
79.7782,0.582418,2.1184,0.582418,All
79.8143,0.583417,2.11846,0.583417,All
79.8668,0.584416,2.11903,0.584416,All
79.9267,0.585415,2.12023,0.585415,All
79.9776,0.586414,2.12047,0.586414,All
80.111,0.587413,2.12064,0.587413,All
80.1557,0.588412,2.12332,0.588412,All
80.1945,0.589411,2.12726,0.589411,All
80.2051,0.59041,2.13419,0.59041,All
80.2084,0.591409,2.13522,0.591409,All
80.226,0.592408,2.14039,0.592408,All
80.2446,0.593407,2.14046,0.593407,All
80.3047,0.594406,2.14491,0.594406,All
80.3147,0.595405,2.14771,0.595405,All
80.3345,0.596404,2.15091,0.596404,All
80.3447,0.597403,2.15289,0.597403,All
80.3603,0.598402,2.15603,0.598402,All
80.3751,0.599401,2.16205,0.599401,All
80.423,0.6004,2.16507,0.6004,All
80.4346,0.601399,2.17239,0.601399,All
80.5106,0.602398,2.17631,0.602398,All
80.5212,0.603397,2.1806,0.603397,All
80.6344,0.604396,2.18109,0.604396,All
80.6849,0.605395,2.18165,0.605395,All
80.6899,0.606394,2.19373,0.606394,All
80.8339,0.607393,2.19657,0.607393,All
80.8693,0.608392,2.20183,0.608392,All
80.9528,0.609391,2.20717,0.609391,All
80.975,0.61039,2.20877,0.61039,All
80.9859,0.611389,2.22923,0.611389,All
81.0352,0.612388,2.23096,0.612388,All
81.0652,0.613387,2.23259,0.613387,All
81.1288,0.614386,2.23335,0.614386,All
81.1643,0.615385,2.239,0.615385,All
81.1756,0.616384,2.24194,0.616384,All
81.1932,0.617383,2.24386,0.617383,All
81.1949,0.618382,2.24656,0.618382,All
81.2371,0.619381,2.25634,0.619381,All
81.2456,0.62038,2.25779,0.62038,All
81.2728,0.621379,2.25798,0.621379,All
81.3009,0.622378,2.25807,0.622378,All
81.3956,0.623377,2.25964,0.623377,All
81.4005,0.624376,2.26135,0.624376,All
81.4655,0.625375,2.2621,0.625375,All
81.5708,0.626374,2.27051,0.626374,All
81.7179,0.627373,2.27896,0.627373,All
81.7482,0.628372,2.27953,0.628372,All
81.7759,0.629371,2.29447,0.629371,All
81.823,0.63037,2.29739,0.63037,All
81.8738,0.631369,2.31532,0.631369,All
81.8901,0.632368,2.31872,0.632368,All
81.9082,0.633367,2.32841,0.633367,All
81.9774,0.634366,2.32936,0.634366,All
82.0382,0.635365,2.33027,0.635365,All
82.0465,0.636364,2.33551,0.636364,All
82.1264,0.637363,2.34029,0.637363,All
82.1334,0.638362,2.34372,0.638362,All
82.1457,0.639361,2.34948,0.639361,All
82.1653,0.64036,2.36008,0.64036,All
82.2296,0.641359,2.36158,0.641359,All
82.3064,0.642358,2.36503,0.642358,All
82.3606,0.643357,2.36744,0.643357,All
82.433,0.644356,2.3702,0.644356,All
82.552,0.645355,2.37043,0.645355,All
82.6235,0.646354,2.37755,0.646354,All
82.644,0.647353,2.38196,0.647353,All
82.7797,0.648352,2.39108,0.648352,All
82.8429,0.649351,2.40039,0.649351,All
82.854,0.65035,2.40272,0.65035,All
82.9449,0.651349,2.40939,0.651349,All
83.0022,0.652348,2.42172,0.652348,All
83.0761,0.653347,2.42582,0.653347,All
83.2312,0.654346,2.43067,0.654346,All
83.2334,0.655345,2.4382,0.655345,All
83.3224,0.656344,2.44216,0.656344,All
83.4072,0.657343,2.44324,0.657343,All
83.4115,0.658342,2.44661,0.658342,All
83.5153,0.659341,2.46588,0.659341,All
83.6114,0.66034,2.47487,0.66034,All
83.6243,0.661339,2.48498,0.661339,All
83.7007,0.662338,2.48593,0.662338,All
83.708,0.663337,2.48799,0.663337,All
83.8218,0.664336,2.4953,0.664336,All
83.8352,0.665335,2.51249,0.665335,All
83.9382,0.666334,2.52019,0.666334,All
84.0114,0.667333,2.52097,0.667333,All
84.0796,0.668332,2.53299,0.668332,All
84.0841,0.669331,2.53545,0.669331,All
84.2119,0.67033,2.53777,0.67033,All
84.22,0.671329,2.54602,0.671329,All
84.2708,0.672328,2.55166,0.672328,All
84.2722,0.673327,2.55351,0.673327,All
84.2774,0.674326,2.56641,0.674326,All
84.2933,0.675325,2.56905,0.675325,All
84.2942,0.676324,2.57239,0.676324,All
84.3717,0.677323,2.59204,0.677323,All
84.4025,0.678322,2.60521,0.678322,All
84.4331,0.679321,2.61089,0.679321,All
84.4502,0.68032,2.61412,0.68032,All
84.5371,0.681319,2.62317,0.681319,All
84.5656,0.682318,2.63133,0.682318,All
84.5851,0.683317,2.64111,0.683317,All
84.6297,0.684316,2.64382,0.684316,All
84.6336,0.685315,2.64683,0.685315,All
84.7211,0.686314,2.66954,0.686314,All
84.9376,0.687313,2.67252,0.687313,All
85.0746,0.688312,2.67426,0.688312,All
85.2404,0.689311,2.67479,0.689311,All
85.3202,0.69031,2.68123,0.69031,All
85.4395,0.691309,2.70155,0.691309,All
85.4562,0.692308,2.7076,0.692308,All
85.6141,0.693307,2.71272,0.693307,All
85.6329,0.694306,2.72252,0.694306,All
85.7329,0.695305,2.73298,0.695305,All
85.9141,0.696304,2.74446,0.696304,All
85.9249,0.697303,2.74597,0.697303,All
85.9542,0.698302,2.7558,0.698302,All
85.9605,0.699301,2.76034,0.699301,All
85.9771,0.7003,2.76251,0.7003,All
86.0825,0.701299,2.7696,0.701299,All
86.0985,0.702298,2.77967,0.702298,All
86.1044,0.703297,2.79173,0.703297,All
86.1452,0.704296,2.80022,0.704296,All
86.1781,0.705295,2.81582,0.705295,All
86.2697,0.706294,2.82636,0.706294,All
86.3332,0.707293,2.84288,0.707293,All
86.6648,0.708292,2.84689,0.708292,All
86.7647,0.709291,2.86418,0.709291,All
86.7975,0.71029,2.87553,0.71029,All
86.908,0.711289,2.88262,0.711289,All
87.0659,0.712288,2.8977,0.712288,All
87.1891,0.713287,2.89861,0.713287,All
87.2584,0.714286,2.93743,0.714286,All
87.3026,0.715285,2.93797,0.715285,All
87.6481,0.716284,2.94251,0.716284,All
87.7278,0.717283,2.96187,0.717283,All
88.0007,0.718282,2.96312,0.718282,All
88.0409,0.719281,2.96331,0.719281,All
88.0483,0.72028,2.96791,0.72028,All
88.0727,0.721279,2.97645,0.721279,All
88.1738,0.722278,2.97932,0.722278,All
88.1927,0.723277,2.99071,0.723277,All
88.2306,0.724276,2.99593,0.724276,All
88.304,0.725275,2.99751,0.725275,All
88.3458,0.726274,2.99933,0.726274,All
88.3515,0.727273,3.00013,0.727273,All
88.5712,0.728272,3.00663,0.728272,All
88.6081,0.729271,3.0264,0.729271,All
88.6755,0.73027,3.03953,0.73027,All
88.6842,0.731269,3.04075,0.731269,All
88.9028,0.732268,3.04093,0.732268,All
88.9109,0.733267,3.05437,0.733267,All
89.1008,0.734266,3.06074,0.734266,All
89.1469,0.735265,3.06264,0.735265,All
89.1989,0.736264,3.06387,0.736264,All
89.3545,0.737263,3.07716,0.737263,All
89.4072,0.738262,3.07992,0.738262,All
89.429,0.739261,3.09031,0.739261,All
89.5424,0.74026,3.09951,0.74026,All
89.5448,0.741259,3.11028,0.741259,All
89.6013,0.742258,3.12675,0.742258,All
89.629,0.743257,3.12682,0.743257,All
89.7556,0.744256,3.1273,0.744256,All
89.7666,0.745255,3.14017,0.745255,All
89.8744,0.746254,3.14686,0.746254,All
89.9806,0.747253,3.15882,0.747253,All
89.987,0.748252,3.17473,0.748252,All
90.0327,0.749251,3.18079,0.749251,All
90.0327,0.75025,3.18571,0.75025,All
90.1871,0.751249,3.19498,0.751249,All
90.2018,0.752248,3.20556,0.752248,All
90.2149,0.753247,3.21459,0.753247,All
90.6401,0.754246,3.21686,0.754246,All
90.7131,0.755245,3.22075,0.755245,All
90.7293,0.756244,3.22473,0.756244,All
90.7351,0.757243,3.23348,0.757243,All
90.7517,0.758242,3.25139,0.758242,All
90.7596,0.759241,3.28152,0.759241,All
90.8448,0.76024,3.2852,0.76024,All
90.9356,0.761239,3.30768,0.761239,All
91.3688,0.762238,3.31086,0.762238,All
91.4377,0.763237,3.3153,0.763237,All
91.4918,0.764236,3.31544,0.764236,All
91.6043,0.765235,3.31797,0.765235,All
91.6722,0.766234,3.32083,0.766234,All
91.9095,0.767233,3.32485,0.767233,All
92.2794,0.768232,3.34651,0.768232,All
92.365,0.769231,3.36341,0.769231,All
92.4044,0.77023,3.36697,0.77023,All
92.5575,0.771229,3.3785,0.771229,All
92.6269,0.772228,3.38744,0.772228,All
92.7511,0.773227,3.41196,0.773227,All
92.7561,0.774226,3.43481,0.774226,All
92.8009,0.775225,3.48141,0.775225,All
93.0576,0.776224,3.4853,0.776224,All
93.1034,0.777223,3.48794,0.777223,All
93.2554,0.778222,3.4976,0.778222,All
93.3213,0.779221,3.52277,0.779221,All
93.3556,0.78022,3.52414,0.78022,All
93.5436,0.781219,3.53702,0.781219,All
93.735,0.782218,3.55443,0.782218,All
93.8219,0.783217,3.58498,0.783217,All
93.8687,0.784216,3.59747,0.784216,All
93.8927,0.785215,3.59979,0.785215,All
94.0971,0.786214,3.6016,0.786214,All
94.204,0.787213,3.61312,0.787213,All
94.2841,0.788212,3.6193,0.788212,All
94.5366,0.789211,3.62055,0.789211,All
94.636,0.79021,3.62573,0.79021,All
94.9861,0.791209,3.63443,0.791209,All
95.2882,0.792208,3.68604,0.792208,All
95.3355,0.793207,3.68629,0.793207,All
95.4143,0.794206,3.68719,0.794206,All
95.5856,0.795205,3.69291,0.795205,All
95.5916,0.796204,3.72313,0.796204,All
95.9162,0.797203,3.72692,0.797203,All
96.0708,0.798202,3.72943,0.798202,All
96.1475,0.799201,3.7327,0.799201,All
96.1609,0.8002,3.74708,0.8002,All
96.1858,0.801199,3.77398,0.801199,All
96.2635,0.802198,3.77567,0.802198,All
96.4787,0.803197,3.78545,0.803197,All
96.5073,0.804196,3.8048,0.804196,All
96.5946,0.805195,3.82075,0.805195,All
96.7394,0.806194,3.82372,0.806194,All
96.8274,0.807193,3.82965,0.807193,All
96.8696,0.808192,3.8315,0.808192,All
97.2134,0.809191,3.83253,0.809191,All
97.2705,0.81019,3.8359,0.81019,All
97.3452,0.811189,3.86798,0.811189,All
97.5716,0.812188,3.87148,0.812188,All
97.6857,0.813187,3.88086,0.813187,All
97.698,0.814186,3.8846,0.814186,All
97.7711,0.815185,3.88901,0.815185,All
97.9009,0.816184,3.90114,0.816184,All
98.0429,0.817183,3.90225,0.817183,All
98.2357,0.818182,3.90467,0.818182,All
98.4305,0.819181,3.9138,0.819181,All
98.4404,0.82018,3.9585,0.82018,All
98.4909,0.821179,3.96181,0.821179,All
98.5366,0.822178,3.96557,0.822178,All
98.9918,0.823177,4.01036,0.823177,All
99.0807,0.824176,4.01954,0.824176,All
99.5013,0.825175,4.05959,0.825175,All
99.5559,0.826174,4.07865,0.826174,All
99.5662,0.827173,4.15806,0.827173,All
99.8285,0.828172,4.16,0.828172,All
99.864,0.829171,4.18364,0.829171,All
100.245,0.83017,4.18865,0.83017,All
100.246,0.831169,4.1904,0.831169,All
100.265,0.832168,4.19779,0.832168,All
100.757,0.833167,4.21261,0.833167,All
101.441,0.834166,4.25852,0.834166,All
101.458,0.835165,4.28411,0.835165,All
101.539,0.836164,4.29966,0.836164,All
101.542,0.837163,4.31367,0.837163,All
101.758,0.838162,4.3196,0.838162,All
101.827,0.839161,4.32615,0.839161,All
101.839,0.84016,4.32958,0.84016,All
101.966,0.841159,4.33316,0.841159,All
102.235,0.842158,4.36133,0.842158,All
102.469,0.843157,4.38339,0.843157,All
102.685,0.844156,4.41001,0.844156,All
103.155,0.845155,4.41246,0.845155,All
103.186,0.846154,4.4375,0.846154,All
103.245,0.847153,4.45198,0.847153,All
103.381,0.848152,4.45406,0.848152,All
103.736,0.849151,4.49006,0.849151,All
103.949,0.85015,4.50627,0.85015,All
104.434,0.851149,4.50782,0.851149,All
104.959,0.852148,4.51264,0.852148,All
105.224,0.853147,4.53116,0.853147,All
105.367,0.854146,4.54863,0.854146,All
105.433,0.855145,4.59542,0.855145,All
105.467,0.856144,4.63007,0.856144,All
105.841,0.857143,4.63037,0.857143,All
106.107,0.858142,4.63291,0.858142,All
106.131,0.859141,4.65188,0.859141,All
106.178,0.86014,4.70252,0.86014,All
106.209,0.861139,4.74796,0.861139,All
106.213,0.862138,4.74904,0.862138,All
106.456,0.863137,4.79424,0.863137,All
106.54,0.864136,4.80511,0.864136,All
106.607,0.865135,4.8247,0.865135,All
106.822,0.866134,4.82755,0.866134,All
106.975,0.867133,4.83177,0.867133,All
107.026,0.868132,4.8517,0.868132,All
107.426,0.869131,4.85598,0.869131,All
107.664,0.87013,4.85714,0.87013,All
108.388,0.871129,4.87075,0.871129,All
108.617,0.872128,4.89761,0.872128,All
108.897,0.873127,4.90121,0.873127,All
108.966,0.874126,4.93905,0.874126,All
108.988,0.875125,4.95897,0.875125,All
109.123,0.876124,4.96668,0.876124,All
109.198,0.877123,4.98743,0.877123,All
109.36,0.878122,4.99961,0.878122,All
109.417,0.879121,5.00046,0.879121,All
109.654,0.88012,5.0074,0.88012,All
109.702,0.881119,5.11259,0.881119,All
109.88,0.882118,5.11766,0.882118,All
109.897,0.883117,5.12628,0.883117,All
110.217,0.884116,5.19639,0.884116,All
110.444,0.885115,5.25763,0.885115,All
110.925,0.886114,5.26399,0.886114,All
112.163,0.887113,5.26634,0.887113,All
112.54,0.888112,5.27004,0.888112,All
112.751,0.889111,5.28514,0.889111,All
112.956,0.89011,5.29453,0.89011,All
113.122,0.891109,5.31567,0.891109,All
113.819,0.892108,5.32518,0.892108,All
114.098,0.893107,5.33192,0.893107,All
114.745,0.894106,5.34149,0.894106,All
115.282,0.895105,5.36632,0.895105,All
115.38,0.896104,5.37365,0.896104,All
115.53,0.897103,5.38125,0.897103,All
115.665,0.898102,5.38479,0.898102,All
115.959,0.899101,5.38761,0.899101,All
116.257,0.9001,5.47605,0.9001,All
116.445,0.901099,5.47637,0.901099,All
116.808,0.902098,5.53174,0.902098,All
117.043,0.903097,5.54325,0.903097,All
117.663,0.904096,5.56901,0.904096,All
117.831,0.905095,5.5991,0.905095,All
117.872,0.906094,5.63934,0.906094,All
118.033,0.907093,5.66939,0.907093,All
119.634,0.908092,5.67637,0.908092,All
119.697,0.909091,5.68939,0.909091,All
120.299,0.91009,5.71373,0.91009,All
120.773,0.911089,5.74393,0.911089,All
120.97,0.912088,5.76359,0.912088,All
121.917,0.913087,5.81416,0.913087,All
121.963,0.914086,5.87871,0.914086,All
122.082,0.915085,5.88123,0.915085,All
124.105,0.916084,5.89406,0.916084,All
124.863,0.917083,5.9092,0.917083,All
124.91,0.918082,5.92963,0.918082,All
125.235,0.919081,5.97425,0.919081,All
125.617,0.92008,6.05604,0.92008,All
125.772,0.921079,6.07171,0.921079,All
126.036,0.922078,6.09365,0.922078,All
127.367,0.923077,6.09861,0.923077,All
127.42,0.924076,6.11902,0.924076,All
128.799,0.925075,6.13197,0.925075,All
128.849,0.926074,6.19427,0.926074,All
129.052,0.927073,6.21758,0.927073,All
129.155,0.928072,6.23695,0.928072,All
130.477,0.929071,6.31218,0.929071,All
131.058,0.93007,6.32716,0.93007,All
131.806,0.931069,6.34764,0.931069,All
132.414,0.932068,6.39368,0.932068,All
132.708,0.933067,6.41843,0.933067,All
134.346,0.934066,6.4444,0.934066,All
136.711,0.935065,6.47699,0.935065,All
137.401,0.936064,6.52145,0.936064,All
137.872,0.937063,6.52436,0.937063,All
138.053,0.938062,6.55451,0.938062,All
138.411,0.939061,6.56639,0.939061,All
138.677,0.94006,6.59127,0.94006,All
140.911,0.941059,6.62906,0.941059,All
141.174,0.942058,6.64811,0.942058,All
141.493,0.943057,6.68325,0.943057,All
141.526,0.944056,6.80641,0.944056,All
142.734,0.945055,6.82129,0.945055,All
143.238,0.946054,6.83236,0.946054,All
146.438,0.947053,6.85281,0.947053,All
146.576,0.948052,6.85535,0.948052,All
148.051,0.949051,6.893,0.949051,All
148.611,0.95005,6.90998,0.95005,All
150.326,0.951049,7.00059,0.951049,All
150.88,0.952048,7.02942,0.952048,All
151.099,0.953047,7.17745,0.953047,All
152.302,0.954046,7.19799,0.954046,All
152.857,0.955045,7.26772,0.955045,All
153.098,0.956044,7.31856,0.956044,All
154,0.957043,7.33969,0.957043,All
154.985,0.958042,7.39302,0.958042,All
156.342,0.959041,7.45259,0.959041,All
159.001,0.96004,7.5116,0.96004,All
160.847,0.961039,7.55076,0.961039,All
162.985,0.962038,7.5791,0.962038,All
163.227,0.963037,7.68401,0.963037,All
163.589,0.964036,7.75401,0.964036,All
167.811,0.965035,7.82131,0.965035,All
169.049,0.966034,7.82329,0.966034,All
175.097,0.967033,7.83531,0.967033,All
175.334,0.968032,7.83982,0.968032,All
177.998,0.969031,7.84437,0.969031,All
184.537,0.97003,7.86013,0.97003,All
185.23,0.971029,7.86864,0.971029,All
187.643,0.972028,7.87821,0.972028,All
191.462,0.973027,7.88378,0.973027,All
191.57,0.974026,7.92805,0.974026,All
193.514,0.975025,8.0928,0.975025,All
196.364,0.976024,8.11379,0.976024,All
196.374,0.977023,8.17843,0.977023,All
197.788,0.978022,8.34954,0.978022,All
198.794,0.979021,8.47355,0.979021,All
199.239,0.98002,8.53185,0.98002,All
200.938,0.981019,8.57415,0.981019,All
201.913,0.982018,8.61285,0.982018,All
208.908,0.983017,8.8738,0.983017,All
213.811,0.984016,8.97767,0.984016,All
218.226,0.985015,8.98314,0.985015,All
221.616,0.986014,9.04955,0.986014,All
224.844,0.987013,9.051,0.987013,All
225.911,0.988012,9.07724,0.988012,All
229.099,0.989011,9.12745,0.989011,All
229.715,0.99001,9.25593,0.99001,All
236.208,0.991009,9.2612,0.991009,All
256.464,0.992008,9.42043,0.992008,All
258.1,0.993007,9.59376,0.993007,All
280.873,0.994006,9.71099,0.994006,All
304.781,0.995005,9.93287,0.995005,All
317.776,0.996004,10.0069,0.996004,All
330.587,0.997003,10.6538,0.997003,All
354.764,0.998002,10.7356,0.998002,All
383.901,0.999001,12.654,0.999001,All
394.367,1,14.0851,1,All
