trans_Cl_vs_AGE_abscissa,trans_Cl_vs_AGE_spline,trans_Cl_vs_AGE_regression,trans_Cl_vs_CrCl_abscissa,trans_Cl_vs_CrCl_spline,trans_Cl_vs_CrCl_regression,trans_Cl_vs_CrCl_log_scaled_abscissa,trans_Cl_vs_CrCl_log_scaled_spline,trans_Cl_vs_CrCl_log_scaled_regression,trans_Cl_vs_WT_abscissa,trans_Cl_vs_WT_spline,trans_Cl_vs_WT_regression,trans_Cl_vs_logWT_abscissa,trans_Cl_vs_logWT_spline,trans_Cl_vs_logWT_regression,trans_V_vs_AGE_abscissa,trans_V_vs_AGE_spline,trans_V_vs_AGE_regression,trans_V_vs_CrCl_abscissa,trans_V_vs_CrCl_spline,trans_V_vs_CrCl_regression,trans_V_vs_CrCl_log_scaled_abscissa,trans_V_vs_CrCl_log_scaled_spline,trans_V_vs_CrCl_log_scaled_regression,trans_V_vs_WT_abscissa,trans_V_vs_WT_spline,trans_V_vs_WT_regression,trans_V_vs_logWT_abscissa,trans_V_vs_logWT_spline,trans_V_vs_logWT_regression,split
19,1.76335,1.56157,4.09551,-0.85119,-0.110951,-3.19528,-1.40835,-1.52575,25.1,1.08038,0.269972,3.22287,1.02637,0.0095235,19,4.01728,4.36405,4.09551,4.10805,4.1882,-3.19528,4.0524,3.98879,25.1,3.38794,3.85555,3.22287,3.18631,3.47393,All
19.7273,1.63057,1.54609,7.08214,-0.626891,-0.0616092,-3.15191,-1.40265,-1.48459,26.998,0.819197,0.281232,3.24447,0.932908,0.0208513,19.7273,4.08082,4.36334,7.08214,4.18595,4.19725,-3.15191,4.05388,3.99518,26.998,3.50747,3.87082,3.24447,3.24022,3.48982,All
20.4545,1.4978,1.53061,10.0688,-0.379397,-0.0122679,-3.10855,-1.39494,-1.44343,28.896,0.558009,0.292492,3.26607,0.839449,0.0321792,20.4545,4.14436,4.36264,10.0688,4.19138,4.20629,-3.10855,4.05567,4.00157,28.896,3.627,3.88609,3.26607,3.29413,3.50572,All
21.1818,1.38486,1.51513,13.0554,-0.277592,0.0370735,-3.06518,-1.36532,-1.40228,30.7939,0.403927,0.303752,3.28767,0.74599,0.043507,21.1818,4.20309,4.36194,13.0554,4.19663,4.21534,-3.06518,4.06097,4.00797,30.7939,3.71098,3.90136,3.28767,3.34804,3.52161,All
21.9091,1.33142,1.49966,16.042,-0.0730045,0.0864149,-3.02182,-1.3357,-1.36112,32.6919,0.31338,0.315012,3.30927,0.65253,0.0548349,21.9091,4.24739,4.36123,16.042,4.19875,4.22438,-3.02182,4.06627,4.01436,32.6919,3.77278,3.91663,3.30927,3.40195,3.53751,All
22.6364,1.31013,1.48418,19.0286,-0.0158102,0.135756,-2.97845,-1.30607,-1.31996,34.5899,0.277733,0.326272,3.33087,0.559071,0.0661627,22.6364,4.28145,4.36053,19.0286,4.20254,4.23343,-2.97845,4.07157,4.02075,34.5899,3.81381,3.9319,3.33087,3.45587,3.5534,All
23.3636,1.30573,1.4687,22.0153,0.0831737,0.185098,-2.93509,-1.27645,-1.2788,36.4879,0.271397,0.337532,3.35247,0.465612,0.0774906,23.3636,4.3086,4.35983,22.0153,4.22726,4.24247,-2.93509,4.07687,4.02714,36.4879,3.84215,3.94717,3.35247,3.50978,3.5693,All
24.0909,1.31519,1.45322,25.0019,0.17448,0.234439,-2.89172,-1.24682,-1.23764,38.3859,0.28602,0.348792,3.37407,0.380503,0.0888184,24.0909,4.32906,4.35912,25.0019,4.24218,4.25152,-2.89172,4.08217,4.03353,38.3859,3.85992,3.96244,3.37407,3.56021,3.58519,All
24.8182,1.33559,1.43774,27.9885,0.20772,0.28378,-2.84836,-1.2172,-1.19648,40.2838,0.312069,0.360052,3.39567,0.341186,0.100146,24.8182,4.34073,4.35842,27.9885,4.26324,4.26057,-2.84836,4.08747,4.03992,40.2838,3.8684,3.97771,3.39567,3.59154,3.60109,All
25.5455,1.35627,1.42227,30.9751,0.355373,0.333122,-2.80499,-1.17122,-1.15532,42.1818,0.333013,0.371312,3.41727,0.301869,0.111474,25.5455,4.34548,4.35772,30.9751,4.29139,4.26961,-2.80499,4.09489,4.04632,42.1818,3.87206,3.99298,3.41727,3.62287,3.61698,All
26.2727,1.37263,1.40679,33.9617,0.515762,0.382463,-2.76163,-1.12465,-1.11416,44.0798,0.338397,0.382571,3.43887,0.267362,0.122802,26.2727,4.34479,4.35701,33.9617,4.34106,4.27866,-2.76163,4.10238,4.05271,44.0798,3.87452,4.00825,3.43887,3.65209,3.63288,All
27,1.38166,1.39131,36.9484,0.380522,0.431804,-2.71826,-1.07809,-1.07301,45.9778,0.321539,0.393831,3.46047,0.249316,0.13413,27,4.33887,4.35631,36.9484,4.21879,4.2877,-2.71826,4.10988,4.0591,45.9778,3.88312,4.02352,3.46047,3.67407,3.64877,All
27.7273,1.36682,1.37583,39.935,0.488406,0.481146,-2.6749,-1.02993,-1.03185,47.8758,0.324693,0.405091,3.48207,0.231271,0.145458,27.7273,4.3254,4.35561,39.935,4.22684,4.29675,-2.6749,4.11738,4.06549,47.8758,3.93485,4.03879,3.48207,3.69604,3.66467,All
28.4545,1.33283,1.36035,42.9216,0.612415,0.530487,-2.63153,-0.980284,-0.990688,49.7737,0.394661,0.416351,3.50367,0.225189,0.156785,28.4545,4.30826,4.3549,42.9216,4.33,4.30579,-2.63153,4.12475,4.07188,49.7737,4.06005,4.05406,3.50367,3.71239,3.68057,All
29.1818,1.28336,1.34488,45.9082,0.711671,0.579828,-2.58817,-0.930694,-0.94953,51.6717,0.321554,0.427611,3.52527,0.223001,0.168113,29.1818,4.2887,4.3542,45.9082,4.36277,4.31484,-2.58817,4.13188,4.07827,51.6717,4.01487,4.06933,3.52527,3.72691,3.69646,All
29.9091,1.22187,1.3294,48.8949,0.855649,0.62917,-2.5448,-0.882026,-0.908371,53.5697,0.314644,0.438871,3.54687,0.220813,0.179441,29.9091,4.2685,4.3535,48.8949,4.34213,4.32388,-2.5448,4.1385,4.08467,53.5697,3.95671,4.0846,3.54687,3.74143,3.71236,All
30.6364,1.16386,1.31392,51.8815,0.894885,0.678511,-2.50144,-0.834559,-0.867212,55.4677,0.497788,0.450131,3.56847,0.224712,0.190769,30.6364,4.25269,4.35279,51.8815,4.37174,4.33293,-2.50144,4.14464,4.09106,55.4677,4.08042,4.09987,3.56847,3.75267,3.72825,All
31.3636,1.11832,1.29844,54.8681,0.855223,0.727853,-2.45807,-0.7892,-0.826053,57.3657,0.394258,0.461391,3.59007,0.232545,0.202097,31.3636,4.24294,4.35209,54.8681,4.32513,4.34197,-2.45807,4.15006,4.09745,57.3657,4.0902,4.11514,3.59007,3.7618,3.74415,All
32.0909,1.08938,1.28296,57.8547,1.07455,0.777194,-2.41471,-0.7465,-0.784894,59.2636,0.468016,0.472651,3.61167,0.240494,0.213425,32.0909,4.24057,4.35139,57.8547,4.38602,4.35102,-2.41471,4.15466,4.10384,59.2636,4.098,4.13041,3.61167,3.77085,3.76004,All
32.8182,1.09293,1.26749,60.8414,1.04725,0.826535,-2.37134,-0.707461,-0.743736,61.1616,0.234076,0.483911,3.63327,0.251673,0.224753,32.8182,4.2518,4.35068,60.8414,4.42875,4.36006,-2.37134,4.1582,4.11023,61.1616,4.14369,4.14568,3.63327,3.77745,3.77594,All
33.5455,1.11381,1.25201,63.828,1.10748,0.875877,-2.32798,-0.670772,-0.702577,63.0596,0.417222,0.495171,3.65487,0.262931,0.23608,33.5455,4.27462,4.34998,63.828,4.4361,4.36911,-2.32798,4.16105,4.11662,63.0596,4.13504,4.16095,3.65487,3.78376,3.79183,All
34.2727,1.14133,1.23653,66.8146,1.07094,0.925218,-2.28461,-0.637609,-0.661418,64.9576,0.564028,0.506431,3.67647,0.274105,0.247408,34.2727,4.30662,4.34927,66.8146,4.27938,4.37815,-2.28461,4.16279,4.12302,64.9576,4.25976,4.17622,3.67647,3.78933,3.80773,All
35,1.1703,1.22105,69.8012,1.11019,0.974559,-2.24125,-0.607257,-0.620259,66.8556,0.516815,0.517691,3.69807,0.284426,0.258736,35,4.34747,4.34857,69.8012,4.49714,4.3872,-2.24125,4.16357,4.12941,66.8556,4.04707,4.19149,3.69807,3.79465,3.82362,All
35.7273,1.18488,1.20557,72.7878,1.09818,1.0239,-2.19788,-0.579417,-0.579101,68.7535,0.692919,0.528951,3.71967,0.292748,0.270064,35.7273,4.39799,4.34787,72.7878,4.35245,4.39624,-2.19788,4.16342,4.1358,68.7535,4.22881,4.20676,3.71967,3.8,3.83952,All
36.4545,1.19036,1.19009,75.7745,1.34926,1.07324,-2.15452,-0.55384,-0.537942,70.6515,0.553821,0.540211,3.74127,0.297674,0.281392,36.4545,4.44374,4.34716,75.7745,4.43552,4.40529,-2.15452,4.16235,4.14219,70.6515,4.21549,4.22203,3.74127,3.80584,3.85541,All
37.1818,1.18772,1.17462,78.7611,1.37111,1.12258,-2.11116,-0.528592,-0.496783,72.5495,0.741482,0.55147,3.76287,0.300873,0.29272,37.1818,4.47957,4.34646,78.7611,4.48876,4.41434,-2.11116,4.16186,4.14858,72.5495,4.34313,4.2373,3.76287,3.81197,3.87131,All
37.9091,1.17709,1.15914,81.7477,1.18479,1.17192,-2.06779,-0.497637,-0.455624,74.4475,0.524699,0.56273,3.78447,0.298613,0.304047,37.9091,4.49426,4.34576,81.7477,4.3526,4.42338,-2.06779,4.16706,4.15497,74.4475,4.25167,4.25256,3.78447,3.81926,3.8872,All
38.6364,1.16122,1.14366,84.7343,1.44407,1.22127,-2.02443,-0.454044,-0.414466,76.3455,0.586383,0.57399,3.80607,0.292693,0.315375,38.6364,4.46418,4.34505,84.7343,4.50028,4.43243,-2.02443,4.18387,4.16137,76.3455,4.27629,4.26783,3.80607,3.82775,3.9031,All
39.3636,1.1446,1.12818,87.721,1.49932,1.27061,-1.98106,-0.391995,-0.373307,78.2434,0.356038,0.58525,3.82767,0.286064,0.326703,39.3636,4.4277,4.34435,87.721,4.52381,4.44147,-1.98106,4.21659,4.16776,78.2434,4.24805,4.2831,3.82767,3.84166,3.919,All
40.0909,1.12895,1.1127,90.7076,1.36859,1.31995,-1.9377,-0.319339,-0.332148,80.1414,0.722912,0.59651,3.84927,0.287477,0.338031,40.0909,4.39075,4.34365,90.7076,4.43925,4.45052,-1.9377,4.25156,4.17415,80.1414,4.31936,4.29837,3.84927,3.86759,3.93489,All
40.8182,1.12005,1.09723,93.6942,1.3096,1.36929,-1.89433,-0.253725,-0.290989,82.0394,0.653196,0.60777,3.87088,0.3054,0.349359,40.8182,4.35053,4.34294,93.6942,4.4185,4.45956,-1.89433,4.26008,4.18054,82.0394,4.29872,4.31364,3.87088,3.91231,3.95079,All
41.5455,1.12212,1.08175,96.6808,1.41689,1.41863,-1.85097,-0.213248,-0.24983,83.9374,0.512798,0.61903,3.89248,0.347675,0.360687,41.5455,4.33617,4.34224,96.6808,4.50636,4.46861,-1.85097,4.2148,4.18693,83.9374,4.28438,4.32891,3.89248,3.982,3.96668,All
42.2727,1.13122,1.06627,99.6675,1.53023,1.46797,-1.8076,-0.192494,-0.208672,85.8354,0.661721,0.63029,3.91408,0.382887,0.372014,42.2727,4.34814,4.34154,99.6675,4.55811,4.47765,-1.8076,4.14972,4.19332,85.8354,4.37859,4.34418,3.91408,4.04305,3.98258,All
43,1.14593,1.05079,102.654,1.59013,1.51731,-1.76424,-0.158077,-0.167513,87.7333,0.62163,0.64155,3.93568,0.334324,0.383342,43,4.38964,4.34083,102.654,4.53771,4.4867,-1.76424,4.16924,4.19972,87.7333,4.40164,4.35945,3.93568,4.01342,3.99847,All
43.7273,1.11297,1.03531,105.641,1.609,1.56666,-1.72087,-0.111885,-0.126354,89.6313,0.841664,0.65281,3.95728,0.270313,0.39467,43.7273,4.43121,4.34013,105.641,4.48223,4.49574,-1.72087,4.22477,4.20611,89.6313,4.4305,4.37472,3.95728,3.94764,4.01437,All
44.4545,1.03296,1.01984,108.627,1.60046,1.616,-1.67751,-0.091842,-0.0851953,91.5293,0.804569,0.66407,3.97888,0.294524,0.405998,44.4545,4.44509,4.33943,108.627,4.43061,4.50479,-1.67751,4.21455,4.2125,91.5293,4.43944,4.38999,3.97888,3.93489,4.03026,All
45.1818,0.940772,1.00436,111.614,1.5782,1.66534,-1.63414,-0.127968,-0.0440365,93.4273,0.615965,0.67533,4.00048,0.423136,0.417326,45.1818,4.43799,4.33872,111.614,4.41306,4.51383,-1.63414,4.16175,4.21889,93.4273,4.31894,4.40526,4.00048,4.00735,4.04616,All
45.9091,0.896746,0.98888,114.601,1.55464,1.71468,-1.59078,-0.111446,-0.00287777,95.3253,0.733786,0.68659,4.02208,0.48446,0.428654,45.9091,4.41774,4.33802,114.601,4.4213,4.52288,-1.59078,4.13914,4.22528,95.3253,4.41513,4.42053,4.02208,4.07508,4.06205,All
46.6364,0.976995,0.973402,117.587,1.54158,1.76402,-1.54741,0.0294827,0.038281,97.2232,0.70561,0.69785,4.04368,0.410877,0.439982,46.6364,4.39825,4.33732,117.587,4.44119,4.53192,-1.54741,4.19477,4.23167,97.2232,4.52595,4.4358,4.04368,4.08192,4.07795,All
47.3636,1.02586,0.957924,120.574,1.5461,1.81336,-1.50405,0.0170411,0.0794398,99.1212,0.692772,0.709109,4.06528,0.373268,0.451309,47.3636,4.35401,4.33661,120.574,4.46157,4.54097,-1.50405,4.22624,4.23806,99.1212,4.51507,4.45107,4.06528,4.06976,4.09384,All
48.0909,1.01824,0.942446,123.56,1.56722,1.8627,-1.46068,-0.00518482,0.120599,101.019,0.805225,0.720369,4.08688,0.478503,0.462637,48.0909,4.28705,4.33591,123.56,4.48089,4.55002,-1.46068,4.23354,4.24446,101.019,4.56534,4.46634,4.08688,4.09776,4.10974,All
48.8182,0.959184,0.926968,126.547,1.59964,1.91205,-1.41732,0.0999261,0.161757,102.917,0.603301,0.731629,4.10848,0.178211,0.473965,48.8182,4.23494,4.33521,126.547,4.49933,4.55906,-1.41732,4.24222,4.25085,102.917,4.52715,4.48161,4.10848,4.11983,4.12563,All
49.5455,0.932268,0.91149,129.534,1.64122,1.96139,-1.37395,0.178723,0.202916,104.815,0.621004,0.742889,4.13008,0.594116,0.485293,49.5455,4.24697,4.3345,129.534,4.51686,4.56811,-1.37395,4.24307,4.25724,104.815,4.54697,4.49688,4.13008,4.19048,4.14153,All
50.2727,0.919747,0.896012,132.52,1.68928,2.01073,-1.33059,0.2778,0.244075,106.713,0.831138,0.754149,4.15168,0.551628,0.496621,50.2727,4.28719,4.3338,132.52,4.53335,4.57715,-1.33059,4.2905,4.26363,106.713,4.55649,4.51215,4.15168,4.10476,4.15743,All
51,0.913362,0.880534,135.507,1.73945,2.06007,-1.28722,0.229978,0.285234,108.611,0.878397,0.765409,4.17328,0.568884,0.507949,51,4.33877,4.3331,135.507,4.54906,4.5862,-1.28722,4.30568,4.27002,108.611,4.55153,4.52742,4.17328,4.25573,4.17332,All
51.7273,0.884848,0.865056,138.494,1.78873,2.10941,-1.24386,0.335852,0.326392,110.509,0.686557,0.776669,4.19488,0.527638,0.519276,51.7273,4.33602,4.33239,138.494,4.56415,4.59524,-1.24386,4.31457,4.27641,110.509,4.5898,4.54269,4.19488,4.11915,4.18922,All
52.4545,0.864533,0.849577,141.48,1.83484,2.15875,-1.20049,0.170619,0.367551,112.407,0.661595,0.787929,4.21648,0.398351,0.530604,52.4545,4.32431,4.33169,141.48,4.57833,4.60429,-1.20049,4.23724,4.28281,112.407,4.62347,4.55796,4.21648,4.09845,4.20511,All
53.1818,0.837935,0.834099,144.467,1.87789,2.20809,-1.15713,0.358461,0.40871,114.305,0.76566,0.799189,4.23808,0.71288,0.541932,53.1818,4.31116,4.33099,144.467,4.59183,4.61333,-1.15713,4.28323,4.2892,114.305,4.63288,4.57323,4.23808,4.31502,4.22101,All
53.9091,0.777735,0.818621,147.453,1.9177,2.25743,-1.11376,0.421813,0.449869,116.203,0.822128,0.810449,4.25968,0.543746,0.55326,53.9091,4.30977,4.33028,147.453,4.60462,4.62238,-1.11376,4.3064,4.29559,116.203,4.61624,4.5885,4.25968,4.21919,4.2369,All
54.6364,0.891599,0.803143,150.44,1.95346,2.30678,-1.0704,0.557003,0.491028,118.101,0.824372,0.821709,4.28128,0.695944,0.564588,54.6364,4.2846,4.32958,150.44,4.61655,4.63142,-1.0704,4.3426,4.30198,118.101,4.58932,4.60377,4.28128,4.3491,4.2528,All
55.3636,0.931111,0.787665,153.427,1.98557,2.35612,-1.02703,0.479769,0.532186,119.999,0.816621,0.832969,4.30288,0.596298,0.575916,55.3636,4.27021,4.32888,153.427,4.62772,4.64047,-1.02703,4.26339,4.30837,119.999,4.57294,4.61904,4.30288,4.27655,4.26869,All
56.0909,0.871072,0.772187,156.413,2.01769,2.40546,-0.983667,0.52664,0.573345,121.897,0.832058,0.844229,4.32448,0.56597,0.587243,56.0909,4.27324,4.32817,156.413,4.63888,4.64951,-0.983667,4.2869,4.31476,121.897,4.58279,4.63431,4.32448,4.25545,4.28459,All
56.8182,0.808695,0.756709,159.4,2.04822,2.4548,-0.940302,0.723667,0.614504,123.795,0.865727,0.855489,4.34608,0.539346,0.598571,56.8182,4.29893,4.32747,159.4,4.64973,4.65856,-0.940302,4.23688,4.32116,123.795,4.61078,4.64958,4.34608,4.36151,4.30048,All
57.5455,0.726058,0.741231,162.387,2.07157,2.50414,-0.896937,0.678199,0.655663,125.693,0.904715,0.866749,4.36768,0.405062,0.609899,57.5455,4.34171,4.32677,162.387,4.65919,4.6676,-0.896937,4.29188,4.32755,125.693,4.64452,4.66485,4.36768,4.2322,4.31638,All
58.2727,0.73802,0.725753,165.373,2.09023,2.55348,-0.853572,0.626979,0.696821,127.591,0.940767,0.878008,4.38928,0.747494,0.621227,58.2727,4.37718,4.32606,165.373,4.6678,4.67665,-0.853572,4.3166,4.33394,127.591,4.67566,4.68012,4.38928,4.33061,4.33227,All
59,0.918904,0.710275,168.36,2.1089,2.60282,-0.810207,0.730685,0.73798,129.489,0.958329,0.889268,4.41088,0.641482,0.632555,59,4.39101,4.32536,168.36,4.67641,4.6857,-0.810207,4.34311,4.34033,129.489,4.68943,4.69539,4.41088,4.31084,4.34817,All
59.7273,0.777027,0.694797,171.346,2.12756,2.65217,-0.766842,0.818025,0.779139,131.387,0.950398,0.900528,4.43248,0.520786,0.643883,59.7273,4.43848,4.32466,171.346,4.68502,4.69474,-0.766842,4.35948,4.34672,131.387,4.67903,4.71066,4.43248,4.30761,4.36406,All
60.4545,0.681078,0.679319,174.333,2.14622,2.70151,-0.723478,0.903291,0.820298,133.285,0.924191,0.911788,4.45408,0.684022,0.655211,60.4545,4.36116,4.32395,174.333,4.69363,4.70379,-0.723478,4.31684,4.35311,133.285,4.65191,4.72593,4.45408,4.39351,4.37996,All
61.1818,0.635589,0.663841,177.32,2.16488,2.75085,-0.680113,0.920775,0.861456,135.183,0.889959,0.923048,4.47568,0.650635,0.666538,61.1818,4.2716,4.32325,177.32,4.70223,4.71283,-0.680113,4.41365,4.35951,135.183,4.61855,4.7412,4.47568,4.42683,4.39586,All
61.9091,0.658812,0.648363,180.306,2.18355,2.80019,-0.636748,1.05281,0.902615,137.081,0.858193,0.934308,4.49728,0.840056,0.677866,61.9091,4.36993,4.32255,180.306,4.71084,4.72188,-0.636748,4.35657,4.3659,137.081,4.58961,4.75647,4.49728,4.43059,4.41175,All
62.6364,0.668916,0.632885,183.293,2.20199,2.84953,-0.593383,0.949605,0.943774,138.979,0.838814,0.945568,4.51888,0.806623,0.689194,62.6364,4.34165,4.32184,183.293,4.71942,4.73092,-0.593383,4.34196,4.37229,138.979,4.57521,4.77174,4.51888,4.45626,4.42765,All
63.3636,0.597176,0.617407,186.28,2.21327,2.89887,-0.550018,1.15374,0.984933,140.877,0.837908,0.956828,4.54048,0.60585,0.700522,63.3636,4.33561,4.32114,186.28,4.72691,4.73997,-0.550018,4.39791,4.37868,140.877,4.58148,4.78701,4.54048,4.316,4.44354,All
64.0909,0.47554,0.601928,189.266,2.22432,2.94821,-0.506653,1.12524,1.02609,142.775,0.851469,0.968088,4.56208,0.780817,0.71185,64.0909,4.35709,4.32044,189.266,4.73438,4.74901,-0.506653,4.41541,4.38507,142.775,4.60383,4.80228,4.56208,4.4789,4.45944,All
64.8182,0.564411,0.58645,192.253,2.2333,2.99755,-0.463288,1.18737,1.06725,144.673,0.877142,0.979348,4.58368,0.668522,0.723178,64.8182,4.2888,4.31973,192.253,4.74168,4.75806,-0.463288,4.49102,4.39146,144.673,4.63956,4.81755,4.58368,4.5383,4.47533,All
65.5455,0.557012,0.570972,195.239,2.24227,3.0469,-0.419923,1.15424,1.10841,146.571,0.910485,0.990608,4.60528,0.778418,0.734505,65.5455,4.29791,4.31903,195.239,4.74899,4.7671,-0.419923,4.30008,4.39786,146.571,4.68365,4.83282,4.60528,4.54467,4.49123,All
66.2727,0.544554,0.555494,198.226,2.2504,3.09624,-0.376558,1.17943,1.14957,148.469,0.948054,1.00187,4.62688,0.693212,0.745833,66.2727,4.32689,4.31833,198.226,4.75629,4.77615,-0.376558,4.42842,4.40425,148.469,4.73218,4.84809,4.62688,4.55723,4.50712,All
67,0.577144,0.540016,201.213,2.2577,3.14558,-0.333193,1.16398,1.19073,150.367,0.986114,1.01313,4.64848,0.597602,0.757161,67,4.34601,4.31762,201.213,4.76363,4.78519,-0.333193,4.44049,4.41064,150.367,4.78098,4.86336,4.64848,4.55072,4.52302,All
67.7273,0.552643,0.524538,204.199,2.26418,3.19492,-0.289828,1.32655,1.23189,152.265,1.02079,1.02439,4.67008,0.838624,0.768489,67.7273,4.30973,4.31692,204.199,4.77114,4.79424,-0.289828,4.38321,4.41703,152.265,4.82553,4.87863,4.67008,4.56757,4.53891,All
68.4545,0.453681,0.50906,207.186,2.27065,3.24426,-0.246463,1.49151,1.27304,154.163,1.04825,1.03565,4.69168,0.844869,0.779817,68.4545,4.26182,4.31622,207.186,4.77866,4.80328,-0.246463,4.52224,4.42342,154.163,4.86148,4.8939,4.69168,4.56693,4.55481,All
69.1818,0.398531,0.493582,210.173,2.27713,3.2936,-0.203098,1.23852,1.3142,156.061,1.07543,1.04691,4.71328,0.644903,0.791145,69.1818,4.23715,4.31551,210.173,4.78618,4.81233,-0.203098,4.35716,4.42981,156.061,4.89708,4.90917,4.71328,4.61608,4.5707,All
69.9091,0.608851,0.478104,213.159,2.28363,3.34294,-0.159733,1.53942,1.35536,157.959,1.09359,1.05817,4.73489,0.751385,0.802472,69.9091,4.30309,4.31481,213.159,4.79434,4.82138,-0.159733,4.52263,4.43621,157.959,4.92193,4.92444,4.73489,4.64346,4.5866,All
70.6364,0.543711,0.462626,216.146,2.29013,3.39229,-0.116369,1.48326,1.39652,159.857,1.10878,1.06943,4.75649,0.827348,0.8138,70.6364,4.3559,4.31411,216.146,4.80271,4.83042,-0.116369,4.48188,4.4426,159.857,4.94325,4.93971,4.75649,4.62003,4.60249,All
71.3636,0.459321,0.447148,219.132,2.29663,3.44163,-0.0730036,1.33505,1.43768,161.755,1.11829,1.08069,4.77809,0.813802,0.825128,71.3636,4.31619,4.3134,219.132,4.81107,4.83947,-0.0730036,4.40928,4.44899,161.755,4.95777,4.95498,4.77809,4.57952,4.61839,All
72.0909,0.406238,0.43167,222.119,2.30313,3.49097,-0.0296387,1.46525,1.47884,163.653,1.12319,1.09195,4.79969,0.820697,0.836456,72.0909,4.21605,4.3127,222.119,4.81943,4.84851,-0.0296387,4.51477,4.45538,163.653,4.96675,4.97025,4.79969,4.57912,4.63429,All
72.8182,0.431579,0.416192,225.106,2.31645,3.54031,0.0137262,1.58014,1.52,165.551,1.12309,1.10321,4.82129,0.87413,0.847784,72.8182,4.32755,4.312,225.106,4.83069,4.85756,0.0137262,4.5366,4.46177,165.551,4.96971,4.98552,4.82129,4.62253,4.65018,All
73.5455,0.355239,0.400714,228.092,2.34589,3.58965,0.0570911,1.59837,1.56116,167.448,1.12298,1.11447,4.84289,0.933984,0.859112,73.5455,4.30375,4.31129,228.092,4.84877,4.8666,0.0570911,4.46379,4.46816,167.448,4.97267,5.00079,4.84289,4.67197,4.66608,All
74.2727,0.291306,0.385236,231.079,2.37532,3.63899,0.100456,1.56034,1.60231,169.346,1.12287,1.12573,4.86449,0.959522,0.87044,74.2727,4.29828,4.31059,231.079,4.86686,4.87565,0.100456,4.40568,4.47455,169.346,4.97563,5.01606,4.86449,4.68977,4.68197,All
75,0.304543,0.369757,234.065,2.40475,3.68833,0.143821,1.51291,1.64347,171.244,1.11844,1.13699,4.88609,0.924418,0.881767,75,4.39854,4.30989,234.065,4.88494,4.88469,0.143821,4.40809,4.48095,171.244,4.97335,5.03133,4.88609,4.6522,4.69787,All
75.7273,0.195968,0.354279,237.052,2.43418,3.73768,0.187186,1.50341,1.68463,173.142,1.11136,1.14825,4.90769,0.862203,0.893095,75.7273,4.31486,4.30918,237.052,4.90303,4.89374,0.187186,4.43397,4.48734,173.142,4.96783,5.0466,4.90769,4.59241,4.71376,All
76.4545,0.317878,0.338801,240.039,2.46362,3.78702,0.230551,1.5375,1.72579,175.04,1.10357,1.15951,4.92929,0.814323,0.904423,76.4545,4.3466,4.30848,240.039,4.92111,4.90278,0.230551,4.46501,4.49373,175.04,4.96137,5.06187,4.92929,4.55154,4.72966,All
77.1818,0.445928,0.323323,243.025,2.49305,3.83636,0.273916,1.59607,1.76695,176.938,1.0944,1.17077,4.95089,0.815909,0.915751,77.1818,4.40386,4.30778,243.025,4.9392,4.91183,0.273916,4.49752,4.50012,176.938,4.95307,5.07714,4.95089,4.564,4.74555,All
77.9091,0.177526,0.307845,246.012,2.52248,3.8857,0.317281,1.66182,1.80811,178.836,1.08524,1.18203,4.97249,0.857556,0.927079,77.9091,4.32993,4.30707,246.012,4.95728,4.92087,0.317281,4.52808,4.50651,178.836,4.94476,5.09241,4.97249,4.61904,4.76145,All
78.6364,0.284553,0.292367,248.999,2.55191,3.93504,0.360646,1.71841,1.84927,180.734,1.07607,1.19329,4.99409,0.921592,0.938407,78.6364,4.3134,4.30637,248.999,4.97537,4.92992,0.360646,4.55378,4.5129,180.734,4.93646,5.10768,4.99409,4.69775,4.77734,All
79.3636,0.311885,0.276889,251.985,2.58135,3.98438,0.404011,1.76308,1.89043,182.632,1.0669,1.20455,5.01569,0.988487,0.949734,79.3636,4.29342,4.30567,251.985,4.99345,4.93896,0.404011,4.57466,4.5193,182.632,4.92816,5.12295,5.01569,4.77926,4.79324,All
80.0909,0.232376,0.261411,254.972,2.61078,4.03372,0.447375,1.79656,1.93158,184.53,1.05774,1.21581,5.03729,1.03633,0.961062,80.0909,4.27325,4.30496,254.972,5.01154,4.94801,0.447375,4.5915,4.52569,184.53,4.91986,5.13822,5.03729,4.84005,4.80913,All
80.8182,0.338284,0.245933,257.958,2.64021,4.08306,0.49074,1.82137,1.97274,186.428,1.05104,1.22707,5.05889,1.06913,0.97239,80.8182,4.33314,4.30426,257.958,5.02962,4.95706,0.49074,4.60608,4.53208,186.428,4.9142,5.15349,5.05889,4.88449,4.82503,All
81.5455,0.300814,0.230455,260.945,2.66964,4.13241,0.534105,1.83687,2.0139,188.326,1.04516,1.23833,5.08049,1.08265,0.983718,81.5455,4.33267,4.30355,260.945,5.04771,4.9661,0.534105,4.61869,4.53847,188.326,4.90942,5.16876,5.08049,4.90794,4.84092,All
82.2727,0.230842,0.214977,263.932,2.69908,4.18175,0.57747,1.85237,2.05506,190.224,1.04515,1.24959,5.10209,1.07802,0.995046,82.2727,4.31378,4.30285,263.932,5.06579,4.97515,0.57747,4.6313,4.54486,190.224,4.91134,5.18403,5.10209,4.91135,4.85682,All
83,0.186355,0.199499,266.918,2.72851,4.23109,0.620835,1.86511,2.09622,192.122,1.04918,1.26085,5.12369,1.06479,1.00637,83,4.29775,4.30215,266.918,5.08388,4.98419,0.620835,4.64407,4.55125,192.122,4.91789,5.1993,5.12369,4.90517,4.87272,All
83.7273,0.197695,0.184021,269.905,2.75794,4.28043,0.6642,1.87182,2.13738,194.02,1.05321,1.27211,5.14529,1.04718,1.0177,83.7273,4.28679,4.30144,269.905,5.10196,4.99324,0.6642,4.65807,4.55765,194.02,4.92443,5.21457,5.14529,4.89392,4.88861,All
84.4545,0.187621,0.168543,272.892,2.78737,4.32977,0.707565,1.87766,2.17854,195.918,1.05724,1.28337,5.16689,1.02412,1.02903,84.4545,4.26034,4.30074,272.892,5.12005,5.00228,0.707565,4.6746,4.56404,195.918,4.93098,5.22984,5.16689,4.87592,4.90451,All
85.1818,0.158323,0.153065,275.878,2.8168,4.37911,0.75093,1.88392,2.2197,197.816,1.06127,1.29463,5.18849,1.00214,1.04036,85.1818,4.229,4.30004,275.878,5.13813,5.01133,0.75093,4.69427,4.57043,197.816,4.93752,5.24511,5.18849,4.8581,4.9204,All
85.9091,0.109896,0.137586,278.865,2.84624,4.42845,0.794295,1.89247,2.26085,199.714,1.07164,1.30589,5.21009,0.980161,1.05169,85.9091,4.2109,4.29933,278.865,5.15622,5.02037,0.794295,4.71896,4.57682,199.714,4.95137,5.26038,5.21009,4.84027,4.9363,All
86.6364,0.0845112,0.122108,281.851,2.87567,4.4778,0.83766,1.92008,2.30201,201.612,1.0925,1.31715,5.23169,0.96448,1.06301,86.6364,4.23583,4.29863,281.851,5.1743,5.02942,0.83766,4.76505,4.58321,201.612,4.97734,5.27565,5.23169,4.8284,4.95219,All
87.3636,0.115066,0.10663,284.838,2.9051,4.52714,0.881025,1.95598,2.34317,203.51,1.11336,1.32841,5.25329,0.966214,1.07434,87.3636,4.26017,4.29793,284.838,5.19239,5.03846,0.881025,4.82045,4.5896,203.51,5.0033,5.29092,5.25329,4.83366,4.96809,All
88.0909,0.200422,0.0911523,287.825,2.93453,4.57648,0.92439,1.99187,2.38433,205.408,1.14408,1.33967,5.27489,0.979198,1.08567,88.0909,4.27555,4.29722,287.825,5.21047,5.04751,0.92439,4.87586,4.596,205.408,5.04071,5.30619,5.27489,4.8502,4.98398,All
88.8182,0.300852,0.0756742,290.811,2.96397,4.62582,0.967755,2.02777,2.42549,207.306,1.18556,1.35093,5.29649,0.997278,1.097,88.8182,4.2753,4.29652,290.811,5.22856,5.05655,0.967755,4.93127,4.60239,207.306,5.0906,5.32146,5.29649,4.87191,4.99988,All
89.5455,0.219033,0.0601962,293.798,2.9934,4.67516,1.01112,2.06366,2.46665,209.204,1.22703,1.36219,5.31809,1.0448,1.10832,89.5455,4.28111,4.29582,293.798,5.24664,5.0656,1.01112,4.98667,4.60878,209.204,5.14049,5.33673,5.31809,4.92355,5.01577,All
90.2727,0.0764653,0.0447181,296.785,3.02283,4.7245,1.05448,2.09956,2.50781,211.102,1.26851,1.37345,5.33969,1.12594,1.11965,90.2727,4.28893,4.29511,296.785,5.26473,5.07464,1.05448,5.04208,4.61517,211.102,5.19038,5.352,5.33969,5.00968,5.03167,All
91,-0.0661028,0.02924,299.771,3.05226,4.77384,1.09785,2.13545,2.54897,213,1.31571,1.38471,5.36129,1.21561,1.13098,91,4.29676,4.29441,299.771,5.28281,5.08369,1.09785,5.09748,4.62156,213,5.24692,5.36727,5.36129,5.10456,5.04756,All
