V_abscissa,V_cdf,Cl_abscissa,Cl_cdf,split
-1.88552,0.000999001,-3.74148,0.000999001,All
-0.951611,0.001998,-2.69605,0.001998,All
-0.847384,0.002997,-2.65786,0.002997,All
-0.82958,0.003996,-2.56204,0.003996,All
-0.804585,0.004995,-2.35989,0.004995,All
-0.780256,0.00599401,-2.28651,0.00599401,All
-0.763765,0.00699301,-2.20861,0.00699301,All
-0.652684,0.00799201,-2.09881,0.00799201,All
-0.644278,0.00899101,-2.09832,0.00899101,All
-0.641562,0.00999001,-2.0298,0.00999001,All
-0.602463,0.010989,-1.97385,0.010989,All
-0.596148,0.011988,-1.97087,0.011988,All
-0.582765,0.012987,-1.94665,0.012987,All
-0.581671,0.013986,-1.93838,0.013986,All
-0.562563,0.014985,-1.93268,0.014985,All
-0.55519,0.015984,-1.91786,0.015984,All
-0.546489,0.016983,-1.89204,0.016983,All
-0.531441,0.017982,-1.80669,0.017982,All
-0.515579,0.018981,-1.79176,0.018981,All
-0.496641,0.01998,-1.74145,0.01998,All
-0.489398,0.020979,-1.73837,0.020979,All
-0.483339,0.021978,-1.7315,0.021978,All
-0.47831,0.022977,-1.69524,0.022977,All
-0.470828,0.023976,-1.67939,0.023976,All
-0.463103,0.024975,-1.66289,0.024975,All
-0.460661,0.025974,-1.66043,0.025974,All
-0.459137,0.026973,-1.64786,0.026973,All
-0.445184,0.027972,-1.62426,0.027972,All
-0.43673,0.028971,-1.58698,0.028971,All
-0.436102,0.02997,-1.57527,0.02997,All
-0.433257,0.030969,-1.55822,0.030969,All
-0.421648,0.031968,-1.55541,0.031968,All
-0.420064,0.032967,-1.54853,0.032967,All
-0.394094,0.033966,-1.52234,0.033966,All
-0.39384,0.034965,-1.5161,0.034965,All
-0.383545,0.035964,-1.51339,0.035964,All
-0.379888,0.036963,-1.50063,0.036963,All
-0.379429,0.037962,-1.49319,0.037962,All
-0.373044,0.038961,-1.49067,0.038961,All
-0.366568,0.03996,-1.48952,0.03996,All
-0.364941,0.040959,-1.47656,0.040959,All
-0.359822,0.041958,-1.47632,0.041958,All
-0.358529,0.042957,-1.47331,0.042957,All
-0.358205,0.043956,-1.46291,0.043956,All
-0.34749,0.044955,-1.44757,0.044955,All
-0.339235,0.045954,-1.44221,0.045954,All
-0.335131,0.046953,-1.42797,0.046953,All
-0.326826,0.047952,-1.42727,0.047952,All
-0.326027,0.048951,-1.42045,0.048951,All
-0.325508,0.04995,-1.42007,0.04995,All
-0.324549,0.0509491,-1.41887,0.0509491,All
-0.318573,0.0519481,-1.4172,0.0519481,All
-0.31643,0.0529471,-1.41214,0.0529471,All
-0.315594,0.0539461,-1.40071,0.0539461,All
-0.314245,0.0549451,-1.39868,0.0549451,All
-0.314025,0.0559441,-1.39702,0.0559441,All
-0.311082,0.0569431,-1.39572,0.0569431,All
-0.305635,0.0579421,-1.37435,0.0579421,All
-0.301386,0.0589411,-1.367,0.0589411,All
-0.295374,0.0599401,-1.36062,0.0599401,All
-0.293008,0.0609391,-1.35275,0.0609391,All
-0.291844,0.0619381,-1.34631,0.0619381,All
-0.286002,0.0629371,-1.33916,0.0629371,All
-0.278119,0.0639361,-1.33872,0.0639361,All
-0.273476,0.0649351,-1.33242,0.0649351,All
-0.271721,0.0659341,-1.33201,0.0659341,All
-0.269301,0.0669331,-1.32969,0.0669331,All
-0.2688,0.0679321,-1.32294,0.0679321,All
-0.261853,0.0689311,-1.32038,0.0689311,All
-0.261307,0.0699301,-1.30559,0.0699301,All
-0.247729,0.0709291,-1.30534,0.0709291,All
-0.247672,0.0719281,-1.30082,0.0719281,All
-0.246865,0.0729271,-1.28891,0.0729271,All
-0.238301,0.0739261,-1.28701,0.0739261,All
-0.235719,0.0749251,-1.28647,0.0749251,All
-0.234748,0.0759241,-1.28268,0.0759241,All
-0.23444,0.0769231,-1.28149,0.0769231,All
-0.232759,0.0779221,-1.27587,0.0779221,All
-0.232698,0.0789211,-1.2657,0.0789211,All
-0.229028,0.0799201,-1.26501,0.0799201,All
-0.227908,0.0809191,-1.25299,0.0809191,All
-0.227719,0.0819181,-1.25038,0.0819181,All
-0.227106,0.0829171,-1.24775,0.0829171,All
-0.226479,0.0839161,-1.2475,0.0839161,All
-0.225033,0.0849151,-1.23444,0.0849151,All
-0.224624,0.0859141,-1.2294,0.0859141,All
-0.223956,0.0869131,-1.22751,0.0869131,All
-0.223656,0.0879121,-1.22296,0.0879121,All
-0.22335,0.0889111,-1.22287,0.0889111,All
-0.218746,0.0899101,-1.22165,0.0899101,All
-0.218441,0.0909091,-1.22008,0.0909091,All
-0.21449,0.0919081,-1.21545,0.0919081,All
-0.214192,0.0929071,-1.21431,0.0929071,All
-0.213522,0.0939061,-1.21297,0.0939061,All
-0.213257,0.0949051,-1.21092,0.0949051,All
-0.212822,0.0959041,-1.20524,0.0959041,All
-0.212766,0.0969031,-1.20162,0.0969031,All
-0.212468,0.0979021,-1.19813,0.0979021,All
-0.211997,0.0989011,-1.19759,0.0989011,All
-0.211921,0.0999001,-1.19539,0.0999001,All
-0.211881,0.100899,-1.18607,0.100899,All
-0.209803,0.101898,-1.17991,0.101898,All
-0.208497,0.102897,-1.17595,0.102897,All
-0.206608,0.103896,-1.16857,0.103896,All
-0.205816,0.104895,-1.16764,0.104895,All
-0.204083,0.105894,-1.16287,0.105894,All
-0.19943,0.106893,-1.16021,0.106893,All
-0.199152,0.107892,-1.15721,0.107892,All
-0.198556,0.108891,-1.15475,0.108891,All
-0.196445,0.10989,-1.14687,0.10989,All
-0.195552,0.110889,-1.14238,0.110889,All
-0.195551,0.111888,-1.13206,0.111888,All
-0.193807,0.112887,-1.13002,0.112887,All
-0.192842,0.113886,-1.12995,0.113886,All
-0.192482,0.114885,-1.12948,0.114885,All
-0.192235,0.115884,-1.12939,0.115884,All
-0.19159,0.116883,-1.12756,0.116883,All
-0.190224,0.117882,-1.11713,0.117882,All
-0.186448,0.118881,-1.11497,0.118881,All
-0.185423,0.11988,-1.10601,0.11988,All
-0.185113,0.120879,-1.10157,0.120879,All
-0.184281,0.121878,-1.09946,0.121878,All
-0.18338,0.122877,-1.09226,0.122877,All
-0.182855,0.123876,-1.09124,0.123876,All
-0.181427,0.124875,-1.08571,0.124875,All
-0.18097,0.125874,-1.08183,0.125874,All
-0.180798,0.126873,-1.07883,0.126873,All
-0.17999,0.127872,-1.07044,0.127872,All
-0.179894,0.128871,-1.06669,0.128871,All
-0.179641,0.12987,-1.06644,0.12987,All
-0.1796,0.130869,-1.06475,0.130869,All
-0.177611,0.131868,-1.06467,0.131868,All
-0.176824,0.132867,-1.05814,0.132867,All
-0.17594,0.133866,-1.05311,0.133866,All
-0.173307,0.134865,-1.05103,0.134865,All
-0.171987,0.135864,-1.04946,0.135864,All
-0.171886,0.136863,-1.0492,0.136863,All
-0.170821,0.137862,-1.03968,0.137862,All
-0.169507,0.138861,-1.03937,0.138861,All
-0.169279,0.13986,-1.03844,0.13986,All
-0.168631,0.140859,-1.03648,0.140859,All
-0.168554,0.141858,-1.03425,0.141858,All
-0.155648,0.142857,-1.02831,0.142857,All
-0.155338,0.143856,-1.02786,0.143856,All
-0.154681,0.144855,-1.02246,0.144855,All
-0.153907,0.145854,-1.01958,0.145854,All
-0.152466,0.146853,-1.01882,0.146853,All
-0.150188,0.147852,-1.01634,0.147852,All
-0.143969,0.148851,-1.01511,0.148851,All
-0.143849,0.14985,-1.01354,0.14985,All
-0.143145,0.150849,-1.00741,0.150849,All
-0.143014,0.151848,-1.00592,0.151848,All
-0.142821,0.152847,-1.00106,0.152847,All
-0.141742,0.153846,-1.00044,0.153846,All
-0.141565,0.154845,-0.996469,0.154845,All
-0.140467,0.155844,-0.995878,0.155844,All
-0.139213,0.156843,-0.994654,0.156843,All
-0.138397,0.157842,-0.992962,0.157842,All
-0.136895,0.158841,-0.992364,0.158841,All
-0.136476,0.15984,-0.988933,0.15984,All
-0.136397,0.160839,-0.986639,0.160839,All
-0.136236,0.161838,-0.986636,0.161838,All
-0.135329,0.162837,-0.986141,0.162837,All
-0.134994,0.163836,-0.981657,0.163836,All
-0.134171,0.164835,-0.981649,0.164835,All
-0.13387,0.165834,-0.980964,0.165834,All
-0.132718,0.166833,-0.980109,0.166833,All
-0.13169,0.167832,-0.9795,0.167832,All
-0.12925,0.168831,-0.976803,0.168831,All
-0.128602,0.16983,-0.970839,0.16983,All
-0.128425,0.170829,-0.967987,0.170829,All
-0.126807,0.171828,-0.963267,0.171828,All
-0.126496,0.172827,-0.962855,0.172827,All
-0.125784,0.173826,-0.962409,0.173826,All
-0.124168,0.174825,-0.95886,0.174825,All
-0.124116,0.175824,-0.956241,0.175824,All
-0.123877,0.176823,-0.952041,0.176823,All
-0.123571,0.177822,-0.95196,0.177822,All
-0.122775,0.178821,-0.948166,0.178821,All
-0.122302,0.17982,-0.947932,0.17982,All
-0.118619,0.180819,-0.945756,0.180819,All
-0.116814,0.181818,-0.942802,0.181818,All
-0.116657,0.182817,-0.94009,0.182817,All
-0.115729,0.183816,-0.937977,0.183816,All
-0.115201,0.184815,-0.937116,0.184815,All
-0.114702,0.185814,-0.935268,0.185814,All
-0.114556,0.186813,-0.930358,0.186813,All
-0.114421,0.187812,-0.930227,0.187812,All
-0.113733,0.188811,-0.921911,0.188811,All
-0.113635,0.18981,-0.921578,0.18981,All
-0.113367,0.190809,-0.920839,0.190809,All
-0.113214,0.191808,-0.917778,0.191808,All
-0.112392,0.192807,-0.90581,0.192807,All
-0.109295,0.193806,-0.894801,0.193806,All
-0.108499,0.194805,-0.891507,0.194805,All
-0.10428,0.195804,-0.889625,0.195804,All
-0.101752,0.196803,-0.889563,0.196803,All
-0.101705,0.197802,-0.887794,0.197802,All
-0.100853,0.198801,-0.884397,0.198801,All
-0.0997375,0.1998,-0.883367,0.1998,All
-0.098591,0.200799,-0.882429,0.200799,All
-0.0981019,0.201798,-0.879,0.201798,All
-0.0976078,0.202797,-0.878974,0.202797,All
-0.0972922,0.203796,-0.875635,0.203796,All
-0.0967074,0.204795,-0.869465,0.204795,All
-0.0955882,0.205794,-0.866963,0.205794,All
-0.0949219,0.206793,-0.866634,0.206793,All
-0.0947408,0.207792,-0.86251,0.207792,All
-0.094294,0.208791,-0.861677,0.208791,All
-0.0942525,0.20979,-0.859085,0.20979,All
-0.0937824,0.210789,-0.857266,0.210789,All
-0.0933423,0.211788,-0.856026,0.211788,All
-0.0919262,0.212787,-0.85374,0.212787,All
-0.0917372,0.213786,-0.84645,0.213786,All
-0.0909548,0.214785,-0.846337,0.214785,All
-0.0883898,0.215784,-0.844812,0.215784,All
-0.0873882,0.216783,-0.843898,0.216783,All
-0.0856692,0.217782,-0.83804,0.217782,All
-0.0846943,0.218781,-0.831566,0.218781,All
-0.0844992,0.21978,-0.816469,0.21978,All
-0.0839198,0.220779,-0.80937,0.220779,All
-0.0823293,0.221778,-0.808645,0.221778,All
-0.0819096,0.222777,-0.808,0.222777,All
-0.0815301,0.223776,-0.807935,0.223776,All
-0.0815083,0.224775,-0.806242,0.224775,All
-0.0814089,0.225774,-0.805288,0.225774,All
-0.0800575,0.226773,-0.804823,0.226773,All
-0.0793871,0.227772,-0.804776,0.227772,All
-0.0779172,0.228771,-0.803864,0.228771,All
-0.0771878,0.22977,-0.802415,0.22977,All
-0.0725112,0.230769,-0.802068,0.230769,All
-0.0718268,0.231768,-0.802043,0.231768,All
-0.0703502,0.232767,-0.80083,0.232767,All
-0.0703269,0.233766,-0.800708,0.233766,All
-0.0698358,0.234765,-0.79637,0.234765,All
-0.069456,0.235764,-0.792105,0.235764,All
-0.0690272,0.236763,-0.79195,0.236763,All
-0.0686157,0.237762,-0.788817,0.237762,All
-0.0676376,0.238761,-0.788414,0.238761,All
-0.0676074,0.23976,-0.783262,0.23976,All
-0.0666088,0.240759,-0.779428,0.240759,All
-0.0665116,0.241758,-0.778004,0.241758,All
-0.0662336,0.242757,-0.777175,0.242757,All
-0.063796,0.243756,-0.774753,0.243756,All
-0.0634818,0.244755,-0.771813,0.244755,All
-0.0627569,0.245754,-0.771204,0.245754,All
-0.0624986,0.246753,-0.770259,0.246753,All
-0.0623686,0.247752,-0.769477,0.247752,All
-0.0623165,0.248751,-0.768846,0.248751,All
-0.0622318,0.24975,-0.768414,0.24975,All
-0.060743,0.250749,-0.76795,0.250749,All
-0.0595214,0.251748,-0.766645,0.251748,All
-0.0593814,0.252747,-0.766385,0.252747,All
-0.0591922,0.253746,-0.766103,0.253746,All
-0.0587929,0.254745,-0.764921,0.254745,All
-0.0583822,0.255744,-0.7649,0.255744,All
-0.0578534,0.256743,-0.763488,0.256743,All
-0.0572664,0.257742,-0.760695,0.257742,All
-0.0562283,0.258741,-0.758675,0.258741,All
-0.0560815,0.25974,-0.756844,0.25974,All
-0.0558141,0.260739,-0.752754,0.260739,All
-0.0551498,0.261738,-0.752668,0.261738,All
-0.054981,0.262737,-0.751606,0.262737,All
-0.0546986,0.263736,-0.747811,0.263736,All
-0.0541111,0.264735,-0.746773,0.264735,All
-0.0538432,0.265734,-0.742912,0.265734,All
-0.0535231,0.266733,-0.740652,0.266733,All
-0.053016,0.267732,-0.736364,0.267732,All
-0.0528084,0.268731,-0.734326,0.268731,All
-0.0527402,0.26973,-0.733489,0.26973,All
-0.0522944,0.270729,-0.729043,0.270729,All
-0.05225,0.271728,-0.728364,0.271728,All
-0.0521645,0.272727,-0.727729,0.272727,All
-0.052001,0.273726,-0.722983,0.273726,All
-0.0514785,0.274725,-0.721547,0.274725,All
-0.0509572,0.275724,-0.719592,0.275724,All
-0.0504735,0.276723,-0.717246,0.276723,All
-0.0503862,0.277722,-0.713618,0.277722,All
-0.0500793,0.278721,-0.711301,0.278721,All
-0.0496991,0.27972,-0.710944,0.27972,All
-0.0495903,0.280719,-0.70586,0.280719,All
-0.0491393,0.281718,-0.704372,0.281718,All
-0.0489873,0.282717,-0.701931,0.282717,All
-0.0485522,0.283716,-0.701679,0.283716,All
-0.0484699,0.284715,-0.699115,0.284715,All
-0.0479322,0.285714,-0.698155,0.285714,All
-0.0477799,0.286713,-0.694619,0.286713,All
-0.0473124,0.287712,-0.694125,0.287712,All
-0.0470584,0.288711,-0.690835,0.288711,All
-0.0468914,0.28971,-0.690712,0.28971,All
-0.046395,0.290709,-0.684522,0.290709,All
-0.0460879,0.291708,-0.684216,0.291708,All
-0.0460734,0.292707,-0.678081,0.292707,All
-0.0460421,0.293706,-0.67621,0.293706,All
-0.0453526,0.294705,-0.672009,0.294705,All
-0.0450261,0.295704,-0.67047,0.295704,All
-0.0446515,0.296703,-0.670195,0.296703,All
-0.044329,0.297702,-0.666276,0.297702,All
-0.0433233,0.298701,-0.664026,0.298701,All
-0.0432823,0.2997,-0.663834,0.2997,All
-0.0428424,0.300699,-0.66303,0.300699,All
-0.0426608,0.301698,-0.661414,0.301698,All
-0.0422081,0.302697,-0.660765,0.302697,All
-0.0401856,0.303696,-0.660415,0.303696,All
-0.0400376,0.304695,-0.659473,0.304695,All
-0.0399254,0.305694,-0.655597,0.305694,All
-0.0397695,0.306693,-0.655377,0.306693,All
-0.0393916,0.307692,-0.65333,0.307692,All
-0.0379648,0.308691,-0.651593,0.308691,All
-0.0376575,0.30969,-0.651323,0.30969,All
-0.0375871,0.310689,-0.650753,0.310689,All
-0.0374375,0.311688,-0.646921,0.311688,All
-0.0370758,0.312687,-0.641786,0.312687,All
-0.0364286,0.313686,-0.639447,0.313686,All
-0.0361913,0.314685,-0.638277,0.314685,All
-0.0360674,0.315684,-0.636584,0.315684,All
-0.0359103,0.316683,-0.636378,0.316683,All
-0.0358938,0.317682,-0.636227,0.317682,All
-0.035797,0.318681,-0.634991,0.318681,All
-0.0354578,0.31968,-0.632395,0.31968,All
-0.0349765,0.320679,-0.631093,0.320679,All
-0.0349409,0.321678,-0.630029,0.321678,All
-0.0348564,0.322677,-0.628517,0.322677,All
-0.0343119,0.323676,-0.626196,0.323676,All
-0.0339338,0.324675,-0.625832,0.324675,All
-0.033886,0.325674,-0.624776,0.325674,All
-0.0334961,0.326673,-0.623042,0.326673,All
-0.0333292,0.327672,-0.623015,0.327672,All
-0.0332423,0.328671,-0.620886,0.328671,All
-0.0329862,0.32967,-0.618908,0.32967,All
-0.0326936,0.330669,-0.616692,0.330669,All
-0.0326256,0.331668,-0.614956,0.331668,All
-0.0324501,0.332667,-0.612434,0.332667,All
-0.0314005,0.333666,-0.610808,0.333666,All
-0.0311842,0.334665,-0.609557,0.334665,All
-0.031084,0.335664,-0.608018,0.335664,All
-0.0307845,0.336663,-0.605715,0.336663,All
-0.0305614,0.337662,-0.603901,0.337662,All
-0.0301563,0.338661,-0.600666,0.338661,All
-0.0298561,0.33966,-0.590366,0.33966,All
-0.0298273,0.340659,-0.589957,0.340659,All
-0.0297685,0.341658,-0.584788,0.341658,All
-0.0296963,0.342657,-0.58392,0.342657,All
-0.0292933,0.343656,-0.580209,0.343656,All
-0.0291327,0.344655,-0.579925,0.344655,All
-0.0290744,0.345654,-0.579702,0.345654,All
-0.0290646,0.346653,-0.578397,0.346653,All
-0.0288176,0.347652,-0.577719,0.347652,All
-0.0286474,0.348651,-0.576608,0.348651,All
-0.0285841,0.34965,-0.57618,0.34965,All
-0.0284615,0.350649,-0.573187,0.350649,All
-0.0283991,0.351648,-0.572861,0.351648,All
-0.0280619,0.352647,-0.570749,0.352647,All
-0.0277733,0.353646,-0.568727,0.353646,All
-0.0277129,0.354645,-0.568277,0.354645,All
-0.0274989,0.355644,-0.567917,0.355644,All
-0.0274792,0.356643,-0.567768,0.356643,All
-0.027466,0.357642,-0.567371,0.357642,All
-0.0272584,0.358641,-0.565059,0.358641,All
-0.0272487,0.35964,-0.557081,0.35964,All
-0.0269658,0.360639,-0.554223,0.360639,All
-0.0269644,0.361638,-0.550636,0.361638,All
-0.0267727,0.362637,-0.549384,0.362637,All
-0.0263539,0.363636,-0.545648,0.363636,All
-0.0258765,0.364635,-0.544774,0.364635,All
-0.0257775,0.365634,-0.544464,0.365634,All
-0.0256769,0.366633,-0.544115,0.366633,All
-0.0253973,0.367632,-0.541791,0.367632,All
-0.0253289,0.368631,-0.538567,0.368631,All
-0.0245904,0.36963,-0.537413,0.36963,All
-0.0242601,0.370629,-0.53698,0.370629,All
-0.0233956,0.371628,-0.536741,0.371628,All
-0.0232876,0.372627,-0.536258,0.372627,All
-0.0231712,0.373626,-0.536103,0.373626,All
-0.0231559,0.374625,-0.533906,0.374625,All
-0.0231334,0.375624,-0.532248,0.375624,All
-0.0230987,0.376623,-0.529816,0.376623,All
-0.0229445,0.377622,-0.528048,0.377622,All
-0.0227716,0.378621,-0.526173,0.378621,All
-0.0226751,0.37962,-0.525461,0.37962,All
-0.0226003,0.380619,-0.52536,0.380619,All
-0.0225482,0.381618,-0.524847,0.381618,All
-0.0225384,0.382617,-0.523955,0.382617,All
-0.022457,0.383616,-0.523378,0.383616,All
-0.0221406,0.384615,-0.522251,0.384615,All
-0.0221306,0.385614,-0.52196,0.385614,All
-0.0217539,0.386613,-0.521461,0.386613,All
-0.0212169,0.387612,-0.518842,0.387612,All
-0.0208473,0.388611,-0.518812,0.388611,All
-0.0205626,0.38961,-0.517481,0.38961,All
-0.0204533,0.390609,-0.516061,0.390609,All
-0.0204369,0.391608,-0.515832,0.391608,All
-0.0204304,0.392607,-0.51494,0.392607,All
-0.0204268,0.393606,-0.514588,0.393606,All
-0.0203694,0.394605,-0.511462,0.394605,All
-0.0201534,0.395604,-0.507401,0.395604,All
-0.020076,0.396603,-0.50623,0.396603,All
-0.0199626,0.397602,-0.506091,0.397602,All
-0.0199507,0.398601,-0.502966,0.398601,All
-0.0199177,0.3996,-0.500649,0.3996,All
-0.0194912,0.400599,-0.496691,0.400599,All
-0.0191795,0.401598,-0.495167,0.401598,All
-0.0190902,0.402597,-0.491459,0.402597,All
-0.0188567,0.403596,-0.491299,0.403596,All
-0.0187822,0.404595,-0.491243,0.404595,All
-0.0186393,0.405594,-0.490846,0.405594,All
-0.0185657,0.406593,-0.48879,0.406593,All
-0.0184889,0.407592,-0.488351,0.407592,All
-0.018473,0.408591,-0.486975,0.408591,All
-0.0183708,0.40959,-0.482324,0.40959,All
-0.0182635,0.410589,-0.48077,0.410589,All
-0.0180855,0.411588,-0.47905,0.411588,All
-0.0178319,0.412587,-0.476057,0.412587,All
-0.0173295,0.413586,-0.47477,0.413586,All
-0.0172466,0.414585,-0.474319,0.414585,All
-0.0168886,0.415584,-0.473973,0.415584,All
-0.016428,0.416583,-0.465967,0.416583,All
-0.0163225,0.417582,-0.458846,0.417582,All
-0.0160813,0.418581,-0.457811,0.418581,All
-0.0159635,0.41958,-0.45742,0.41958,All
-0.015875,0.420579,-0.45609,0.420579,All
-0.0157962,0.421578,-0.455004,0.421578,All
-0.0155115,0.422577,-0.451495,0.422577,All
-0.0155089,0.423576,-0.450992,0.423576,All
-0.0154735,0.424575,-0.449942,0.424575,All
-0.0151776,0.425574,-0.448987,0.425574,All
-0.0150877,0.426573,-0.448977,0.426573,All
-0.0149237,0.427572,-0.448786,0.427572,All
-0.0148006,0.428571,-0.446728,0.428571,All
-0.0147806,0.42957,-0.445884,0.42957,All
-0.0147311,0.430569,-0.442847,0.430569,All
-0.0146917,0.431568,-0.440424,0.431568,All
-0.0144315,0.432567,-0.440059,0.432567,All
-0.0143109,0.433566,-0.439147,0.433566,All
-0.0142222,0.434565,-0.436937,0.434565,All
-0.0142142,0.435564,-0.43561,0.435564,All
-0.0140337,0.436563,-0.43529,0.436563,All
-0.0138746,0.437562,-0.434755,0.437562,All
-0.013832,0.438561,-0.432642,0.438561,All
-0.0138106,0.43956,-0.431252,0.43956,All
-0.0137995,0.440559,-0.431006,0.440559,All
-0.0137258,0.441558,-0.428375,0.441558,All
-0.0137245,0.442557,-0.427333,0.442557,All
-0.0137164,0.443556,-0.426978,0.443556,All
-0.0137002,0.444555,-0.425908,0.444555,All
-0.0134619,0.445554,-0.418062,0.445554,All
-0.0134614,0.446553,-0.415228,0.446553,All
-0.0134466,0.447552,-0.414974,0.447552,All
-0.0134119,0.448551,-0.411338,0.448551,All
-0.0133671,0.44955,-0.411071,0.44955,All
-0.0131564,0.450549,-0.408541,0.450549,All
-0.013153,0.451548,-0.405996,0.451548,All
-0.0131171,0.452547,-0.405709,0.452547,All
-0.0130705,0.453546,-0.4055,0.453546,All
-0.0129563,0.454545,-0.404174,0.454545,All
-0.0129189,0.455544,-0.403127,0.455544,All
-0.0127681,0.456543,-0.402563,0.456543,All
-0.0127454,0.457542,-0.401483,0.457542,All
-0.012694,0.458541,-0.398984,0.458541,All
-0.0125364,0.45954,-0.398027,0.45954,All
-0.0124439,0.460539,-0.396163,0.460539,All
-0.0124346,0.461538,-0.395415,0.461538,All
-0.0123473,0.462537,-0.393778,0.462537,All
-0.0122554,0.463536,-0.3921,0.463536,All
-0.0122503,0.464535,-0.389534,0.464535,All
-0.0121907,0.465534,-0.389223,0.465534,All
-0.012135,0.466533,-0.388214,0.466533,All
-0.0120681,0.467532,-0.388075,0.467532,All
-0.0119884,0.468531,-0.387512,0.468531,All
-0.0118379,0.46953,-0.38729,0.46953,All
-0.0118169,0.470529,-0.387245,0.470529,All
-0.0116695,0.471528,-0.386953,0.471528,All
-0.011666,0.472527,-0.38629,0.472527,All
-0.011626,0.473526,-0.382175,0.473526,All
-0.0115041,0.474525,-0.380165,0.474525,All
-0.0114751,0.475524,-0.379177,0.475524,All
-0.0114114,0.476523,-0.37896,0.476523,All
-0.0113791,0.477522,-0.377138,0.477522,All
-0.0113024,0.478521,-0.375015,0.478521,All
-0.0112518,0.47952,-0.373163,0.47952,All
-0.0108544,0.480519,-0.372954,0.480519,All
-0.0108335,0.481518,-0.37246,0.481518,All
-0.0108321,0.482517,-0.370382,0.482517,All
-0.0108229,0.483516,-0.369162,0.483516,All
-0.0107629,0.484515,-0.369114,0.484515,All
-0.010715,0.485514,-0.365824,0.485514,All
-0.0106428,0.486513,-0.365071,0.486513,All
-0.0104787,0.487512,-0.363286,0.487512,All
-0.0103007,0.488511,-0.362914,0.488511,All
-0.0101117,0.48951,-0.361669,0.48951,All
-0.0100873,0.490509,-0.359968,0.490509,All
-0.0100396,0.491508,-0.358391,0.491508,All
-0.0100383,0.492507,-0.356306,0.492507,All
-0.00994416,0.493506,-0.356136,0.493506,All
-0.00983621,0.494505,-0.355003,0.494505,All
-0.00965487,0.495504,-0.354522,0.495504,All
-0.00963592,0.496503,-0.354145,0.496503,All
-0.00927495,0.497502,-0.353917,0.497502,All
-0.00911008,0.498501,-0.353225,0.498501,All
-0.00906113,0.4995,-0.352234,0.4995,All
-0.00906003,0.5005,-0.351918,0.5005,All
-0.00901433,0.501499,-0.350658,0.501499,All
-0.00900382,0.502498,-0.350526,0.502498,All
-0.00888385,0.503497,-0.347966,0.503497,All
-0.00884378,0.504496,-0.347959,0.504496,All
-0.00856947,0.505495,-0.344,0.505495,All
-0.00856034,0.506494,-0.342208,0.506494,All
-0.00854031,0.507493,-0.342022,0.507493,All
-0.00849855,0.508492,-0.341057,0.508492,All
-0.00848184,0.509491,-0.340612,0.509491,All
-0.00845035,0.51049,-0.339383,0.51049,All
-0.00827996,0.511489,-0.336186,0.511489,All
-0.00821614,0.512488,-0.335793,0.512488,All
-0.00815651,0.513487,-0.334276,0.513487,All
-0.00815263,0.514486,-0.334074,0.514486,All
-0.00801135,0.515485,-0.333569,0.515485,All
-0.00777541,0.516484,-0.33308,0.516484,All
-0.00757201,0.517483,-0.332341,0.517483,All
-0.00756329,0.518482,-0.330259,0.518482,All
-0.00752283,0.519481,-0.329749,0.519481,All
-0.00743806,0.52048,-0.329627,0.52048,All
-0.00737798,0.521479,-0.325938,0.521479,All
-0.00704399,0.522478,-0.325872,0.522478,All
-0.00697587,0.523477,-0.323896,0.523477,All
-0.0069293,0.524476,-0.321697,0.524476,All
-0.00681705,0.525475,-0.317787,0.525475,All
-0.00659626,0.526474,-0.316757,0.526474,All
-0.00653965,0.527473,-0.315863,0.527473,All
-0.00650884,0.528472,-0.31574,0.528472,All
-0.00646008,0.529471,-0.315077,0.529471,All
-0.00629522,0.53047,-0.313387,0.53047,All
-0.00619722,0.531469,-0.311872,0.531469,All
-0.00618185,0.532468,-0.310722,0.532468,All
-0.00616359,0.533467,-0.31013,0.533467,All
-0.00614762,0.534466,-0.307341,0.534466,All
-0.00609795,0.535465,-0.305689,0.535465,All
-0.00608202,0.536464,-0.304769,0.536464,All
-0.00603778,0.537463,-0.304105,0.537463,All
-0.00600549,0.538462,-0.303921,0.538462,All
-0.00600068,0.539461,-0.303401,0.539461,All
-0.00598794,0.54046,-0.30252,0.54046,All
-0.00581968,0.541459,-0.302024,0.541459,All
-0.00578142,0.542458,-0.300677,0.542458,All
-0.0055859,0.543457,-0.300344,0.543457,All
-0.00552584,0.544456,-0.300103,0.544456,All
-0.00551843,0.545455,-0.299045,0.545455,All
-0.00547682,0.546454,-0.298067,0.546454,All
-0.00539853,0.547453,-0.296874,0.547453,All
-0.00509464,0.548452,-0.293116,0.548452,All
-0.00501506,0.549451,-0.288556,0.549451,All
-0.00486641,0.55045,-0.288406,0.55045,All
-0.00481136,0.551449,-0.286891,0.551449,All
-0.00472931,0.552448,-0.286336,0.552448,All
-0.00463604,0.553447,-0.283163,0.553447,All
-0.00463236,0.554446,-0.282347,0.554446,All
-0.00433122,0.555445,-0.282332,0.555445,All
-0.00431445,0.556444,-0.276838,0.556444,All
-0.00422584,0.557443,-0.276622,0.557443,All
-0.00420355,0.558442,-0.272627,0.558442,All
-0.00420075,0.559441,-0.272231,0.559441,All
-0.00409567,0.56044,-0.271171,0.56044,All
-0.00397699,0.561439,-0.271066,0.561439,All
-0.00395188,0.562438,-0.270114,0.562438,All
-0.00384495,0.563437,-0.269915,0.563437,All
-0.0037941,0.564436,-0.269047,0.564436,All
-0.00377584,0.565435,-0.26869,0.565435,All
-0.0037301,0.566434,-0.267377,0.566434,All
-0.00366372,0.567433,-0.266539,0.567433,All
-0.00364715,0.568432,-0.266006,0.568432,All
-0.00364419,0.569431,-0.265494,0.569431,All
-0.00362435,0.57043,-0.262463,0.57043,All
-0.00354027,0.571429,-0.26037,0.571429,All
-0.00353972,0.572428,-0.258845,0.572428,All
-0.00343229,0.573427,-0.256724,0.573427,All
-0.00314683,0.574426,-0.255945,0.574426,All
-0.0029979,0.575425,-0.253511,0.575425,All
-0.00297294,0.576424,-0.252772,0.576424,All
-0.00293202,0.577423,-0.252262,0.577423,All
-0.00293174,0.578422,-0.251809,0.578422,All
-0.00274732,0.579421,-0.251384,0.579421,All
-0.00267276,0.58042,-0.250388,0.58042,All
-0.00263347,0.581419,-0.249868,0.581419,All
-0.00260979,0.582418,-0.249769,0.582418,All
-0.00259876,0.583417,-0.248799,0.583417,All
-0.00257711,0.584416,-0.24581,0.584416,All
-0.00242489,0.585415,-0.245175,0.585415,All
-0.00229522,0.586414,-0.243534,0.586414,All
-0.00223156,0.587413,-0.240949,0.587413,All
-0.00222406,0.588412,-0.240562,0.588412,All
-0.00220595,0.589411,-0.237085,0.589411,All
-0.00217357,0.59041,-0.235154,0.59041,All
-0.00216018,0.591409,-0.234785,0.591409,All
-0.00205043,0.592408,-0.232511,0.592408,All
-0.00197249,0.593407,-0.232414,0.593407,All
-0.0019371,0.594406,-0.232195,0.594406,All
-0.00192558,0.595405,-0.230778,0.595405,All
-0.00192409,0.596404,-0.22945,0.596404,All
-0.00183278,0.597403,-0.228591,0.597403,All
-0.00179346,0.598402,-0.227468,0.598402,All
-0.00174333,0.599401,-0.226646,0.599401,All
-0.00163293,0.6004,-0.22585,0.6004,All
-0.00162982,0.601399,-0.22522,0.601399,All
-0.00140369,0.602398,-0.224995,0.602398,All
-0.00123168,0.603397,-0.223959,0.603397,All
-0.00120809,0.604396,-0.221765,0.604396,All
-0.00118442,0.605395,-0.22145,0.605395,All
-0.00117258,0.606394,-0.217004,0.606394,All
-0.00110991,0.607393,-0.214772,0.607393,All
-0.00109046,0.608392,-0.212104,0.608392,All
-0.00106468,0.609391,-0.211446,0.609391,All
-0.00105596,0.61039,-0.210989,0.61039,All
-0.00100357,0.611389,-0.210616,0.611389,All
-0.000926891,0.612388,-0.210365,0.612388,All
-0.000916786,0.613387,-0.2094,0.613387,All
-0.000893022,0.614386,-0.207693,0.614386,All
-0.000787757,0.615385,-0.207649,0.615385,All
-0.000711502,0.616384,-0.206668,0.616384,All
-0.00066301,0.617383,-0.205891,0.617383,All
-0.000653469,0.618382,-0.205651,0.618382,All
-0.000632507,0.619381,-0.205183,0.619381,All
-0.000631301,0.62038,-0.202331,0.62038,All
-0.000607015,0.621379,-0.202247,0.621379,All
-0.000588766,0.622378,-0.200817,0.622378,All
-0.000500595,0.623377,-0.198022,0.623377,All
-0.000476529,0.624376,-0.197849,0.624376,All
-0.000449669,0.625375,-0.19773,0.625375,All
-0.000439997,0.626374,-0.194082,0.626374,All
-0.000431446,0.627373,-0.193214,0.627373,All
-0.000403581,0.628372,-0.189934,0.628372,All
-0.000337546,0.629371,-0.188789,0.629371,All
-0.000333376,0.63037,-0.188722,0.63037,All
-0.000263373,0.631369,-0.188564,0.631369,All
-0.000253334,0.632368,-0.18856,0.632368,All
-0.000243966,0.633367,-0.185738,0.633367,All
-0.000195996,0.634366,-0.184754,0.634366,All
-0.000167479,0.635365,-0.181635,0.635365,All
-0.00016209,0.636364,-0.181345,0.636364,All
-0.000152391,0.637363,-0.18098,0.637363,All
-0.000132757,0.638362,-0.1801,0.638362,All
-0.000130359,0.639361,-0.175466,0.639361,All
-0.000100926,0.64036,-0.175465,0.64036,All
-9.90822e-05,0.641359,-0.173065,0.641359,All
-9.22204e-05,0.642358,-0.17049,0.642358,All
-4.52538e-05,0.643357,-0.170367,0.643357,All
1.12115e-05,0.644356,-0.167553,0.644356,All
4.73556e-05,0.645355,-0.165511,0.645355,All
7.45307e-05,0.646354,-0.16209,0.646354,All
9.18848e-05,0.647353,-0.161416,0.647353,All
0.000108398,0.648352,-0.161408,0.648352,All
0.000180986,0.649351,-0.161222,0.649351,All
0.000211368,0.65035,-0.160807,0.65035,All
0.000280825,0.651349,-0.158959,0.651349,All
0.000282838,0.652348,-0.15866,0.652348,All
0.000284676,0.653347,-0.155791,0.653347,All
0.000290077,0.654346,-0.154601,0.654346,All
0.000355126,0.655345,-0.153934,0.655345,All
0.000383586,0.656344,-0.153347,0.656344,All
0.000406243,0.657343,-0.152148,0.657343,All
0.000485333,0.658342,-0.151975,0.658342,All
0.000519783,0.659341,-0.150736,0.659341,All
0.000520341,0.66034,-0.148473,0.66034,All
0.000526924,0.661339,-0.148361,0.661339,All
0.00055598,0.662338,-0.148302,0.662338,All
0.000566986,0.663337,-0.146717,0.663337,All
0.000577158,0.664336,-0.146551,0.664336,All
0.000628735,0.665335,-0.145495,0.665335,All
0.00068993,0.666334,-0.143279,0.666334,All
0.000731308,0.667333,-0.142133,0.667333,All
0.000742955,0.668332,-0.1418,0.668332,All
0.000806218,0.669331,-0.140785,0.669331,All
0.000816757,0.67033,-0.139481,0.67033,All
0.000857312,0.671329,-0.138106,0.671329,All
0.000872083,0.672328,-0.134266,0.672328,All
0.000926971,0.673327,-0.133636,0.673327,All
0.000978268,0.674326,-0.132072,0.674326,All
0.00103457,0.675325,-0.131025,0.675325,All
0.00110961,0.676324,-0.130992,0.676324,All
0.00113012,0.677323,-0.130242,0.677323,All
0.00118225,0.678322,-0.130066,0.678322,All
0.00118878,0.679321,-0.127307,0.679321,All
0.00125892,0.68032,-0.124829,0.68032,All
0.00135329,0.681319,-0.124631,0.681319,All
0.00137822,0.682318,-0.124199,0.682318,All
0.00140389,0.683317,-0.122672,0.683317,All
0.0014744,0.684316,-0.121793,0.684316,All
0.00148761,0.685315,-0.12171,0.685315,All
0.00152628,0.686314,-0.118417,0.686314,All
0.00154136,0.687313,-0.117982,0.687313,All
0.00164437,0.688312,-0.117882,0.688312,All
0.00165225,0.689311,-0.117133,0.689311,All
0.00166861,0.69031,-0.11654,0.69031,All
0.00168567,0.691309,-0.116375,0.691309,All
0.00171769,0.692308,-0.115037,0.692308,All
0.00175879,0.693307,-0.112489,0.693307,All
0.00179596,0.694306,-0.111761,0.694306,All
0.00186127,0.695305,-0.110973,0.695305,All
0.00196092,0.696304,-0.110504,0.696304,All
0.00197814,0.697303,-0.107,0.697303,All
0.00202912,0.698302,-0.105944,0.698302,All
0.00204638,0.699301,-0.105755,0.699301,All
0.00210074,0.7003,-0.101861,0.7003,All
0.00217534,0.701299,-0.0966474,0.701299,All
0.00232185,0.702298,-0.095904,0.702298,All
0.00233809,0.703297,-0.0945853,0.703297,All
0.00249253,0.704296,-0.094543,0.704296,All
0.00249494,0.705295,-0.0938371,0.705295,All
0.0025502,0.706294,-0.093653,0.706294,All
0.00257789,0.707293,-0.0930914,0.707293,All
0.00272513,0.708292,-0.0912671,0.708292,All
0.00283811,0.709291,-0.0882685,0.709291,All
0.0028435,0.71029,-0.0882526,0.71029,All
0.00284967,0.711289,-0.0873691,0.711289,All
0.00290657,0.712288,-0.0871808,0.712288,All
0.00294317,0.713287,-0.0830345,0.713287,All
0.00296234,0.714286,-0.0828206,0.714286,All
0.00304666,0.715285,-0.0823354,0.715285,All
0.00318923,0.716284,-0.0787924,0.716284,All
0.00320786,0.717283,-0.0774915,0.717283,All
0.00333548,0.718282,-0.0752369,0.718282,All
0.00345446,0.719281,-0.073586,0.719281,All
0.00345463,0.72028,-0.0735146,0.72028,All
0.00359304,0.721279,-0.073062,0.721279,All
0.00361456,0.722278,-0.0702148,0.722278,All
0.00365209,0.723277,-0.0695611,0.723277,All
0.00372251,0.724276,-0.0693589,0.724276,All
0.00380771,0.725275,-0.0692762,0.725275,All
0.00382569,0.726274,-0.0679288,0.726274,All
0.00383055,0.727273,-0.0678156,0.727273,All
0.00390051,0.728272,-0.0668258,0.728272,All
0.00407738,0.729271,-0.063186,0.729271,All
0.00420164,0.73027,-0.0599391,0.73027,All
0.00426759,0.731269,-0.0598481,0.731269,All
0.00437676,0.732268,-0.0592108,0.732268,All
0.00443104,0.733267,-0.0589058,0.733267,All
0.00443964,0.734266,-0.0549466,0.734266,All
0.00463408,0.735265,-0.0527448,0.735265,All
0.0046773,0.736264,-0.0526043,0.736264,All
0.00480754,0.737263,-0.0494172,0.737263,All
0.00480867,0.738262,-0.0474427,0.738262,All
0.0049142,0.739261,-0.0474327,0.739261,All
0.00500096,0.74026,-0.0459828,0.74026,All
0.0050074,0.741259,-0.0444894,0.741259,All
0.00512333,0.742258,-0.0416821,0.742258,All
0.00524087,0.743257,-0.0398011,0.743257,All
0.00563928,0.744256,-0.0376692,0.744256,All
0.00597989,0.745255,-0.036743,0.745255,All
0.00606694,0.746254,-0.0362368,0.746254,All
0.00611486,0.747253,-0.0351467,0.747253,All
0.00616377,0.748252,-0.0347756,0.748252,All
0.00622103,0.749251,-0.0343758,0.749251,All
0.00623653,0.75025,-0.0339464,0.75025,All
0.00636061,0.751249,-0.0335201,0.751249,All
0.00638369,0.752248,-0.031848,0.752248,All
0.00646219,0.753247,-0.0300956,0.753247,All
0.006816,0.754246,-0.0296618,0.754246,All
0.00695628,0.755245,-0.028694,0.755245,All
0.00728725,0.756244,-0.026587,0.756244,All
0.00753561,0.757243,-0.0249815,0.757243,All
0.00770079,0.758242,-0.024597,0.758242,All
0.00781168,0.759241,-0.0243299,0.759241,All
0.00782658,0.76024,-0.023245,0.76024,All
0.00787999,0.761239,-0.0232387,0.761239,All
0.00794214,0.762238,-0.0206547,0.762238,All
0.00814873,0.763237,-0.0177546,0.763237,All
0.0082133,0.764236,-0.0175027,0.764236,All
0.00824568,0.765235,-0.0165162,0.765235,All
0.00847572,0.766234,-0.0152751,0.766234,All
0.00850174,0.767233,-0.0148549,0.767233,All
0.00875232,0.768232,-0.0144486,0.768232,All
0.00875238,0.769231,-0.0131018,0.769231,All
0.00885567,0.77023,-0.0126889,0.77023,All
0.00900203,0.771229,-0.0125583,0.771229,All
0.00921546,0.772228,-0.0121225,0.772228,All
0.00923365,0.773227,-0.0110389,0.773227,All
0.00931051,0.774226,-0.0104369,0.774226,All
0.00936302,0.775225,-0.00846358,0.775225,All
0.00944599,0.776224,-0.00779254,0.776224,All
0.00972296,0.777223,-0.00773625,0.777223,All
0.00992246,0.778222,-0.00638009,0.778222,All
0.00995754,0.779221,-0.00143591,0.779221,All
0.010166,0.78022,-0.00108431,0.78022,All
0.0105166,0.781219,0.000937332,0.781219,All
0.0105267,0.782218,0.0038769,0.782218,All
0.0106478,0.783217,0.010236,0.783217,All
0.0109891,0.784216,0.0117307,0.784216,All
0.0111903,0.785215,0.013618,0.785215,All
0.0113192,0.786214,0.0138874,0.786214,All
0.011466,0.787213,0.0147504,0.787213,All
0.0114738,0.788212,0.0153742,0.788212,All
0.0115402,0.789211,0.0184182,0.789211,All
0.0116144,0.79021,0.0184836,0.79021,All
0.0116896,0.791209,0.0205473,0.791209,All
0.0116959,0.792208,0.0206771,0.792208,All
0.0118294,0.793207,0.0214605,0.793207,All
0.011849,0.794206,0.0216353,0.794206,All
0.0120061,0.795205,0.0240138,0.795205,All
0.0121634,0.796204,0.0252022,0.796204,All
0.0126934,0.797203,0.0266745,0.797203,All
0.0127759,0.798202,0.029501,0.798202,All
0.012856,0.799201,0.0323301,0.799201,All
0.013161,0.8002,0.0325197,0.8002,All
0.0135582,0.801199,0.032829,0.801199,All
0.0135834,0.802198,0.0341026,0.802198,All
0.0137367,0.803197,0.0342362,0.803197,All
0.0139283,0.804196,0.0389172,0.804196,All
0.0143574,0.805195,0.0395485,0.805195,All
0.0144035,0.806194,0.0406735,0.806194,All
0.014942,0.807193,0.0407611,0.807193,All
0.0150878,0.808192,0.0425291,0.808192,All
0.0151517,0.809191,0.0441757,0.809191,All
0.0153019,0.81019,0.0482535,0.81019,All
0.01542,0.811189,0.0486385,0.811189,All
0.0154282,0.812188,0.0501144,0.812188,All
0.0155843,0.813187,0.051205,0.813187,All
0.0157316,0.814186,0.0521847,0.814186,All
0.0159368,0.815185,0.0557552,0.815185,All
0.0162403,0.816184,0.0569302,0.816184,All
0.0162946,0.817183,0.0571689,0.817183,All
0.0165931,0.818182,0.0573035,0.818182,All
0.0169704,0.819181,0.0583287,0.819181,All
0.0172319,0.82018,0.0588335,0.82018,All
0.0174498,0.821179,0.0592482,0.821179,All
0.0174787,0.822178,0.0601698,0.822178,All
0.0175268,0.823177,0.0605716,0.823177,All
0.0176723,0.824176,0.0616958,0.824176,All
0.0183416,0.825175,0.0620188,0.825175,All
0.019385,0.826174,0.0625263,0.826174,All
0.0193877,0.827173,0.0633015,0.827173,All
0.0194637,0.828172,0.0667012,0.828172,All
0.0198625,0.829171,0.0674496,0.829171,All
0.020002,0.83017,0.0684393,0.83017,All
0.0200726,0.831169,0.0717098,0.831169,All
0.021104,0.832168,0.0717288,0.832168,All
0.0213151,0.833167,0.0729842,0.833167,All
0.0213292,0.834166,0.077233,0.834166,All
0.0224337,0.835165,0.0772418,0.835165,All
0.0233215,0.836164,0.0774607,0.836164,All
0.0233396,0.837163,0.0794989,0.837163,All
0.0236343,0.838162,0.0795884,0.838162,All
0.0237912,0.839161,0.0798062,0.839161,All
0.0239958,0.84016,0.0870467,0.84016,All
0.0241705,0.841159,0.087447,0.841159,All
0.0242436,0.842158,0.0902005,0.842158,All
0.0246622,0.843157,0.0940829,0.843157,All
0.0254278,0.844156,0.103561,0.844156,All
0.025983,0.845155,0.10788,0.845155,All
0.0270345,0.846154,0.109194,0.846154,All
0.0274311,0.847153,0.111276,0.847153,All
0.0279622,0.848152,0.111789,0.848152,All
0.0286649,0.849151,0.119159,0.849151,All
0.029532,0.85015,0.11937,0.85015,All
0.0298149,0.851149,0.126656,0.851149,All
0.0300902,0.852148,0.127464,0.852148,All
0.0302689,0.853147,0.128892,0.853147,All
0.0306877,0.854146,0.133308,0.854146,All
0.0310568,0.855145,0.138212,0.855145,All
0.0315525,0.856144,0.138693,0.856144,All
0.0317613,0.857143,0.140143,0.857143,All
0.0323044,0.858142,0.140212,0.858142,All
0.0326856,0.859141,0.14444,0.859141,All
0.0330502,0.86014,0.146106,0.86014,All
0.0333131,0.861139,0.14901,0.861139,All
0.0335071,0.862138,0.149032,0.862138,All
0.0335197,0.863137,0.152148,0.863137,All
0.034566,0.864136,0.15379,0.864136,All
0.0348581,0.865135,0.15517,0.865135,All
0.0350663,0.866134,0.157204,0.866134,All
0.0351878,0.867133,0.158791,0.867133,All
0.0356436,0.868132,0.162026,0.868132,All
0.035789,0.869131,0.164095,0.869131,All
0.0360408,0.87013,0.164102,0.87013,All
0.0367381,0.871129,0.165164,0.871129,All
0.036768,0.872128,0.167517,0.872128,All
0.0368563,0.873127,0.168101,0.873127,All
0.0371892,0.874126,0.168966,0.874126,All
0.037797,0.875125,0.171513,0.875125,All
0.038058,0.876124,0.172997,0.876124,All
0.0381443,0.877123,0.176881,0.877123,All
0.0383066,0.878122,0.177815,0.878122,All
0.0385431,0.879121,0.17915,0.879121,All
0.0396454,0.88012,0.179603,0.88012,All
0.03968,0.881119,0.179662,0.881119,All
0.040392,0.882118,0.182011,0.882118,All
0.0407544,0.883117,0.182574,0.883117,All
0.0407809,0.884116,0.185085,0.884116,All
0.0417566,0.885115,0.186398,0.885115,All
0.0424214,0.886114,0.188241,0.886114,All
0.0426961,0.887113,0.189154,0.887113,All
0.0427421,0.888112,0.195651,0.888112,All
0.0433456,0.889111,0.196018,0.889111,All
0.0437708,0.89011,0.196708,0.89011,All
0.0455677,0.891109,0.197417,0.891109,All
0.0464271,0.892108,0.200535,0.892108,All
0.0466795,0.893107,0.202086,0.893107,All
0.0472199,0.894106,0.204015,0.894106,All
0.0488162,0.895105,0.206364,0.895105,All
0.0504794,0.896104,0.208263,0.896104,All
0.0511446,0.897103,0.208516,0.897103,All
0.0515266,0.898102,0.21259,0.898102,All
0.0522881,0.899101,0.214225,0.899101,All
0.0524312,0.9001,0.215471,0.9001,All
0.0535221,0.901099,0.216558,0.901099,All
0.0541353,0.902098,0.219683,0.902098,All
0.0550816,0.903097,0.226109,0.903097,All
0.0551691,0.904096,0.233034,0.904096,All
0.0557911,0.905095,0.235287,0.905095,All
0.0559862,0.906094,0.239253,0.906094,All
0.060967,0.907093,0.241216,0.907093,All
0.0615688,0.908092,0.243597,0.908092,All
0.0624717,0.909091,0.247891,0.909091,All
0.0629077,0.91009,0.248088,0.91009,All
0.0636781,0.911089,0.248679,0.911089,All
0.0642879,0.912088,0.249143,0.912088,All
0.0651341,0.913087,0.249378,0.913087,All
0.0663581,0.914086,0.250319,0.914086,All
0.066406,0.915085,0.253195,0.915085,All
0.0670631,0.916084,0.253424,0.916084,All
0.0674921,0.917083,0.256125,0.917083,All
0.0679124,0.918082,0.256283,0.918082,All
0.0688445,0.919081,0.256605,0.919081,All
0.0699795,0.92008,0.264576,0.92008,All
0.0700357,0.921079,0.265337,0.921079,All
0.0704908,0.922078,0.268051,0.922078,All
0.0709046,0.923077,0.27187,0.923077,All
0.0742013,0.924076,0.272101,0.924076,All
0.0744451,0.925075,0.277503,0.925075,All
0.0754197,0.926074,0.280939,0.926074,All
0.0755523,0.927073,0.281154,0.927073,All
0.0763062,0.928072,0.290145,0.928072,All
0.0781936,0.929071,0.292265,0.929071,All
0.0788158,0.93007,0.294596,0.93007,All
0.0811034,0.931069,0.29626,0.931069,All
0.0879306,0.932068,0.296886,0.932068,All
0.089278,0.933067,0.303874,0.933067,All
0.0900275,0.934066,0.308376,0.934066,All
0.0932064,0.935065,0.313037,0.935065,All
0.0960135,0.936064,0.319589,0.936064,All
0.0988511,0.937063,0.320009,0.937063,All
0.100174,0.938062,0.322951,0.938062,All
0.104095,0.939061,0.334454,0.939061,All
0.107823,0.94006,0.337079,0.94006,All
0.10974,0.941059,0.340149,0.941059,All
0.111343,0.942058,0.343894,0.942058,All
0.113462,0.943057,0.344026,0.943057,All
0.115177,0.944056,0.347015,0.944056,All
0.11799,0.945055,0.350651,0.945055,All
0.123858,0.946054,0.353095,0.946054,All
0.124509,0.947053,0.35561,0.947053,All
0.124792,0.948052,0.356084,0.948052,All
0.128538,0.949051,0.356732,0.949051,All
0.131546,0.95005,0.357655,0.95005,All
0.139958,0.951049,0.362223,0.951049,All
0.14107,0.952048,0.371996,0.952048,All
0.142561,0.953047,0.372797,0.953047,All
0.144131,0.954046,0.372937,0.954046,All
0.145327,0.955045,0.376046,0.955045,All
0.145515,0.956044,0.378157,0.956044,All
0.146673,0.957043,0.379685,0.957043,All
0.150878,0.958042,0.385084,0.958042,All
0.154269,0.959041,0.386708,0.959041,All
0.164958,0.96004,0.392956,0.96004,All
0.167362,0.961039,0.40077,0.961039,All
0.172885,0.962038,0.402784,0.962038,All
0.176177,0.963037,0.403928,0.963037,All
0.176794,0.964036,0.41033,0.964036,All
0.177029,0.965035,0.418402,0.965035,All
0.20252,0.966034,0.420214,0.966034,All
0.206667,0.967033,0.427484,0.967033,All
0.211642,0.968032,0.428402,0.968032,All
0.217189,0.969031,0.441901,0.969031,All
0.231593,0.97003,0.447593,0.97003,All
0.231957,0.971029,0.461367,0.971029,All
0.235982,0.972028,0.4649,0.972028,All
0.242364,0.973027,0.466946,0.973027,All
0.244969,0.974026,0.470851,0.974026,All
0.249321,0.975025,0.477958,0.975025,All
0.252147,0.976024,0.483567,0.976024,All
0.257818,0.977023,0.48704,0.977023,All
0.262704,0.978022,0.487435,0.978022,All
0.272632,0.979021,0.492443,0.979021,All
0.274229,0.98002,0.495225,0.98002,All
0.278051,0.981019,0.510687,0.981019,All
0.278621,0.982018,0.517664,0.982018,All
0.286303,0.983017,0.526131,0.983017,All
0.288107,0.984016,0.558561,0.984016,All
0.29097,0.985015,0.578006,0.985015,All
0.299207,0.986014,0.578576,0.986014,All
0.325148,0.987013,0.581195,0.987013,All
0.327653,0.988012,0.608064,0.988012,All
0.360175,0.989011,0.663177,0.989011,All
0.36053,0.99001,0.670159,0.99001,All
0.372814,0.991009,0.674688,0.991009,All
0.374161,0.992008,0.708745,0.992008,All
0.374424,0.993007,0.7646,0.993007,All
0.408519,0.994006,0.866704,0.994006,All
0.470081,0.995005,0.899712,0.995005,All
0.506049,0.996004,1.10192,0.996004,All
0.550459,0.997003,1.379,0.997003,All
0.573814,0.998002,1.63899,0.998002,All
0.73368,0.999001,1.91554,0.999001,All
1.76551,1,2.13694,1,All
