pwRes_abscissa,pwRes_cdf,iwRes_abscissa,iwRes_cdf,npde_abscissa,npde_cdf,split
-4,0,-4.20917,0.000634115,-4,0,All
-1.98334,0.000634115,-3.70035,0.00126823,-3.31385,0.000634115,All
-1.5841,0.00126823,-3.09466,0.00190235,-2.54884,0.00126823,All
-1.57649,0.00190235,-3.07818,0.00253646,-2.39101,0.00190235,All
-1.57386,0.00253646,-3.04668,0.00317058,-2.30528,0.00253646,All
-1.52656,0.00317058,-3.0183,0.00380469,-2.30096,0.00317058,All
-1.51438,0.00380469,-2.90457,0.00443881,-2.22733,0.00380469,All
-1.4954,0.00443881,-2.69617,0.00507292,-2.15785,0.00443881,All
-1.49118,0.00507292,-2.63405,0.00570704,-2.11508,0.00507292,All
-1.48236,0.00570704,-2.59049,0.00634115,-2.10396,0.00570704,All
-1.46248,0.00634115,-2.33797,0.00697527,-2.10076,0.00634115,All
-1.44829,0.00697527,-2.30313,0.00760938,-2.09231,0.00697527,All
-1.44506,0.00760938,-2.28207,0.0082435,-2.07878,0.00760938,All
-1.40697,0.0082435,-2.26295,0.00887762,-2.07059,0.0082435,All
-1.40294,0.00887762,-1.97047,0.00951173,-2.03362,0.00887762,All
-1.39507,0.00951173,-1.91488,0.0101458,-2.0279,0.00951173,All
-1.39327,0.0101458,-1.85821,0.01078,-2.0137,0.0101458,All
-1.36306,0.01078,-1.83532,0.0114141,-2.01033,0.01078,All
-1.35722,0.0114141,-1.83457,0.0120482,-1.99243,0.0114141,All
-1.33538,0.0120482,-1.7842,0.0126823,-1.92271,0.0120482,All
-1.3313,0.0126823,-1.76031,0.0133164,-1.89108,0.0126823,All
-1.33098,0.0133164,-1.74975,0.0139505,-1.86786,0.0133164,All
-1.33056,0.0139505,-1.72979,0.0145847,-1.86162,0.0139505,All
-1.32486,0.0145847,-1.72921,0.0152188,-1.85555,0.0145847,All
-1.31636,0.0152188,-1.70647,0.0158529,-1.8552,0.0152188,All
-1.30486,0.0158529,-1.67042,0.016487,-1.85511,0.0158529,All
-1.29838,0.016487,-1.66156,0.0171211,-1.80735,0.016487,All
-1.29523,0.0171211,-1.64099,0.0177552,-1.79246,0.0171211,All
-1.29024,0.0177552,-1.56686,0.0183893,-1.78266,0.0177552,All
-1.28957,0.0183893,-1.55847,0.0190235,-1.77566,0.0183893,All
-1.28904,0.0190235,-1.52566,0.0196576,-1.77248,0.0190235,All
-1.28885,0.0196576,-1.46802,0.0202917,-1.77169,0.0196576,All
-1.28435,0.0202917,-1.45283,0.0209258,-1.765,0.0202917,All
-1.28157,0.0209258,-1.43961,0.0215599,-1.74765,0.0209258,All
-1.27777,0.0215599,-1.42296,0.022194,-1.7383,0.0215599,All
-1.27501,0.022194,-1.39996,0.0228282,-1.73304,0.022194,All
-1.27316,0.0228282,-1.37895,0.0234623,-1.72819,0.0228282,All
-1.27192,0.0234623,-1.36105,0.0240964,-1.71354,0.0234623,All
-1.2717,0.0240964,-1.35723,0.0247305,-1.6877,0.0240964,All
-1.27032,0.0247305,-1.33943,0.0253646,-1.67994,0.0247305,All
-1.26642,0.0253646,-1.32076,0.0259987,-1.65972,0.0253646,All
-1.25969,0.0259987,-1.314,0.0266328,-1.65819,0.0259987,All
-1.2581,0.0266328,-1.30033,0.027267,-1.6503,0.0266328,All
-1.25785,0.027267,-1.28372,0.0279011,-1.61798,0.027267,All
-1.25633,0.0279011,-1.28321,0.0285352,-1.61478,0.0279011,All
-1.25277,0.0285352,-1.27063,0.0291693,-1.60745,0.0285352,All
-1.24809,0.0291693,-1.24264,0.0298034,-1.60079,0.0291693,All
-1.24792,0.0298034,-1.21224,0.0304375,-1.60033,0.0298034,All
-1.24724,0.0304375,-1.20945,0.0310717,-1.59557,0.0304375,All
-1.247,0.0310717,-1.18578,0.0317058,-1.59444,0.0310717,All
-1.24524,0.0317058,-1.15726,0.0323399,-1.59364,0.0317058,All
-1.24511,0.0323399,-1.13976,0.032974,-1.59115,0.0323399,All
-1.24414,0.032974,-1.11611,0.0336081,-1.5887,0.032974,All
-1.22802,0.0336081,-1.08809,0.0342422,-1.5837,0.0336081,All
-1.22573,0.0342422,-1.08534,0.0348763,-1.5829,0.0342422,All
-1.22464,0.0348763,-1.07839,0.0355105,-1.5773,0.0348763,All
-1.22096,0.0355105,-1.07598,0.0361446,-1.57344,0.0355105,All
-1.22064,0.0361446,-1.04652,0.0367787,-1.56781,0.0361446,All
-1.22013,0.0367787,-1.03584,0.0374128,-1.55891,0.0367787,All
-1.21115,0.0374128,-1.02763,0.0380469,-1.5511,0.0374128,All
-1.20401,0.0380469,-1.00063,0.038681,-1.55102,0.0380469,All
-1.20224,0.038681,-0.998699,0.0393152,-1.54706,0.038681,All
-1.2013,0.0393152,-0.990893,0.0399493,-1.54467,0.0393152,All
-1.19786,0.0399493,-0.984331,0.0405834,-1.54204,0.0399493,All
-1.19715,0.0405834,-0.975697,0.0412175,-1.53777,0.0405834,All
-1.19714,0.0412175,-0.975071,0.0418516,-1.52966,0.0412175,All
-1.19037,0.0418516,-0.949133,0.0424857,-1.52472,0.0418516,All
-1.18869,0.0424857,-0.942736,0.0431198,-1.51862,0.0424857,All
-1.18573,0.0431198,-0.924862,0.043754,-1.51225,0.0431198,All
-1.18337,0.043754,-0.907629,0.0443881,-1.51114,0.043754,All
-1.18032,0.0443881,-0.900284,0.0450222,-1.50775,0.0443881,All
-1.1794,0.0450222,-0.894332,0.0456563,-1.49873,0.0450222,All
-1.17843,0.0456563,-0.892608,0.0462904,-1.49764,0.0456563,All
-1.17465,0.0462904,-0.887497,0.0469245,-1.49207,0.0462904,All
-1.17213,0.0469245,-0.876127,0.0475587,-1.48862,0.0469245,All
-1.16772,0.0475587,-0.867477,0.0481928,-1.4837,0.0475587,All
-1.162,0.0481928,-0.859891,0.0488269,-1.48032,0.0481928,All
-1.16083,0.0488269,-0.85842,0.049461,-1.47973,0.0488269,All
-1.15628,0.049461,-0.856057,0.0500951,-1.47817,0.049461,All
-1.15624,0.0500951,-0.849583,0.0507292,-1.47536,0.0500951,All
-1.15514,0.0507292,-0.846474,0.0513633,-1.47131,0.0507292,All
-1.15366,0.0513633,-0.842175,0.0519975,-1.46062,0.0513633,All
-1.1487,0.0519975,-0.84099,0.0526316,-1.44627,0.0519975,All
-1.14647,0.0526316,-0.839456,0.0532657,-1.443,0.0526316,All
-1.1463,0.0532657,-0.835414,0.0538998,-1.44075,0.0532657,All
-1.14461,0.0538998,-0.832137,0.0545339,-1.42857,0.0538998,All
-1.14163,0.0545339,-0.828911,0.055168,-1.42472,0.0545339,All
-1.14043,0.055168,-0.827642,0.0558022,-1.40895,0.055168,All
-1.13763,0.0558022,-0.825391,0.0564363,-1.40683,0.0558022,All
-1.13557,0.0564363,-0.818431,0.0570704,-1.39379,0.0564363,All
-1.13064,0.0570704,-0.813114,0.0577045,-1.38339,0.0570704,All
-1.12785,0.0577045,-0.809401,0.0583386,-1.37906,0.0577045,All
-1.12756,0.0583386,-0.802792,0.0589727,-1.37895,0.0583386,All
-1.12141,0.0589727,-0.802434,0.0596068,-1.36685,0.0589727,All
-1.12069,0.0596068,-0.799759,0.060241,-1.36351,0.0596068,All
-1.11781,0.060241,-0.798045,0.0608751,-1.36264,0.060241,All
-1.11663,0.0608751,-0.797573,0.0615092,-1.3603,0.0608751,All
-1.11642,0.0615092,-0.796637,0.0621433,-1.35669,0.0615092,All
-1.11613,0.0621433,-0.785043,0.0627774,-1.3544,0.0621433,All
-1.11556,0.0627774,-0.783008,0.0634115,-1.35399,0.0627774,All
-1.11076,0.0634115,-0.767518,0.0640457,-1.35237,0.0634115,All
-1.11048,0.0640457,-0.764418,0.0646798,-1.35184,0.0640457,All
-1.10931,0.0646798,-0.753874,0.0653139,-1.34905,0.0646798,All
-1.10835,0.0653139,-0.74745,0.065948,-1.34617,0.0653139,All
-1.10684,0.065948,-0.744194,0.0665821,-1.34375,0.065948,All
-1.10484,0.0665821,-0.742312,0.0672162,-1.3426,0.0665821,All
-1.10444,0.0672162,-0.732666,0.0678503,-1.32722,0.0672162,All
-1.10207,0.0678503,-0.73016,0.0684845,-1.31845,0.0678503,All
-1.10029,0.0684845,-0.727519,0.0691186,-1.31611,0.0684845,All
-1.09909,0.0691186,-0.72509,0.0697527,-1.31395,0.0691186,All
-1.09834,0.0697527,-0.720937,0.0703868,-1.31272,0.0697527,All
-1.09739,0.0703868,-0.716941,0.0710209,-1.30714,0.0703868,All
-1.09478,0.0710209,-0.707858,0.071655,-1.30472,0.0710209,All
-1.09027,0.071655,-0.706857,0.0722892,-1.28487,0.071655,All
-1.08788,0.0722892,-0.703836,0.0729233,-1.27564,0.0722892,All
-1.08025,0.0729233,-0.698018,0.0735574,-1.27302,0.0729233,All
-1.07747,0.0735574,-0.691089,0.0741915,-1.26962,0.0735574,All
-1.06924,0.0741915,-0.688633,0.0748256,-1.2683,0.0741915,All
-1.06458,0.0748256,-0.684946,0.0754597,-1.2659,0.0748256,All
-1.06043,0.0754597,-0.684803,0.0760938,-1.26478,0.0754597,All
-1.06009,0.0760938,-0.679818,0.076728,-1.26442,0.0760938,All
-1.05854,0.076728,-0.674798,0.0773621,-1.25947,0.076728,All
-1.05422,0.0773621,-0.660752,0.0779962,-1.25838,0.0773621,All
-1.05178,0.0779962,-0.658201,0.0786303,-1.25373,0.0779962,All
-1.0516,0.0786303,-0.657893,0.0792644,-1.24915,0.0786303,All
-1.04919,0.0792644,-0.65768,0.0798985,-1.24855,0.0792644,All
-1.04542,0.0798985,-0.657416,0.0805327,-1.24843,0.0798985,All
-1.0437,0.0805327,-0.654122,0.0811668,-1.24644,0.0805327,All
-1.04362,0.0811668,-0.631002,0.0818009,-1.24552,0.0811668,All
-1.04276,0.0818009,-0.619265,0.082435,-1.2446,0.0818009,All
-1.03375,0.082435,-0.61291,0.0830691,-1.23951,0.082435,All
-1.03176,0.0830691,-0.612866,0.0837032,-1.23751,0.0830691,All
-1.02839,0.0837032,-0.610725,0.0843373,-1.23506,0.0837032,All
-1.02427,0.0843373,-0.607224,0.0849715,-1.23258,0.0843373,All
-1.02228,0.0849715,-0.606607,0.0856056,-1.23228,0.0849715,All
-1.02094,0.0856056,-0.597192,0.0862397,-1.22322,0.0856056,All
-1.02039,0.0862397,-0.592293,0.0868738,-1.2095,0.0862397,All
-1.01997,0.0868738,-0.59121,0.0875079,-1.20664,0.0868738,All
-1.01694,0.0875079,-0.589996,0.088142,-1.20141,0.0875079,All
-1.01459,0.088142,-0.584562,0.0887762,-1.19741,0.088142,All
-1.01322,0.0887762,-0.579191,0.0894103,-1.18534,0.0887762,All
-1.01186,0.0894103,-0.578095,0.0900444,-1.17371,0.0894103,All
-1.01173,0.0900444,-0.576368,0.0906785,-1.17279,0.0900444,All
-1.00956,0.0906785,-0.576202,0.0913126,-1.16579,0.0906785,All
-1.00754,0.0913126,-0.574993,0.0919467,-1.16571,0.0913126,All
-1.00632,0.0919467,-0.574147,0.0925808,-1.16549,0.0919467,All
-1.0052,0.0925808,-0.573014,0.093215,-1.16384,0.0925808,All
-1.00402,0.093215,-0.571004,0.0938491,-1.15808,0.093215,All
-1.00345,0.0938491,-0.565168,0.0944832,-1.15227,0.0938491,All
-0.998523,0.0944832,-0.56366,0.0951173,-1.14637,0.0944832,All
-0.998246,0.0951173,-0.562211,0.0957514,-1.14329,0.0951173,All
-0.991397,0.0957514,-0.561275,0.0963855,-1.13856,0.0957514,All
-0.98746,0.0963855,-0.559901,0.0970197,-1.1362,0.0963855,All
-0.986682,0.0970197,-0.555038,0.0976538,-1.1359,0.0970197,All
-0.982473,0.0976538,-0.549175,0.0982879,-1.13092,0.0976538,All
-0.981417,0.0982879,-0.535518,0.098922,-1.12642,0.0982879,All
-0.980047,0.098922,-0.531474,0.0995561,-1.12458,0.098922,All
-0.978659,0.0995561,-0.529414,0.10019,-1.1172,0.0995561,All
-0.977356,0.10019,-0.524762,0.100824,-1.11224,0.10019,All
-0.973045,0.100824,-0.522078,0.101458,-1.10639,0.100824,All
-0.968209,0.101458,-0.522018,0.102093,-1.10498,0.101458,All
-0.968131,0.102093,-0.518231,0.102727,-1.1021,0.102093,All
-0.966231,0.102727,-0.51797,0.103361,-1.10198,0.102727,All
-0.966081,0.103361,-0.516364,0.103995,-1.10005,0.103361,All
-0.964497,0.103995,-0.513787,0.104629,-1.09838,0.103995,All
-0.96401,0.104629,-0.513044,0.105263,-1.09314,0.104629,All
-0.962835,0.105263,-0.512923,0.105897,-1.09035,0.105263,All
-0.96251,0.105897,-0.511391,0.106531,-1.08162,0.105897,All
-0.959797,0.106531,-0.509681,0.107166,-1.08128,0.106531,All
-0.958709,0.107166,-0.509163,0.1078,-1.08111,0.107166,All
-0.957057,0.1078,-0.508081,0.108434,-1.07784,0.1078,All
-0.956972,0.108434,-0.501697,0.109068,-1.07653,0.108434,All
-0.953915,0.109068,-0.500687,0.109702,-1.07394,0.109068,All
-0.952078,0.109702,-0.497213,0.110336,-1.07329,0.109702,All
-0.950685,0.110336,-0.49638,0.11097,-1.07125,0.110336,All
-0.950338,0.11097,-0.494654,0.111604,-1.06789,0.11097,All
-0.949203,0.111604,-0.492463,0.112238,-1.06686,0.111604,All
-0.94889,0.112238,-0.486179,0.112873,-1.06637,0.112238,All
-0.94612,0.112873,-0.485413,0.113507,-1.06505,0.112873,All
-0.942796,0.113507,-0.482073,0.114141,-1.06272,0.113507,All
-0.94159,0.114141,-0.47944,0.114775,-1.0595,0.114141,All
-0.940508,0.114775,-0.477154,0.115409,-1.05769,0.114775,All
-0.937866,0.115409,-0.47295,0.116043,-1.05768,0.115409,All
-0.937093,0.116043,-0.470379,0.116677,-1.05547,0.116043,All
-0.934939,0.116677,-0.455214,0.117311,-1.05504,0.116677,All
-0.934319,0.117311,-0.45104,0.117945,-1.05395,0.117311,All
-0.934123,0.117945,-0.448111,0.11858,-1.05302,0.117945,All
-0.933371,0.11858,-0.444749,0.119214,-1.05038,0.11858,All
-0.933024,0.119214,-0.444596,0.119848,-1.04894,0.119214,All
-0.931658,0.119848,-0.443228,0.120482,-1.04804,0.119848,All
-0.931266,0.120482,-0.438055,0.121116,-1.04685,0.120482,All
-0.930862,0.121116,-0.437559,0.12175,-1.04672,0.121116,All
-0.92973,0.12175,-0.434228,0.122384,-1.04041,0.12175,All
-0.929539,0.122384,-0.433912,0.123018,-1.03901,0.122384,All
-0.928875,0.123018,-0.43241,0.123653,-1.034,0.123018,All
-0.928601,0.123653,-0.431303,0.124287,-1.03239,0.123653,All
-0.928405,0.124287,-0.429802,0.124921,-1.02898,0.124287,All
-0.925371,0.124921,-0.424117,0.125555,-1.0283,0.124921,All
-0.924317,0.125555,-0.422015,0.126189,-1.02636,0.125555,All
-0.923506,0.126189,-0.421804,0.126823,-1.02424,0.126189,All
-0.921261,0.126823,-0.421088,0.127457,-1.02314,0.126823,All
-0.921101,0.127457,-0.419239,0.128091,-1.0225,0.127457,All
-0.92098,0.128091,-0.416268,0.128725,-1.02066,0.128091,All
-0.918023,0.128725,-0.414763,0.12936,-1.01397,0.128725,All
-0.916789,0.12936,-0.407788,0.129994,-1.01298,0.12936,All
-0.916773,0.129994,-0.405188,0.130628,-1.01052,0.129994,All
-0.916206,0.130628,-0.401684,0.131262,-1.01024,0.130628,All
-0.916134,0.131262,-0.400629,0.131896,-1.00946,0.131262,All
-0.916128,0.131896,-0.398523,0.13253,-1.00898,0.131896,All
-0.914958,0.13253,-0.397535,0.133164,-1.0057,0.13253,All
-0.914796,0.133164,-0.396876,0.133798,-1.00408,0.133164,All
-0.911665,0.133798,-0.391352,0.134432,-1.00281,0.133798,All
-0.911155,0.134432,-0.390133,0.135067,-1.0025,0.134432,All
-0.908406,0.135067,-0.389061,0.135701,-1.00179,0.135067,All
-0.906837,0.135701,-0.388086,0.136335,-1.00082,0.135701,All
-0.906033,0.136335,-0.387355,0.136969,-0.997924,0.136335,All
-0.905132,0.136969,-0.384956,0.137603,-0.99553,0.136969,All
-0.902161,0.137603,-0.382025,0.138237,-0.993849,0.137603,All
-0.901613,0.138237,-0.381575,0.138871,-0.990285,0.138237,All
-0.901253,0.138871,-0.380409,0.139505,-0.987532,0.138871,All
-0.900542,0.139505,-0.379989,0.14014,-0.983458,0.139505,All
-0.900402,0.14014,-0.379839,0.140774,-0.979818,0.14014,All
-0.89939,0.140774,-0.378489,0.141408,-0.974292,0.140774,All
-0.897078,0.141408,-0.376709,0.142042,-0.972262,0.141408,All
-0.896094,0.142042,-0.376397,0.142676,-0.970997,0.142042,All
-0.894007,0.142676,-0.375925,0.14331,-0.968953,0.142676,All
-0.893717,0.14331,-0.371618,0.143944,-0.96457,0.14331,All
-0.893315,0.143944,-0.370059,0.144578,-0.962178,0.143944,All
-0.892874,0.144578,-0.36911,0.145212,-0.961267,0.144578,All
-0.892769,0.145212,-0.366258,0.145847,-0.960065,0.145212,All
-0.891177,0.145847,-0.364979,0.146481,-0.955936,0.145847,All
-0.890793,0.146481,-0.363926,0.147115,-0.955078,0.146481,All
-0.890747,0.147115,-0.362159,0.147749,-0.955055,0.147115,All
-0.889289,0.147749,-0.360359,0.148383,-0.949241,0.147749,All
-0.888663,0.148383,-0.359198,0.149017,-0.947901,0.148383,All
-0.886973,0.149017,-0.358951,0.149651,-0.947139,0.149017,All
-0.8829,0.149651,-0.356637,0.150285,-0.943314,0.149651,All
-0.880177,0.150285,-0.355893,0.150919,-0.942528,0.150285,All
-0.879578,0.150919,-0.353868,0.151554,-0.942346,0.150919,All
-0.878788,0.151554,-0.353338,0.152188,-0.941196,0.151554,All
-0.877203,0.152188,-0.351762,0.152822,-0.940393,0.152188,All
-0.873962,0.152822,-0.347813,0.153456,-0.93657,0.152822,All
-0.873438,0.153456,-0.343777,0.15409,-0.935285,0.153456,All
-0.873006,0.15409,-0.343172,0.154724,-0.929679,0.15409,All
-0.871705,0.154724,-0.342,0.155358,-0.928304,0.154724,All
-0.870855,0.155358,-0.34142,0.155992,-0.926676,0.155358,All
-0.87011,0.155992,-0.340968,0.156627,-0.926184,0.155992,All
-0.869374,0.156627,-0.340887,0.157261,-0.925446,0.156627,All
-0.86926,0.157261,-0.340072,0.157895,-0.92109,0.157261,All
-0.869149,0.157895,-0.339096,0.158529,-0.916348,0.157895,All
-0.866602,0.158529,-0.336494,0.159163,-0.915082,0.158529,All
-0.866063,0.159163,-0.332398,0.159797,-0.914935,0.159163,All
-0.865875,0.159797,-0.329674,0.160431,-0.908154,0.159797,All
-0.865748,0.160431,-0.32859,0.161065,-0.906771,0.160431,All
-0.863884,0.161065,-0.327085,0.161699,-0.906577,0.161065,All
-0.860988,0.161699,-0.323601,0.162334,-0.905622,0.161699,All
-0.859603,0.162334,-0.318913,0.162968,-0.904675,0.162334,All
-0.857327,0.162968,-0.318686,0.163602,-0.904422,0.162968,All
-0.852866,0.163602,-0.317351,0.164236,-0.90243,0.163602,All
-0.847192,0.164236,-0.315951,0.16487,-0.902338,0.164236,All
-0.845333,0.16487,-0.310982,0.165504,-0.899659,0.16487,All
-0.844302,0.165504,-0.310732,0.166138,-0.899016,0.165504,All
-0.838098,0.166138,-0.310675,0.166772,-0.895041,0.166138,All
-0.837158,0.166772,-0.307857,0.167406,-0.891947,0.166772,All
-0.834423,0.167406,-0.307795,0.168041,-0.891406,0.167406,All
-0.834159,0.168041,-0.302417,0.168675,-0.889594,0.168041,All
-0.832502,0.168675,-0.298842,0.169309,-0.888977,0.168675,All
-0.832498,0.169309,-0.296689,0.169943,-0.886259,0.169309,All
-0.830397,0.169943,-0.296606,0.170577,-0.885094,0.169943,All
-0.830334,0.170577,-0.295856,0.171211,-0.880289,0.170577,All
-0.829907,0.171211,-0.294829,0.171845,-0.872091,0.171211,All
-0.828671,0.171845,-0.290416,0.172479,-0.867882,0.171845,All
-0.827748,0.172479,-0.288832,0.173114,-0.86704,0.172479,All
-0.827485,0.173114,-0.286814,0.173748,-0.861317,0.173114,All
-0.826985,0.173748,-0.284388,0.174382,-0.859056,0.173748,All
-0.82664,0.174382,-0.283331,0.175016,-0.855728,0.174382,All
-0.825845,0.175016,-0.282177,0.17565,-0.855431,0.175016,All
-0.825025,0.17565,-0.280291,0.176284,-0.854716,0.17565,All
-0.822911,0.176284,-0.27892,0.176918,-0.853844,0.176284,All
-0.820929,0.176918,-0.277486,0.177552,-0.841224,0.176918,All
-0.820432,0.177552,-0.275955,0.178186,-0.840667,0.177552,All
-0.819606,0.178186,-0.27527,0.178821,-0.831668,0.178186,All
-0.819577,0.178821,-0.274196,0.179455,-0.830662,0.178821,All
-0.819431,0.179455,-0.272522,0.180089,-0.828749,0.179455,All
-0.813676,0.180089,-0.271908,0.180723,-0.827706,0.180089,All
-0.810142,0.180723,-0.267752,0.181357,-0.823654,0.180723,All
-0.808652,0.181357,-0.266731,0.181991,-0.822805,0.181357,All
-0.80852,0.181991,-0.265823,0.182625,-0.820785,0.181991,All
-0.807323,0.182625,-0.263953,0.183259,-0.820167,0.182625,All
-0.804527,0.183259,-0.262071,0.183893,-0.819913,0.183259,All
-0.80449,0.183893,-0.260903,0.184528,-0.818506,0.183893,All
-0.80298,0.184528,-0.257407,0.185162,-0.816737,0.184528,All
-0.802258,0.185162,-0.254684,0.185796,-0.816598,0.185162,All
-0.80115,0.185796,-0.25389,0.18643,-0.816168,0.185796,All
-0.798174,0.18643,-0.253486,0.187064,-0.812323,0.18643,All
-0.794372,0.187064,-0.252507,0.187698,-0.812092,0.187064,All
-0.793709,0.187698,-0.252414,0.188332,-0.81052,0.187698,All
-0.789392,0.188332,-0.251804,0.188966,-0.81015,0.188332,All
-0.788815,0.188966,-0.251542,0.189601,-0.80919,0.188966,All
-0.787193,0.189601,-0.250976,0.190235,-0.808631,0.189601,All
-0.786688,0.190235,-0.250622,0.190869,-0.804227,0.190235,All
-0.785584,0.190869,-0.249313,0.191503,-0.802578,0.190869,All
-0.782901,0.191503,-0.248308,0.192137,-0.798571,0.191503,All
-0.782542,0.192137,-0.246345,0.192771,-0.797772,0.192137,All
-0.782236,0.192771,-0.245174,0.193405,-0.794796,0.192771,All
-0.779975,0.193405,-0.244861,0.194039,-0.790651,0.193405,All
-0.77566,0.194039,-0.243021,0.194673,-0.789314,0.194039,All
-0.772156,0.194673,-0.243014,0.195308,-0.787685,0.194673,All
-0.770317,0.195308,-0.241014,0.195942,-0.78466,0.195308,All
-0.770166,0.195942,-0.240907,0.196576,-0.78278,0.195942,All
-0.769795,0.196576,-0.240713,0.19721,-0.78277,0.196576,All
-0.769453,0.19721,-0.239719,0.197844,-0.77843,0.19721,All
-0.766977,0.197844,-0.239302,0.198478,-0.778275,0.197844,All
-0.76616,0.198478,-0.238801,0.199112,-0.776447,0.198478,All
-0.765534,0.199112,-0.236558,0.199746,-0.773186,0.199112,All
-0.764529,0.199746,-0.23627,0.20038,-0.769712,0.199746,All
-0.764079,0.20038,-0.235528,0.201015,-0.766178,0.20038,All
-0.763095,0.201015,-0.234881,0.201649,-0.764675,0.201015,All
-0.762797,0.201649,-0.233264,0.202283,-0.763343,0.201649,All
-0.758853,0.202283,-0.231848,0.202917,-0.758102,0.202283,All
-0.758011,0.202917,-0.230874,0.203551,-0.757357,0.202917,All
-0.757561,0.203551,-0.229924,0.204185,-0.756249,0.203551,All
-0.755065,0.204185,-0.229342,0.204819,-0.752176,0.204185,All
-0.751129,0.204819,-0.22909,0.205453,-0.752172,0.204819,All
-0.749869,0.205453,-0.22744,0.206088,-0.747415,0.205453,All
-0.748463,0.206088,-0.227098,0.206722,-0.744389,0.206088,All
-0.747737,0.206722,-0.226949,0.207356,-0.743498,0.206722,All
-0.746812,0.207356,-0.222554,0.20799,-0.74248,0.207356,All
-0.745033,0.20799,-0.222222,0.208624,-0.741958,0.20799,All
-0.743599,0.208624,-0.221013,0.209258,-0.740286,0.208624,All
-0.743092,0.209258,-0.220828,0.209892,-0.740119,0.209258,All
-0.740948,0.209892,-0.21911,0.210526,-0.736151,0.209892,All
-0.740067,0.210526,-0.218507,0.21116,-0.734192,0.210526,All
-0.738078,0.21116,-0.212873,0.211795,-0.733788,0.21116,All
-0.737376,0.211795,-0.212465,0.212429,-0.732559,0.211795,All
-0.735966,0.212429,-0.211784,0.213063,-0.73032,0.212429,All
-0.734763,0.213063,-0.211474,0.213697,-0.727078,0.213063,All
-0.732388,0.213697,-0.209598,0.214331,-0.726418,0.213697,All
-0.730901,0.214331,-0.209427,0.214965,-0.723356,0.214331,All
-0.730894,0.214965,-0.20876,0.215599,-0.721725,0.214965,All
-0.73077,0.215599,-0.206469,0.216233,-0.720281,0.215599,All
-0.730647,0.216233,-0.203655,0.216867,-0.718205,0.216233,All
-0.730483,0.216867,-0.202643,0.217502,-0.716149,0.216867,All
-0.73016,0.217502,-0.20237,0.218136,-0.713307,0.217502,All
-0.727858,0.218136,-0.201962,0.21877,-0.713186,0.218136,All
-0.727448,0.21877,-0.20176,0.219404,-0.709697,0.21877,All
-0.725935,0.219404,-0.20028,0.220038,-0.709445,0.219404,All
-0.725829,0.220038,-0.200097,0.220672,-0.70927,0.220038,All
-0.722435,0.220672,-0.199974,0.221306,-0.70844,0.220672,All
-0.721573,0.221306,-0.199828,0.22194,-0.707962,0.221306,All
-0.721287,0.22194,-0.198861,0.222575,-0.706207,0.22194,All
-0.721016,0.222575,-0.196238,0.223209,-0.703179,0.222575,All
-0.720542,0.223209,-0.195859,0.223843,-0.702165,0.223209,All
-0.719325,0.223843,-0.195071,0.224477,-0.700756,0.223843,All
-0.719282,0.224477,-0.194571,0.225111,-0.699097,0.224477,All
-0.71917,0.225111,-0.193844,0.225745,-0.696901,0.225111,All
-0.718639,0.225745,-0.190045,0.226379,-0.695545,0.225745,All
-0.716926,0.226379,-0.189909,0.227013,-0.695091,0.226379,All
-0.71648,0.227013,-0.189626,0.227647,-0.69218,0.227013,All
-0.715612,0.227647,-0.189341,0.228282,-0.691534,0.227647,All
-0.714328,0.228282,-0.188823,0.228916,-0.689766,0.228282,All
-0.714201,0.228916,-0.188252,0.22955,-0.686773,0.228916,All
-0.712399,0.22955,-0.187739,0.230184,-0.686287,0.22955,All
-0.711764,0.230184,-0.18753,0.230818,-0.685641,0.230184,All
-0.711629,0.230818,-0.184637,0.231452,-0.684879,0.230818,All
-0.711373,0.231452,-0.184347,0.232086,-0.683583,0.231452,All
-0.709052,0.232086,-0.184234,0.23272,-0.683396,0.232086,All
-0.709041,0.23272,-0.184031,0.233354,-0.681956,0.23272,All
-0.707346,0.233354,-0.182442,0.233989,-0.679883,0.233354,All
-0.706333,0.233989,-0.181384,0.234623,-0.677956,0.233989,All
-0.705065,0.234623,-0.18102,0.235257,-0.677536,0.234623,All
-0.704929,0.235257,-0.18057,0.235891,-0.677085,0.235257,All
-0.704783,0.235891,-0.180423,0.236525,-0.676525,0.235891,All
-0.703806,0.236525,-0.179724,0.237159,-0.675713,0.236525,All
-0.702915,0.237159,-0.179344,0.237793,-0.674608,0.237159,All
-0.698798,0.237793,-0.179172,0.238427,-0.672376,0.237793,All
-0.698508,0.238427,-0.179085,0.239062,-0.670038,0.238427,All
-0.696248,0.239062,-0.179055,0.239696,-0.669171,0.239062,All
-0.69619,0.239696,-0.178099,0.24033,-0.667942,0.239696,All
-0.695631,0.24033,-0.176964,0.240964,-0.666456,0.24033,All
-0.69528,0.240964,-0.17439,0.241598,-0.6613,0.240964,All
-0.693632,0.241598,-0.17418,0.242232,-0.661124,0.241598,All
-0.692186,0.242232,-0.173057,0.242866,-0.65726,0.242232,All
-0.691256,0.242866,-0.172108,0.2435,-0.656853,0.242866,All
-0.689835,0.2435,-0.170398,0.244134,-0.65386,0.2435,All
-0.689656,0.244134,-0.170326,0.244769,-0.649487,0.244134,All
-0.689247,0.244769,-0.168768,0.245403,-0.648455,0.244769,All
-0.687506,0.245403,-0.168383,0.246037,-0.646211,0.245403,All
-0.685182,0.246037,-0.166086,0.246671,-0.645764,0.246037,All
-0.684756,0.246671,-0.164975,0.247305,-0.641739,0.246671,All
-0.680404,0.247305,-0.164967,0.247939,-0.639139,0.247305,All
-0.679238,0.247939,-0.164453,0.248573,-0.637892,0.247939,All
-0.678631,0.248573,-0.163532,0.249207,-0.636243,0.248573,All
-0.677593,0.249207,-0.162883,0.249841,-0.635367,0.249207,All
-0.676916,0.249841,-0.160721,0.250476,-0.633038,0.249841,All
-0.676366,0.250476,-0.157102,0.25111,-0.632558,0.250476,All
-0.675272,0.25111,-0.157074,0.251744,-0.631128,0.25111,All
-0.673719,0.251744,-0.156517,0.252378,-0.629282,0.251744,All
-0.668913,0.252378,-0.15589,0.253012,-0.629089,0.252378,All
-0.666542,0.253012,-0.154872,0.253646,-0.626824,0.253012,All
-0.66611,0.253646,-0.154485,0.25428,-0.626702,0.253646,All
-0.664443,0.25428,-0.15375,0.254914,-0.626338,0.25428,All
-0.663897,0.254914,-0.153577,0.255549,-0.625851,0.254914,All
-0.66313,0.255549,-0.153491,0.256183,-0.6251,0.255549,All
-0.660341,0.256183,-0.15281,0.256817,-0.623835,0.256183,All
-0.659941,0.256817,-0.149852,0.257451,-0.623065,0.256817,All
-0.655933,0.257451,-0.148947,0.258085,-0.620561,0.257451,All
-0.65575,0.258085,-0.147887,0.258719,-0.618749,0.258085,All
-0.655538,0.258719,-0.147339,0.259353,-0.616258,0.258719,All
-0.65536,0.259353,-0.146714,0.259987,-0.613222,0.259353,All
-0.653993,0.259987,-0.145518,0.260621,-0.611781,0.259987,All
-0.65378,0.260621,-0.145427,0.261256,-0.611773,0.260621,All
-0.65319,0.261256,-0.145057,0.26189,-0.611,0.261256,All
-0.651759,0.26189,-0.144255,0.262524,-0.609227,0.26189,All
-0.651527,0.262524,-0.142009,0.263158,-0.608852,0.262524,All
-0.650128,0.263158,-0.141337,0.263792,-0.605165,0.263158,All
-0.649301,0.263792,-0.141107,0.264426,-0.604851,0.263792,All
-0.648278,0.264426,-0.140922,0.26506,-0.603998,0.264426,All
-0.645662,0.26506,-0.140495,0.265694,-0.603774,0.26506,All
-0.645651,0.265694,-0.138663,0.266328,-0.601527,0.265694,All
-0.645585,0.266328,-0.137887,0.266963,-0.594489,0.266328,All
-0.643181,0.266963,-0.136601,0.267597,-0.587566,0.266963,All
-0.639575,0.267597,-0.134445,0.268231,-0.587524,0.267597,All
-0.63889,0.268231,-0.134425,0.268865,-0.586635,0.268231,All
-0.637917,0.268865,-0.134335,0.269499,-0.586358,0.268865,All
-0.636162,0.269499,-0.13407,0.270133,-0.583795,0.269499,All
-0.6354,0.270133,-0.132782,0.270767,-0.577421,0.270133,All
-0.632208,0.270767,-0.132621,0.271401,-0.577106,0.270767,All
-0.631312,0.271401,-0.132219,0.272036,-0.576151,0.271401,All
-0.63007,0.272036,-0.130831,0.27267,-0.57371,0.272036,All
-0.628734,0.27267,-0.129103,0.273304,-0.572577,0.27267,All
-0.627395,0.273304,-0.128744,0.273938,-0.572564,0.273304,All
-0.626755,0.273938,-0.127389,0.274572,-0.567744,0.273938,All
-0.625492,0.274572,-0.126536,0.275206,-0.567366,0.274572,All
-0.624191,0.275206,-0.125787,0.27584,-0.566623,0.275206,All
-0.617564,0.27584,-0.125408,0.276474,-0.5613,0.27584,All
-0.616519,0.276474,-0.125315,0.277108,-0.560125,0.276474,All
-0.612273,0.277108,-0.124248,0.277743,-0.559172,0.277108,All
-0.611727,0.277743,-0.123748,0.278377,-0.55895,0.277743,All
-0.611277,0.278377,-0.122899,0.279011,-0.547448,0.278377,All
-0.610304,0.279011,-0.122261,0.279645,-0.543611,0.279011,All
-0.610061,0.279645,-0.122017,0.280279,-0.543232,0.279645,All
-0.607023,0.280279,-0.121316,0.280913,-0.536436,0.280279,All
-0.602957,0.280913,-0.120711,0.281547,-0.534454,0.280913,All
-0.602402,0.281547,-0.120091,0.282181,-0.534378,0.281547,All
-0.602101,0.282181,-0.119075,0.282815,-0.533803,0.282181,All
-0.602037,0.282815,-0.11905,0.28345,-0.530926,0.282815,All
-0.600862,0.28345,-0.118394,0.284084,-0.530415,0.28345,All
-0.598941,0.284084,-0.116568,0.284718,-0.528409,0.284084,All
-0.597134,0.284718,-0.115944,0.285352,-0.526532,0.284718,All
-0.59709,0.285352,-0.115273,0.285986,-0.524086,0.285352,All
-0.594763,0.285986,-0.114828,0.28662,-0.523951,0.285986,All
-0.594575,0.28662,-0.114652,0.287254,-0.519617,0.28662,All
-0.594016,0.287254,-0.114349,0.287888,-0.51708,0.287254,All
-0.593673,0.287888,-0.114156,0.288523,-0.516469,0.287888,All
-0.592834,0.288523,-0.11385,0.289157,-0.515809,0.288523,All
-0.592434,0.289157,-0.112972,0.289791,-0.508767,0.289157,All
-0.591989,0.289791,-0.109596,0.290425,-0.508036,0.289791,All
-0.591217,0.290425,-0.10931,0.291059,-0.505778,0.290425,All
-0.590035,0.291059,-0.108864,0.291693,-0.505067,0.291059,All
-0.588746,0.291693,-0.108563,0.292327,-0.50151,0.291693,All
-0.588226,0.292327,-0.108093,0.292961,-0.500968,0.292327,All
-0.587733,0.292961,-0.107745,0.293595,-0.500563,0.292961,All
-0.585015,0.293595,-0.106902,0.29423,-0.499845,0.293595,All
-0.584728,0.29423,-0.105102,0.294864,-0.496062,0.29423,All
-0.584045,0.294864,-0.104003,0.295498,-0.495471,0.294864,All
-0.582606,0.295498,-0.103687,0.296132,-0.495075,0.295498,All
-0.575814,0.296132,-0.103206,0.296766,-0.494626,0.296132,All
-0.57554,0.296766,-0.102118,0.2974,-0.492069,0.296766,All
-0.575208,0.2974,-0.101869,0.298034,-0.491967,0.2974,All
-0.574915,0.298034,-0.101158,0.298668,-0.491739,0.298034,All
-0.573557,0.298668,-0.100826,0.299302,-0.489865,0.298668,All
-0.572816,0.299302,-0.100615,0.299937,-0.489229,0.299302,All
-0.572336,0.299937,-0.0999942,0.300571,-0.488904,0.299937,All
-0.571319,0.300571,-0.0991774,0.301205,-0.487091,0.300571,All
-0.571058,0.301205,-0.0984557,0.301839,-0.486145,0.301205,All
-0.570999,0.301839,-0.0979782,0.302473,-0.48555,0.301839,All
-0.565104,0.302473,-0.0965649,0.303107,-0.484929,0.302473,All
-0.565012,0.303107,-0.0955983,0.303741,-0.484237,0.303107,All
-0.564581,0.303741,-0.0954214,0.304375,-0.483857,0.303741,All
-0.564286,0.304375,-0.0953768,0.30501,-0.482583,0.304375,All
-0.561767,0.30501,-0.094905,0.305644,-0.481914,0.30501,All
-0.56132,0.305644,-0.0942649,0.306278,-0.480399,0.305644,All
-0.560895,0.306278,-0.0930645,0.306912,-0.479816,0.306278,All
-0.559557,0.306912,-0.0921549,0.307546,-0.478504,0.306912,All
-0.559132,0.307546,-0.0919217,0.30818,-0.472693,0.307546,All
-0.558464,0.30818,-0.0899271,0.308814,-0.472561,0.30818,All
-0.558166,0.308814,-0.089253,0.309448,-0.472393,0.308814,All
-0.557556,0.309448,-0.087296,0.310082,-0.471172,0.309448,All
-0.557412,0.310082,-0.0872127,0.310717,-0.469013,0.310082,All
-0.557189,0.310717,-0.0869747,0.311351,-0.468636,0.310717,All
-0.555412,0.311351,-0.086866,0.311985,-0.465409,0.311351,All
-0.555279,0.311985,-0.086338,0.312619,-0.464338,0.311985,All
-0.554713,0.312619,-0.0860017,0.313253,-0.462216,0.312619,All
-0.55296,0.313253,-0.0859654,0.313887,-0.461998,0.313253,All
-0.552592,0.313887,-0.0851751,0.314521,-0.460984,0.313887,All
-0.552014,0.314521,-0.0828378,0.315155,-0.459542,0.314521,All
-0.551647,0.315155,-0.0821512,0.315789,-0.457008,0.315155,All
-0.551431,0.315789,-0.0815308,0.316424,-0.455417,0.315789,All
-0.54946,0.316424,-0.0812732,0.317058,-0.454108,0.316424,All
-0.549352,0.317058,-0.0812386,0.317692,-0.453698,0.317058,All
-0.548632,0.317692,-0.080763,0.318326,-0.44858,0.317692,All
-0.54752,0.318326,-0.0806412,0.31896,-0.447305,0.318326,All
-0.547106,0.31896,-0.0775911,0.319594,-0.446924,0.31896,All
-0.546264,0.319594,-0.0760252,0.320228,-0.446809,0.319594,All
-0.543945,0.320228,-0.0757561,0.320862,-0.444111,0.320228,All
-0.543343,0.320862,-0.0750528,0.321497,-0.440439,0.320862,All
-0.542681,0.321497,-0.07452,0.322131,-0.439921,0.321497,All
-0.542367,0.322131,-0.0740077,0.322765,-0.4393,0.322131,All
-0.54183,0.322765,-0.0739561,0.323399,-0.437491,0.322765,All
-0.535087,0.323399,-0.0739328,0.324033,-0.4296,0.323399,All
-0.527555,0.324033,-0.0735544,0.324667,-0.42861,0.324033,All
-0.526735,0.324667,-0.0731199,0.325301,-0.427696,0.324667,All
-0.524762,0.325301,-0.0726811,0.325935,-0.421338,0.325301,All
-0.523266,0.325935,-0.0717178,0.326569,-0.41807,0.325935,All
-0.521865,0.326569,-0.0707346,0.327204,-0.416682,0.326569,All
-0.521611,0.327204,-0.0687099,0.327838,-0.413791,0.327204,All
-0.518233,0.327838,-0.0682925,0.328472,-0.41351,0.327838,All
-0.517707,0.328472,-0.0676402,0.329106,-0.412746,0.328472,All
-0.517165,0.329106,-0.0670111,0.32974,-0.41226,0.329106,All
-0.517142,0.32974,-0.0666001,0.330374,-0.407788,0.32974,All
-0.51617,0.330374,-0.0665357,0.331008,-0.407537,0.330374,All
-0.515359,0.331008,-0.0655797,0.331642,-0.406567,0.331008,All
-0.515009,0.331642,-0.0648141,0.332276,-0.404561,0.331642,All
-0.513389,0.332276,-0.0637298,0.332911,-0.40316,0.332276,All
-0.512367,0.332911,-0.0624206,0.333545,-0.400999,0.332911,All
-0.509198,0.333545,-0.0622169,0.334179,-0.399801,0.333545,All
-0.508872,0.334179,-0.0620059,0.334813,-0.399403,0.334179,All
-0.505276,0.334813,-0.0603003,0.335447,-0.398509,0.334813,All
-0.502954,0.335447,-0.0590435,0.336081,-0.397798,0.335447,All
-0.50102,0.336081,-0.0580753,0.336715,-0.394753,0.336081,All
-0.500641,0.336715,-0.0576471,0.337349,-0.394373,0.336715,All
-0.499987,0.337349,-0.0575932,0.337984,-0.393128,0.337349,All
-0.499126,0.337984,-0.0571804,0.338618,-0.391517,0.337984,All
-0.498153,0.338618,-0.0566002,0.339252,-0.389997,0.338618,All
-0.49729,0.339252,-0.0558753,0.339886,-0.389531,0.339252,All
-0.497196,0.339886,-0.0544145,0.34052,-0.386613,0.339886,All
-0.496925,0.34052,-0.0531119,0.341154,-0.383766,0.34052,All
-0.494596,0.341154,-0.0519246,0.341788,-0.382033,0.341154,All
-0.493496,0.341788,-0.051485,0.342422,-0.372583,0.341788,All
-0.491258,0.342422,-0.0513017,0.343056,-0.370737,0.342422,All
-0.489032,0.343056,-0.0511494,0.343691,-0.370556,0.343056,All
-0.488336,0.343691,-0.0477519,0.344325,-0.368771,0.343691,All
-0.485675,0.344325,-0.0464497,0.344959,-0.367557,0.344325,All
-0.482705,0.344959,-0.0463617,0.345593,-0.366608,0.344959,All
-0.480101,0.345593,-0.0462123,0.346227,-0.365613,0.345593,All
-0.480085,0.346227,-0.0456803,0.346861,-0.362012,0.346227,All
-0.47996,0.346861,-0.0456576,0.347495,-0.35753,0.346861,All
-0.479484,0.347495,-0.0455296,0.348129,-0.357211,0.347495,All
-0.475926,0.348129,-0.0450078,0.348763,-0.356867,0.348129,All
-0.475192,0.348763,-0.0449676,0.349398,-0.351979,0.348763,All
-0.472592,0.349398,-0.0446902,0.350032,-0.350793,0.349398,All
-0.47215,0.350032,-0.0430724,0.350666,-0.350177,0.350032,All
-0.471965,0.350666,-0.0422728,0.3513,-0.349688,0.350666,All
-0.471458,0.3513,-0.0422662,0.351934,-0.34851,0.3513,All
-0.471005,0.351934,-0.0404366,0.352568,-0.345958,0.351934,All
-0.469455,0.352568,-0.0396901,0.353202,-0.344088,0.352568,All
-0.46756,0.353202,-0.0395101,0.353836,-0.34308,0.353202,All
-0.467557,0.353836,-0.0388461,0.354471,-0.341951,0.353836,All
-0.466571,0.354471,-0.0372082,0.355105,-0.340873,0.354471,All
-0.465679,0.355105,-0.0348754,0.355739,-0.339449,0.355105,All
-0.465201,0.355739,-0.0347365,0.356373,-0.338617,0.355739,All
-0.46474,0.356373,-0.0344421,0.357007,-0.33774,0.356373,All
-0.464704,0.357007,-0.0340459,0.357641,-0.336787,0.357007,All
-0.46202,0.357641,-0.0328119,0.358275,-0.336163,0.357641,All
-0.461538,0.358275,-0.0324385,0.358909,-0.334121,0.358275,All
-0.4604,0.358909,-0.0315878,0.359543,-0.330535,0.358909,All
-0.459137,0.359543,-0.0298499,0.360178,-0.329432,0.359543,All
-0.455657,0.360178,-0.0296479,0.360812,-0.327298,0.360178,All
-0.449839,0.360812,-0.0279827,0.361446,-0.326802,0.360812,All
-0.449759,0.361446,-0.027517,0.36208,-0.326765,0.361446,All
-0.449424,0.36208,-0.0267362,0.362714,-0.321826,0.36208,All
-0.448383,0.362714,-0.0263201,0.363348,-0.318863,0.362714,All
-0.447888,0.363348,-0.0262339,0.363982,-0.317992,0.363348,All
-0.447346,0.363982,-0.0257233,0.364616,-0.317851,0.363982,All
-0.447011,0.364616,-0.0251801,0.36525,-0.309701,0.364616,All
-0.444901,0.36525,-0.0249462,0.365885,-0.30642,0.36525,All
-0.443769,0.365885,-0.0232585,0.366519,-0.305711,0.365885,All
-0.440911,0.366519,-0.0231288,0.367153,-0.303927,0.366519,All
-0.440662,0.367153,-0.0225332,0.367787,-0.303277,0.367153,All
-0.438511,0.367787,-0.0218837,0.368421,-0.301858,0.367787,All
-0.437819,0.368421,-0.0206413,0.369055,-0.301723,0.368421,All
-0.436663,0.369055,-0.0203489,0.369689,-0.30039,0.369055,All
-0.433513,0.369689,-0.0195795,0.370323,-0.298503,0.369689,All
-0.433162,0.370323,-0.0192141,0.370958,-0.29782,0.370323,All
-0.432022,0.370958,-0.0183274,0.371592,-0.297257,0.370958,All
-0.432009,0.371592,-0.0173597,0.372226,-0.29386,0.371592,All
-0.430964,0.372226,-0.0160172,0.37286,-0.290677,0.372226,All
-0.429308,0.37286,-0.0156724,0.373494,-0.28915,0.37286,All
-0.42866,0.373494,-0.0153303,0.374128,-0.289084,0.373494,All
-0.428585,0.374128,-0.0144257,0.374762,-0.284411,0.374128,All
-0.426573,0.374762,-0.0141585,0.375396,-0.28179,0.374762,All
-0.425575,0.375396,-0.0140447,0.37603,-0.281487,0.375396,All
-0.420777,0.37603,-0.013992,0.376665,-0.280836,0.37603,All
-0.420313,0.376665,-0.01315,0.377299,-0.27958,0.376665,All
-0.417892,0.377299,-0.0130356,0.377933,-0.278827,0.377299,All
-0.417246,0.377933,-0.0122717,0.378567,-0.277947,0.377933,All
-0.413309,0.378567,-0.0120246,0.379201,-0.277702,0.378567,All
-0.412859,0.379201,-0.0120212,0.379835,-0.276637,0.379201,All
-0.41026,0.379835,-0.0117443,0.380469,-0.276397,0.379835,All
-0.409251,0.380469,-0.011406,0.381103,-0.272154,0.380469,All
-0.408627,0.381103,-0.0109562,0.381737,-0.271541,0.381103,All
-0.406787,0.381737,-0.0102444,0.382372,-0.271372,0.381737,All
-0.406694,0.382372,-0.0099456,0.383006,-0.271282,0.382372,All
-0.405517,0.383006,-0.00890602,0.38364,-0.27036,0.383006,All
-0.405133,0.38364,-0.00842318,0.384274,-0.269672,0.38364,All
-0.403723,0.384274,-0.00804075,0.384908,-0.266438,0.384274,All
-0.402823,0.384908,-0.00654988,0.385542,-0.266047,0.384908,All
-0.402435,0.385542,-0.00628814,0.386176,-0.264911,0.385542,All
-0.400032,0.386176,-0.00595365,0.38681,-0.264491,0.386176,All
-0.397352,0.38681,-0.00552091,0.387445,-0.26319,0.38681,All
-0.396447,0.387445,-0.00483079,0.388079,-0.262904,0.387445,All
-0.396277,0.388079,-0.00476264,0.388713,-0.262516,0.388079,All
-0.395048,0.388713,-0.00417234,0.389347,-0.262488,0.388713,All
-0.394707,0.389347,-0.00386509,0.389981,-0.260318,0.389347,All
-0.394273,0.389981,-0.00121567,0.390615,-0.259035,0.389981,All
-0.391902,0.390615,-0.000762207,0.391249,-0.256285,0.390615,All
-0.391109,0.391249,-0.000556121,0.391883,-0.256084,0.391249,All
-0.390576,0.391883,-0.000123935,0.392517,-0.255028,0.391883,All
-0.389983,0.392517,3.41942e-05,0.393152,-0.25488,0.392517,All
-0.389453,0.393152,0.000100714,0.393786,-0.254121,0.393152,All
-0.388866,0.393786,0.000943042,0.39442,-0.253332,0.393786,All
-0.388814,0.39442,0.00203279,0.395054,-0.25281,0.39442,All
-0.387676,0.395054,0.00275629,0.395688,-0.251447,0.395054,All
-0.385663,0.395688,0.003096,0.396322,-0.251178,0.395688,All
-0.381612,0.396322,0.00367635,0.396956,-0.251078,0.396322,All
-0.381179,0.396956,0.00437829,0.39759,-0.250382,0.396956,All
-0.379322,0.39759,0.00496351,0.398224,-0.248029,0.39759,All
-0.375116,0.398224,0.00614029,0.398859,-0.247057,0.398224,All
-0.372041,0.398859,0.00640916,0.399493,-0.244785,0.398859,All
-0.371899,0.399493,0.00652122,0.400127,-0.243781,0.399493,All
-0.370686,0.400127,0.00670489,0.400761,-0.233126,0.400127,All
-0.369374,0.400761,0.00821372,0.401395,-0.230598,0.400761,All
-0.369337,0.401395,0.00874375,0.402029,-0.229116,0.401395,All
-0.366087,0.402029,0.00982572,0.402663,-0.227678,0.402029,All
-0.366004,0.402663,0.0112461,0.403297,-0.227012,0.402663,All
-0.365272,0.403297,0.01135,0.403932,-0.226758,0.403297,All
-0.361743,0.403932,0.0119023,0.404566,-0.226323,0.403932,All
-0.360792,0.404566,0.0139884,0.4052,-0.220337,0.404566,All
-0.360571,0.4052,0.0143951,0.405834,-0.219497,0.4052,All
-0.360005,0.405834,0.0160477,0.406468,-0.219346,0.405834,All
-0.35885,0.406468,0.0161375,0.407102,-0.218687,0.406468,All
-0.358203,0.407102,0.016645,0.407736,-0.218669,0.407102,All
-0.357027,0.407736,0.0172227,0.40837,-0.215595,0.407736,All
-0.354888,0.40837,0.0172942,0.409004,-0.21513,0.40837,All
-0.354735,0.409004,0.0180985,0.409639,-0.214946,0.409004,All
-0.354653,0.409639,0.0197162,0.410273,-0.214075,0.409639,All
-0.352257,0.410273,0.0204152,0.410907,-0.213117,0.410273,All
-0.351799,0.410907,0.0208871,0.411541,-0.212606,0.410907,All
-0.350045,0.411541,0.0212066,0.412175,-0.211527,0.411541,All
-0.349335,0.412175,0.0217709,0.412809,-0.211228,0.412175,All
-0.349281,0.412809,0.0227426,0.413443,-0.210371,0.412809,All
-0.349037,0.413443,0.0229835,0.414077,-0.207641,0.413443,All
-0.348731,0.414077,0.0230589,0.414711,-0.205984,0.414077,All
-0.347847,0.414711,0.0230756,0.415346,-0.204664,0.414711,All
-0.347741,0.415346,0.02379,0.41598,-0.204089,0.415346,All
-0.34656,0.41598,0.0241991,0.416614,-0.203057,0.41598,All
-0.346519,0.416614,0.0242886,0.417248,-0.202168,0.416614,All
-0.346501,0.417248,0.0244662,0.417882,-0.201923,0.417248,All
-0.346194,0.417882,0.0244701,0.418516,-0.2001,0.417882,All
-0.34603,0.418516,0.0258274,0.41915,-0.199709,0.418516,All
-0.345848,0.41915,0.0278947,0.419784,-0.193227,0.41915,All
-0.345468,0.419784,0.0281383,0.420419,-0.191244,0.419784,All
-0.3445,0.420419,0.0283425,0.421053,-0.185907,0.420419,All
-0.338268,0.421053,0.0287813,0.421687,-0.182951,0.421053,All
-0.33775,0.421687,0.0292772,0.422321,-0.182318,0.421687,All
-0.337001,0.422321,0.0295169,0.422955,-0.181536,0.422321,All
-0.336359,0.422955,0.0295699,0.423589,-0.178902,0.422955,All
-0.336044,0.423589,0.0296367,0.424223,-0.173701,0.423589,All
-0.335881,0.424223,0.0298038,0.424857,-0.173294,0.424223,All
-0.334987,0.424857,0.03002,0.425491,-0.170207,0.424857,All
-0.33302,0.425491,0.0300538,0.426126,-0.169561,0.425491,All
-0.332756,0.426126,0.0305619,0.42676,-0.167797,0.426126,All
-0.332665,0.42676,0.0307429,0.427394,-0.164807,0.42676,All
-0.332099,0.427394,0.0313917,0.428028,-0.164094,0.427394,All
-0.331811,0.428028,0.0331422,0.428662,-0.161888,0.428028,All
-0.330612,0.428662,0.033332,0.429296,-0.160963,0.428662,All
-0.328589,0.429296,0.0335128,0.42993,-0.159102,0.429296,All
-0.327017,0.42993,0.0335533,0.430564,-0.158392,0.42993,All
-0.325679,0.430564,0.034,0.431198,-0.158123,0.430564,All
-0.324001,0.431198,0.0342183,0.431833,-0.157147,0.431198,All
-0.319959,0.431833,0.0348086,0.432467,-0.155131,0.431833,All
-0.319787,0.432467,0.0352134,0.433101,-0.152376,0.432467,All
-0.319658,0.433101,0.0356667,0.433735,-0.15226,0.433101,All
-0.319597,0.433735,0.0357821,0.434369,-0.151112,0.433735,All
-0.319208,0.434369,0.0387521,0.435003,-0.148867,0.434369,All
-0.318988,0.435003,0.0410221,0.435637,-0.14685,0.435003,All
-0.318935,0.435637,0.0415693,0.436271,-0.144903,0.435637,All
-0.317586,0.436271,0.0419713,0.436906,-0.144428,0.436271,All
-0.31752,0.436906,0.0423203,0.43754,-0.144426,0.436906,All
-0.317401,0.43754,0.0431078,0.438174,-0.142912,0.43754,All
-0.316695,0.438174,0.044498,0.438808,-0.142062,0.438174,All
-0.31651,0.438808,0.0452661,0.439442,-0.141014,0.438808,All
-0.315648,0.439442,0.0458434,0.440076,-0.138461,0.439442,All
-0.314666,0.440076,0.0461005,0.44071,-0.1371,0.440076,All
-0.314044,0.44071,0.0462235,0.441344,-0.136875,0.44071,All
-0.30955,0.441344,0.0469094,0.441978,-0.135586,0.441344,All
-0.308864,0.441978,0.0474538,0.442613,-0.13505,0.441978,All
-0.301987,0.442613,0.0476705,0.443247,-0.134767,0.442613,All
-0.301135,0.443247,0.0483411,0.443881,-0.133016,0.443247,All
-0.297981,0.443881,0.0486978,0.444515,-0.132299,0.443881,All
-0.297316,0.444515,0.0488568,0.445149,-0.130456,0.444515,All
-0.29684,0.445149,0.0496525,0.445783,-0.130202,0.445149,All
-0.294177,0.445783,0.0507842,0.446417,-0.129064,0.445783,All
-0.292874,0.446417,0.0514481,0.447051,-0.127309,0.446417,All
-0.292143,0.447051,0.0514486,0.447685,-0.126915,0.447051,All
-0.289372,0.447685,0.0524781,0.44832,-0.122727,0.447685,All
-0.288482,0.44832,0.0526811,0.448954,-0.120644,0.44832,All
-0.286589,0.448954,0.0542401,0.449588,-0.11756,0.448954,All
-0.285539,0.449588,0.054482,0.450222,-0.114356,0.449588,All
-0.285407,0.450222,0.056818,0.450856,-0.11427,0.450222,All
-0.283599,0.450856,0.0569931,0.45149,-0.113572,0.450856,All
-0.281452,0.45149,0.0572602,0.452124,-0.113126,0.45149,All
-0.279158,0.452124,0.0573553,0.452758,-0.112855,0.452124,All
-0.27808,0.452758,0.0578071,0.453393,-0.110784,0.452758,All
-0.277849,0.453393,0.058217,0.454027,-0.110331,0.453393,All
-0.27481,0.454027,0.0583494,0.454661,-0.109865,0.454027,All
-0.272681,0.454661,0.0592204,0.455295,-0.10957,0.454661,All
-0.270303,0.455295,0.059227,0.455929,-0.10555,0.455295,All
-0.269616,0.455929,0.0593487,0.456563,-0.104631,0.455929,All
-0.268886,0.456563,0.0595279,0.457197,-0.0964585,0.456563,All
-0.268851,0.457197,0.060732,0.457831,-0.0934349,0.457197,All
-0.268499,0.457831,0.0617941,0.458465,-0.0902581,0.457831,All
-0.263859,0.458465,0.0622814,0.4591,-0.0899212,0.458465,All
-0.263734,0.4591,0.0623557,0.459734,-0.0894154,0.4591,All
-0.263233,0.459734,0.0628272,0.460368,-0.0880826,0.459734,All
-0.262999,0.460368,0.0630065,0.461002,-0.0862783,0.460368,All
-0.259779,0.461002,0.0639885,0.461636,-0.0838479,0.461002,All
-0.258162,0.461636,0.0653051,0.46227,-0.0825507,0.461636,All
-0.256857,0.46227,0.0664496,0.462904,-0.0793073,0.46227,All
-0.256617,0.462904,0.0667752,0.463538,-0.0790088,0.462904,All
-0.256466,0.463538,0.0671108,0.464172,-0.0780189,0.463538,All
-0.253811,0.464172,0.0675812,0.464807,-0.0749999,0.464172,All
-0.251105,0.464807,0.0676566,0.465441,-0.0736044,0.464807,All
-0.250843,0.465441,0.0680486,0.466075,-0.0732652,0.465441,All
-0.24656,0.466075,0.0687159,0.466709,-0.0703678,0.466075,All
-0.246447,0.466709,0.0699612,0.467343,-0.0684759,0.466709,All
-0.244577,0.467343,0.0701811,0.467977,-0.0680119,0.467343,All
-0.244395,0.467977,0.0731005,0.468611,-0.0647035,0.467977,All
-0.243823,0.468611,0.0733323,0.469245,-0.0640435,0.468611,All
-0.241624,0.469245,0.0735123,0.46988,-0.0634836,0.469245,All
-0.241505,0.46988,0.0744624,0.470514,-0.0630326,0.46988,All
-0.239737,0.470514,0.0748933,0.471148,-0.0626016,0.470514,All
-0.239468,0.471148,0.0752183,0.471782,-0.0572352,0.471148,All
-0.237839,0.471782,0.0757163,0.472416,-0.0567109,0.471782,All
-0.234358,0.472416,0.0768308,0.47305,-0.0513738,0.472416,All
-0.233637,0.47305,0.0769498,0.473684,-0.050354,0.47305,All
-0.23306,0.473684,0.0777602,0.474318,-0.0497204,0.473684,All
-0.226093,0.474318,0.0784252,0.474952,-0.0483799,0.474318,All
-0.222774,0.474952,0.0786087,0.475587,-0.0477789,0.474952,All
-0.220655,0.475587,0.0790226,0.476221,-0.0467701,0.475587,All
-0.219681,0.476221,0.0791674,0.476855,-0.0388141,0.476221,All
-0.219374,0.476855,0.0795291,0.477489,-0.0369976,0.476855,All
-0.218907,0.477489,0.0805478,0.478123,-0.0362304,0.477489,All
-0.21689,0.478123,0.0816915,0.478757,-0.0344755,0.478123,All
-0.214393,0.478757,0.082201,0.479391,-0.0334324,0.478757,All
-0.213504,0.479391,0.0827342,0.480025,-0.0318642,0.479391,All
-0.212467,0.480025,0.0828348,0.480659,-0.0312269,0.480025,All
-0.210793,0.480659,0.0831505,0.481294,-0.0251495,0.480659,All
-0.21072,0.481294,0.0834907,0.481928,-0.0246794,0.481294,All
-0.209987,0.481928,0.0835772,0.482562,-0.0246628,0.481928,All
-0.206871,0.482562,0.0861,0.483196,-0.0238448,0.482562,All
-0.202105,0.483196,0.0863664,0.48383,-0.0225136,0.483196,All
-0.201411,0.48383,0.0866064,0.484464,-0.0181677,0.48383,All
-0.199516,0.484464,0.0872348,0.485098,-0.0161542,0.484464,All
-0.198222,0.485098,0.087286,0.485732,-0.0144765,0.485098,All
-0.198209,0.485732,0.0876046,0.486367,-0.0136941,0.485732,All
-0.197534,0.486367,0.088536,0.487001,-0.012775,0.486367,All
-0.19654,0.487001,0.0888347,0.487635,-0.0114814,0.487001,All
-0.19481,0.487635,0.0890533,0.488269,-0.0104738,0.487635,All
-0.193303,0.488269,0.0903721,0.488903,0.000638866,0.488269,All
-0.191981,0.488903,0.0904177,0.489537,0.00133808,0.488903,All
-0.185884,0.489537,0.0921275,0.490171,0.00412937,0.489537,All
-0.185883,0.490171,0.0923011,0.490805,0.01074,0.490171,All
-0.184374,0.490805,0.0928408,0.491439,0.0118293,0.490805,All
-0.182686,0.491439,0.093766,0.492074,0.0122283,0.491439,All
-0.180758,0.492074,0.0942015,0.492708,0.0134264,0.492074,All
-0.1801,0.492708,0.0943413,0.493342,0.0143651,0.492708,All
-0.177245,0.493342,0.0953362,0.493976,0.0162859,0.493342,All
-0.177239,0.493976,0.0954236,0.49461,0.0169192,0.493976,All
-0.173191,0.49461,0.0954531,0.495244,0.0181471,0.49461,All
-0.168691,0.495244,0.0961499,0.495878,0.0202292,0.495244,All
-0.166061,0.495878,0.096409,0.496512,0.0228676,0.495878,All
-0.166005,0.496512,0.100645,0.497146,0.0239757,0.496512,All
-0.164439,0.497146,0.102506,0.497781,0.0243268,0.497146,All
-0.163153,0.497781,0.102599,0.498415,0.025256,0.497781,All
-0.162492,0.498415,0.103718,0.499049,0.0253311,0.498415,All
-0.15879,0.499049,0.104018,0.499683,0.0289752,0.499049,All
-0.156104,0.499683,0.105017,0.500317,0.0341123,0.499683,All
-0.155848,0.500317,0.105142,0.500951,0.0351634,0.500317,All
-0.155548,0.500951,0.107794,0.501585,0.0388582,0.500951,All
-0.154055,0.501585,0.107874,0.502219,0.039075,0.501585,All
-0.152586,0.502219,0.108159,0.502854,0.0410789,0.502219,All
-0.149737,0.502854,0.108458,0.503488,0.0422436,0.502854,All
-0.144402,0.503488,0.10897,0.504122,0.0430164,0.503488,All
-0.142598,0.504122,0.109085,0.504756,0.043194,0.504122,All
-0.142189,0.504756,0.10928,0.50539,0.0482865,0.504756,All
-0.141832,0.50539,0.110433,0.506024,0.0501666,0.50539,All
-0.140071,0.506024,0.111122,0.506658,0.0518083,0.506024,All
-0.139216,0.506658,0.111317,0.507292,0.0522836,0.506658,All
-0.13742,0.507292,0.113441,0.507926,0.0527174,0.507292,All
-0.136854,0.507926,0.113964,0.508561,0.0542665,0.507926,All
-0.135019,0.508561,0.114688,0.509195,0.05576,0.508561,All
-0.134828,0.509195,0.114793,0.509829,0.0572931,0.509195,All
-0.128185,0.509829,0.114894,0.510463,0.0577746,0.509829,All
-0.127601,0.510463,0.114925,0.511097,0.0590902,0.510463,All
-0.127568,0.511097,0.117584,0.511731,0.0618074,0.511097,All
-0.123084,0.511731,0.118048,0.512365,0.0628765,0.511731,All
-0.121516,0.512365,0.118476,0.512999,0.0647611,0.512365,All
-0.120899,0.512999,0.118848,0.513633,0.0684949,0.512999,All
-0.120741,0.513633,0.119108,0.514268,0.0692591,0.513633,All
-0.118438,0.514268,0.119328,0.514902,0.0701469,0.514268,All
-0.117676,0.514902,0.119522,0.515536,0.081505,0.514902,All
-0.117635,0.515536,0.120108,0.51617,0.0822221,0.515536,All
-0.116679,0.51617,0.120288,0.516804,0.0832029,0.51617,All
-0.115993,0.516804,0.121961,0.517438,0.0845568,0.516804,All
-0.108107,0.517438,0.122878,0.518072,0.0848594,0.517438,All
-0.106061,0.518072,0.123217,0.518706,0.0865274,0.518072,All
-0.105403,0.518706,0.124187,0.519341,0.0872167,0.518706,All
-0.10203,0.519341,0.125965,0.519975,0.0902213,0.519341,All
-0.101875,0.519975,0.126817,0.520609,0.0907345,0.519975,All
-0.101026,0.520609,0.128322,0.521243,0.0914148,0.520609,All
-0.10054,0.521243,0.129158,0.521877,0.0958366,0.521243,All
-0.0983321,0.521877,0.129376,0.522511,0.0961811,0.521877,All
-0.0960784,0.522511,0.129384,0.523145,0.0963704,0.522511,All
-0.0947926,0.523145,0.130184,0.523779,0.098031,0.523145,All
-0.0938734,0.523779,0.132227,0.524413,0.101334,0.523779,All
-0.0934176,0.524413,0.134151,0.525048,0.101623,0.524413,All
-0.0909936,0.525048,0.137016,0.525682,0.103133,0.525048,All
-0.0869709,0.525682,0.137518,0.526316,0.103901,0.525682,All
-0.0846467,0.526316,0.139608,0.52695,0.105307,0.526316,All
-0.0822473,0.52695,0.141171,0.527584,0.109556,0.52695,All
-0.0774324,0.527584,0.141181,0.528218,0.117649,0.527584,All
-0.0749133,0.528218,0.142337,0.528852,0.117769,0.528218,All
-0.0745104,0.528852,0.142344,0.529486,0.119505,0.528852,All
-0.0714733,0.529486,0.143438,0.53012,0.120938,0.529486,All
-0.0679933,0.53012,0.143754,0.530755,0.127026,0.53012,All
-0.0651156,0.530755,0.143827,0.531389,0.130625,0.530755,All
-0.0644943,0.531389,0.144273,0.532023,0.130892,0.531389,All
-0.0639547,0.532023,0.144748,0.532657,0.131305,0.532023,All
-0.0635638,0.532657,0.145501,0.533291,0.131492,0.532657,All
-0.0606562,0.533291,0.146027,0.533925,0.135188,0.533291,All
-0.059089,0.533925,0.146914,0.534559,0.139769,0.533925,All
-0.057534,0.534559,0.147417,0.535193,0.14127,0.534559,All
-0.0566978,0.535193,0.148414,0.535828,0.141452,0.535193,All
-0.0560389,0.535828,0.148889,0.536462,0.142931,0.535828,All
-0.0535236,0.536462,0.149303,0.537096,0.143142,0.536462,All
-0.0524466,0.537096,0.150048,0.53773,0.144405,0.537096,All
-0.052354,0.53773,0.150304,0.538364,0.146018,0.53773,All
-0.0470522,0.538364,0.15033,0.538998,0.148856,0.538364,All
-0.0447103,0.538998,0.15197,0.539632,0.148865,0.538998,All
-0.0439565,0.539632,0.153504,0.540266,0.150373,0.539632,All
-0.0434609,0.540266,0.154515,0.5409,0.152042,0.540266,All
-0.0416904,0.5409,0.15577,0.541535,0.153131,0.5409,All
-0.0414264,0.541535,0.157159,0.542169,0.155464,0.541535,All
-0.040915,0.542169,0.157781,0.542803,0.159675,0.542169,All
-0.040063,0.542803,0.158324,0.543437,0.162071,0.542803,All
-0.0364318,0.543437,0.159951,0.544071,0.168343,0.543437,All
-0.0304131,0.544071,0.160102,0.544705,0.171938,0.544071,All
-0.0290418,0.544705,0.16014,0.545339,0.172049,0.544705,All
-0.0287391,0.545339,0.160174,0.545973,0.17319,0.545339,All
-0.0280753,0.545973,0.163294,0.546607,0.173391,0.545973,All
-0.0274136,0.546607,0.164832,0.547242,0.175544,0.546607,All
-0.0270941,0.547242,0.164938,0.547876,0.175683,0.547242,All
-0.0257301,0.547876,0.165115,0.54851,0.175703,0.547876,All
-0.0255813,0.54851,0.165412,0.549144,0.17809,0.54851,All
-0.0234638,0.549144,0.165642,0.549778,0.178095,0.549144,All
-0.0225409,0.549778,0.168364,0.550412,0.178165,0.549778,All
-0.0201595,0.550412,0.168608,0.551046,0.178231,0.550412,All
-0.0194084,0.551046,0.169971,0.55168,0.178901,0.551046,All
-0.0164727,0.55168,0.170247,0.552315,0.181499,0.55168,All
-0.0152071,0.552315,0.170322,0.552949,0.181946,0.552315,All
-0.0144618,0.552949,0.170617,0.553583,0.184714,0.552949,All
-0.0101347,0.553583,0.172879,0.554217,0.184805,0.553583,All
-0.00980832,0.554217,0.173923,0.554851,0.186548,0.554217,All
-0.00904558,0.554851,0.175097,0.555485,0.187209,0.554851,All
-0.00867325,0.555485,0.175254,0.556119,0.188674,0.555485,All
-0.00720368,0.556119,0.175485,0.556753,0.189041,0.556119,All
-0.00693175,0.556753,0.175836,0.557387,0.191699,0.556753,All
-0.00679177,0.557387,0.176666,0.558022,0.19173,0.557387,All
-0.0063233,0.558022,0.177099,0.558656,0.192877,0.558022,All
-0.00506308,0.558656,0.178316,0.55929,0.193582,0.558656,All
-0.0045597,0.55929,0.178941,0.559924,0.199686,0.55929,All
-0.00270373,0.559924,0.180446,0.560558,0.204078,0.559924,All
-0.0025394,0.560558,0.181558,0.561192,0.204161,0.560558,All
0.0018968,0.561192,0.181797,0.561826,0.20464,0.561192,All
0.00721168,0.561826,0.182067,0.56246,0.205196,0.561826,All
0.00954178,0.56246,0.182635,0.563094,0.207364,0.56246,All
0.0123861,0.563094,0.182839,0.563729,0.208789,0.563094,All
0.0128621,0.563729,0.183512,0.564363,0.210262,0.563729,All
0.0139872,0.564363,0.184252,0.564997,0.210965,0.564363,All
0.0155238,0.564997,0.18475,0.565631,0.213051,0.564997,All
0.0173802,0.565631,0.18476,0.566265,0.214203,0.565631,All
0.0197807,0.566265,0.185036,0.566899,0.214511,0.566265,All
0.0211782,0.566899,0.185926,0.567533,0.214969,0.566899,All
0.0213019,0.567533,0.186458,0.568167,0.2176,0.567533,All
0.0231244,0.568167,0.187833,0.568802,0.218618,0.568167,All
0.0238104,0.568802,0.188249,0.569436,0.221619,0.568802,All
0.0240834,0.569436,0.188797,0.57007,0.222999,0.569436,All
0.0286594,0.57007,0.188828,0.570704,0.223694,0.57007,All
0.0306152,0.570704,0.189287,0.571338,0.224237,0.570704,All
0.0338635,0.571338,0.191165,0.571972,0.224361,0.571338,All
0.0348673,0.571972,0.191345,0.572606,0.224942,0.571972,All
0.0352501,0.572606,0.191853,0.57324,0.228729,0.572606,All
0.0356012,0.57324,0.194654,0.573874,0.228925,0.57324,All
0.0391946,0.573874,0.195548,0.574509,0.231589,0.573874,All
0.0401024,0.574509,0.197907,0.575143,0.231657,0.574509,All
0.0409143,0.575143,0.199424,0.575777,0.233,0.575143,All
0.0424203,0.575777,0.20088,0.576411,0.234594,0.575777,All
0.0449652,0.576411,0.201913,0.577045,0.236367,0.576411,All
0.0469449,0.577045,0.20222,0.577679,0.243435,0.577045,All
0.0470213,0.577679,0.202341,0.578313,0.244902,0.577679,All
0.0495179,0.578313,0.20408,0.578947,0.245347,0.578313,All
0.0500332,0.578947,0.204604,0.579581,0.245608,0.578947,All
0.0508659,0.579581,0.20663,0.580216,0.247373,0.579581,All
0.0520586,0.580216,0.206999,0.58085,0.248187,0.580216,All
0.0525498,0.58085,0.209989,0.581484,0.248831,0.58085,All
0.0544147,0.581484,0.210077,0.582118,0.252096,0.581484,All
0.0547157,0.582118,0.21011,0.582752,0.254165,0.582118,All
0.0597055,0.582752,0.210393,0.583386,0.254361,0.582752,All
0.063879,0.583386,0.211026,0.58402,0.255654,0.583386,All
0.0649806,0.58402,0.212224,0.584654,0.258966,0.58402,All
0.0672649,0.584654,0.212392,0.585289,0.262201,0.584654,All
0.0680702,0.585289,0.213585,0.585923,0.264339,0.585289,All
0.0707674,0.585923,0.213837,0.586557,0.26571,0.585923,All
0.072659,0.586557,0.214926,0.587191,0.269848,0.586557,All
0.0732769,0.587191,0.215655,0.587825,0.270361,0.587191,All
0.0736757,0.587825,0.216031,0.588459,0.273141,0.587825,All
0.0748478,0.588459,0.216276,0.589093,0.274795,0.588459,All
0.0756991,0.589093,0.216417,0.589727,0.274866,0.589093,All
0.0761843,0.589727,0.216566,0.590361,0.275236,0.589727,All
0.0764258,0.590361,0.216964,0.590996,0.27559,0.590361,All
0.0768968,0.590996,0.219588,0.59163,0.279082,0.590996,All
0.0779841,0.59163,0.221622,0.592264,0.279098,0.59163,All
0.0783846,0.592264,0.222441,0.592898,0.280887,0.592264,All
0.0817405,0.592898,0.222448,0.593532,0.28109,0.592898,All
0.0833576,0.593532,0.222639,0.594166,0.283195,0.593532,All
0.08371,0.594166,0.223034,0.5948,0.28552,0.594166,All
0.0841358,0.5948,0.223064,0.595434,0.292707,0.5948,All
0.0848956,0.595434,0.223378,0.596068,0.293353,0.595434,All
0.085375,0.596068,0.223704,0.596703,0.295012,0.596068,All
0.0872224,0.596703,0.224029,0.597337,0.295043,0.596703,All
0.0874369,0.597337,0.224596,0.597971,0.296579,0.597337,All
0.0879102,0.597971,0.224843,0.598605,0.298304,0.597971,All
0.0884571,0.598605,0.225045,0.599239,0.302254,0.598605,All
0.0898252,0.599239,0.227298,0.599873,0.30404,0.599239,All
0.0898863,0.599873,0.227322,0.600507,0.304394,0.599873,All
0.0918763,0.600507,0.227648,0.601141,0.305719,0.600507,All
0.0977362,0.601141,0.229657,0.601776,0.307674,0.601141,All
0.100258,0.601776,0.230064,0.60241,0.30778,0.601776,All
0.101525,0.60241,0.232112,0.603044,0.308915,0.60241,All
0.105098,0.603044,0.233104,0.603678,0.312302,0.603044,All
0.105529,0.603678,0.234591,0.604312,0.312515,0.603678,All
0.10614,0.604312,0.235128,0.604946,0.312952,0.604312,All
0.106162,0.604946,0.236331,0.60558,0.314839,0.604946,All
0.106981,0.60558,0.236398,0.606214,0.315011,0.60558,All
0.108165,0.606214,0.238347,0.606848,0.316791,0.606214,All
0.110204,0.606848,0.238628,0.607483,0.31708,0.606848,All
0.114732,0.607483,0.238848,0.608117,0.317853,0.607483,All
0.116744,0.608117,0.239601,0.608751,0.319751,0.608117,All
0.117429,0.608751,0.240003,0.609385,0.32168,0.608751,All
0.117668,0.609385,0.24149,0.610019,0.322742,0.609385,All
0.117737,0.610019,0.241942,0.610653,0.323169,0.610019,All
0.117821,0.610653,0.244097,0.611287,0.324612,0.610653,All
0.12007,0.611287,0.244815,0.611921,0.32534,0.611287,All
0.122716,0.611921,0.245298,0.612555,0.32562,0.611921,All
0.12426,0.612555,0.245763,0.61319,0.325849,0.612555,All
0.126331,0.61319,0.245947,0.613824,0.327035,0.61319,All
0.126705,0.613824,0.246999,0.614458,0.329028,0.613824,All
0.127363,0.614458,0.247207,0.615092,0.33048,0.614458,All
0.129406,0.615092,0.247883,0.615726,0.33577,0.615092,All
0.134481,0.615726,0.249437,0.61636,0.337179,0.615726,All
0.135361,0.61636,0.250121,0.616994,0.340289,0.61636,All
0.136049,0.616994,0.251648,0.617628,0.341438,0.616994,All
0.13829,0.617628,0.25174,0.618263,0.342688,0.617628,All
0.140131,0.618263,0.251757,0.618897,0.342789,0.618263,All
0.14151,0.618897,0.251815,0.619531,0.345009,0.618897,All
0.143773,0.619531,0.252334,0.620165,0.346734,0.619531,All
0.146122,0.620165,0.253879,0.620799,0.346901,0.620165,All
0.1485,0.620799,0.253918,0.621433,0.348369,0.620799,All
0.150667,0.621433,0.254601,0.622067,0.353469,0.621433,All
0.152378,0.622067,0.255573,0.622701,0.353786,0.622067,All
0.154927,0.622701,0.255846,0.623335,0.355071,0.622701,All
0.155584,0.623335,0.255918,0.62397,0.35604,0.623335,All
0.156715,0.62397,0.25751,0.624604,0.359192,0.62397,All
0.156829,0.624604,0.25919,0.625238,0.359236,0.624604,All
0.157438,0.625238,0.262058,0.625872,0.360411,0.625238,All
0.159685,0.625872,0.26257,0.626506,0.365191,0.625872,All
0.161503,0.626506,0.262705,0.62714,0.368085,0.626506,All
0.162363,0.62714,0.263068,0.627774,0.368128,0.62714,All
0.165398,0.627774,0.263354,0.628408,0.369744,0.627774,All
0.165926,0.628408,0.264631,0.629042,0.37007,0.628408,All
0.173942,0.629042,0.26476,0.629677,0.37107,0.629042,All
0.175087,0.629677,0.265138,0.630311,0.372164,0.629677,All
0.175818,0.630311,0.266637,0.630945,0.372755,0.630311,All
0.176315,0.630945,0.266903,0.631579,0.372912,0.630945,All
0.177151,0.631579,0.267534,0.632213,0.373081,0.631579,All
0.177615,0.632213,0.267847,0.632847,0.375928,0.632213,All
0.179033,0.632847,0.269164,0.633481,0.381045,0.632847,All
0.184856,0.633481,0.269474,0.634115,0.382628,0.633481,All
0.186174,0.634115,0.270329,0.63475,0.383408,0.634115,All
0.18855,0.63475,0.270421,0.635384,0.386331,0.63475,All
0.193998,0.635384,0.272457,0.636018,0.388253,0.635384,All
0.19415,0.636018,0.273027,0.636652,0.389708,0.636018,All
0.195329,0.636652,0.275009,0.637286,0.39184,0.636652,All
0.196401,0.637286,0.276114,0.63792,0.39301,0.637286,All
0.196551,0.63792,0.276979,0.638554,0.394514,0.63792,All
0.197289,0.638554,0.277921,0.639188,0.395366,0.638554,All
0.197543,0.639188,0.278558,0.639822,0.396496,0.639188,All
0.199055,0.639822,0.279677,0.640457,0.397982,0.639822,All
0.200267,0.640457,0.280246,0.641091,0.398122,0.640457,All
0.200897,0.641091,0.281432,0.641725,0.401121,0.641091,All
0.201126,0.641725,0.281966,0.642359,0.403043,0.641725,All
0.201454,0.642359,0.282326,0.642993,0.403913,0.642359,All
0.201687,0.642993,0.285043,0.643627,0.404767,0.642993,All
0.204942,0.643627,0.285363,0.644261,0.407858,0.643627,All
0.207226,0.644261,0.285442,0.644895,0.409595,0.644261,All
0.209523,0.644895,0.28617,0.645529,0.411103,0.644895,All
0.212867,0.645529,0.287086,0.646164,0.411449,0.645529,All
0.219867,0.646164,0.287404,0.646798,0.412412,0.646164,All
0.220204,0.646798,0.288164,0.647432,0.412775,0.646798,All
0.221001,0.647432,0.288457,0.648066,0.41336,0.647432,All
0.224772,0.648066,0.288747,0.6487,0.413886,0.648066,All
0.227205,0.6487,0.289353,0.649334,0.415749,0.6487,All
0.22909,0.649334,0.289586,0.649968,0.416503,0.649334,All
0.230874,0.649968,0.289788,0.650602,0.421192,0.649968,All
0.235652,0.650602,0.289845,0.651237,0.421917,0.650602,All
0.236802,0.651237,0.29019,0.651871,0.423992,0.651237,All
0.238257,0.651871,0.290396,0.652505,0.425446,0.651871,All
0.241245,0.652505,0.29048,0.653139,0.427041,0.652505,All
0.242553,0.653139,0.290755,0.653773,0.431868,0.653139,All
0.246079,0.653773,0.291314,0.654407,0.43536,0.653773,All
0.248465,0.654407,0.291666,0.655041,0.437271,0.654407,All
0.248824,0.655041,0.292081,0.655675,0.441826,0.655041,All
0.250322,0.655675,0.292925,0.656309,0.444285,0.655675,All
0.250385,0.656309,0.294618,0.656944,0.448125,0.656309,All
0.250921,0.656944,0.294766,0.657578,0.451363,0.656944,All
0.251428,0.657578,0.294811,0.658212,0.451983,0.657578,All
0.252373,0.658212,0.294979,0.658846,0.457837,0.658212,All
0.254369,0.658846,0.295334,0.65948,0.457939,0.658846,All
0.257346,0.65948,0.296448,0.660114,0.459263,0.65948,All
0.25952,0.660114,0.296674,0.660748,0.460684,0.660114,All
0.259842,0.660748,0.296717,0.661382,0.46133,0.660748,All
0.260985,0.661382,0.297152,0.662016,0.462445,0.661382,All
0.265432,0.662016,0.297466,0.662651,0.464535,0.662016,All
0.268209,0.662651,0.298267,0.663285,0.469534,0.662651,All
0.26944,0.663285,0.301004,0.663919,0.470395,0.663285,All
0.269606,0.663919,0.301579,0.664553,0.470681,0.663919,All
0.270108,0.664553,0.302114,0.665187,0.473873,0.664553,All
0.270617,0.665187,0.303536,0.665821,0.473887,0.665187,All
0.272728,0.665821,0.304111,0.666455,0.474481,0.665821,All
0.272804,0.666455,0.304822,0.667089,0.475926,0.666455,All
0.274482,0.667089,0.305001,0.667724,0.478618,0.667089,All
0.289394,0.667724,0.306375,0.668358,0.479734,0.667724,All
0.29066,0.668358,0.30889,0.668992,0.482609,0.668358,All
0.295242,0.668992,0.310452,0.669626,0.483152,0.668992,All
0.29701,0.669626,0.311306,0.67026,0.483499,0.669626,All
0.299206,0.67026,0.312495,0.670894,0.487346,0.67026,All
0.299548,0.670894,0.313838,0.671528,0.488175,0.670894,All
0.299569,0.671528,0.315239,0.672162,0.489024,0.671528,All
0.299583,0.672162,0.315395,0.672796,0.489098,0.672162,All
0.304791,0.672796,0.317535,0.673431,0.490498,0.672796,All
0.309224,0.673431,0.318001,0.674065,0.491405,0.673431,All
0.310358,0.674065,0.318394,0.674699,0.49641,0.674065,All
0.31463,0.674699,0.319282,0.675333,0.496674,0.674699,All
0.314742,0.675333,0.319507,0.675967,0.496904,0.675333,All
0.317719,0.675967,0.322852,0.676601,0.501137,0.675967,All
0.318483,0.676601,0.323705,0.677235,0.50218,0.676601,All
0.319172,0.677235,0.324626,0.677869,0.503318,0.677235,All
0.321569,0.677869,0.324913,0.678503,0.50511,0.677869,All
0.324306,0.678503,0.325125,0.679138,0.508537,0.678503,All
0.328438,0.679138,0.329849,0.679772,0.508845,0.679138,All
0.32863,0.679772,0.331074,0.680406,0.510402,0.679772,All
0.334366,0.680406,0.332913,0.68104,0.521591,0.680406,All
0.336611,0.68104,0.333258,0.681674,0.522114,0.68104,All
0.337112,0.681674,0.333684,0.682308,0.523532,0.681674,All
0.340832,0.682308,0.334218,0.682942,0.524231,0.682308,All
0.343693,0.682942,0.335188,0.683576,0.529723,0.682942,All
0.345156,0.683576,0.337313,0.684211,0.530835,0.683576,All
0.345574,0.684211,0.337947,0.684845,0.533127,0.684211,All
0.348094,0.684845,0.337982,0.685479,0.533567,0.684845,All
0.350236,0.685479,0.338087,0.686113,0.536708,0.685479,All
0.351028,0.686113,0.338853,0.686747,0.536711,0.686113,All
0.351614,0.686747,0.34004,0.687381,0.539401,0.686747,All
0.35186,0.687381,0.340366,0.688015,0.539448,0.687381,All
0.352008,0.688015,0.341287,0.688649,0.542338,0.688015,All
0.352188,0.688649,0.341454,0.689283,0.542798,0.688649,All
0.356732,0.689283,0.341493,0.689918,0.545334,0.689283,All
0.35737,0.689918,0.342171,0.690552,0.548871,0.689918,All
0.357421,0.690552,0.342342,0.691186,0.549261,0.690552,All
0.359645,0.691186,0.343167,0.69182,0.550826,0.691186,All
0.360684,0.69182,0.343291,0.692454,0.561366,0.69182,All
0.366403,0.692454,0.345016,0.693088,0.561669,0.692454,All
0.367413,0.693088,0.345423,0.693722,0.562789,0.693088,All
0.370472,0.693722,0.345509,0.694356,0.563112,0.693722,All
0.371523,0.694356,0.346069,0.69499,0.564994,0.694356,All
0.376316,0.69499,0.348571,0.695625,0.565106,0.69499,All
0.376678,0.695625,0.349807,0.696259,0.566494,0.695625,All
0.383977,0.696259,0.35118,0.696893,0.571193,0.696259,All
0.384753,0.696893,0.351969,0.697527,0.573389,0.696893,All
0.389687,0.697527,0.353473,0.698161,0.576458,0.697527,All
0.390601,0.698161,0.353751,0.698795,0.576882,0.698161,All
0.392174,0.698795,0.353788,0.699429,0.578513,0.698795,All
0.393194,0.699429,0.354827,0.700063,0.579801,0.699429,All
0.398503,0.700063,0.355534,0.700698,0.581466,0.700063,All
0.39909,0.700698,0.356344,0.701332,0.582413,0.700698,All
0.401465,0.701332,0.356674,0.701966,0.583515,0.701332,All
0.402185,0.701966,0.356948,0.7026,0.584537,0.701966,All
0.403454,0.7026,0.357041,0.703234,0.586218,0.7026,All
0.403878,0.703234,0.357141,0.703868,0.586233,0.703234,All
0.403997,0.703868,0.358824,0.704502,0.588065,0.703868,All
0.407854,0.704502,0.361238,0.705136,0.588242,0.704502,All
0.418358,0.705136,0.363572,0.70577,0.588778,0.705136,All
0.419358,0.70577,0.363973,0.706405,0.590313,0.70577,All
0.420271,0.706405,0.364427,0.707039,0.592821,0.706405,All
0.422178,0.707039,0.364602,0.707673,0.595204,0.707039,All
0.427069,0.707673,0.364718,0.708307,0.602818,0.707673,All
0.431003,0.708307,0.365063,0.708941,0.606411,0.708307,All
0.434763,0.708941,0.367881,0.709575,0.606976,0.708941,All
0.436827,0.709575,0.368753,0.710209,0.61075,0.709575,All
0.4382,0.710209,0.369387,0.710843,0.612028,0.710209,All
0.438284,0.710843,0.369723,0.711477,0.614092,0.710843,All
0.438835,0.711477,0.370234,0.712112,0.614729,0.711477,All
0.439659,0.712112,0.371403,0.712746,0.615006,0.712112,All
0.443494,0.712746,0.373431,0.71338,0.616215,0.712746,All
0.444035,0.71338,0.375181,0.714014,0.618648,0.71338,All
0.444749,0.714014,0.375833,0.714648,0.620091,0.714014,All
0.447187,0.714648,0.377149,0.715282,0.620175,0.714648,All
0.447603,0.715282,0.377454,0.715916,0.633733,0.715282,All
0.451815,0.715916,0.377821,0.71655,0.634181,0.715916,All
0.456443,0.71655,0.37853,0.717185,0.636018,0.71655,All
0.459173,0.717185,0.379323,0.717819,0.636037,0.717185,All
0.460971,0.717819,0.379462,0.718453,0.637517,0.717819,All
0.46286,0.718453,0.382404,0.719087,0.640083,0.718453,All
0.46546,0.719087,0.384378,0.719721,0.640535,0.719087,All
0.466364,0.719721,0.384447,0.720355,0.640557,0.719721,All
0.467485,0.720355,0.384779,0.720989,0.644061,0.720355,All
0.470097,0.720989,0.385796,0.721623,0.644646,0.720989,All
0.4718,0.721623,0.388466,0.722257,0.647665,0.721623,All
0.475352,0.722257,0.388483,0.722892,0.64785,0.722257,All
0.475552,0.722892,0.389894,0.723526,0.648011,0.722892,All
0.477146,0.723526,0.390107,0.72416,0.648595,0.723526,All
0.477309,0.72416,0.39046,0.724794,0.650842,0.72416,All
0.488456,0.724794,0.391271,0.725428,0.651845,0.724794,All
0.492614,0.725428,0.393362,0.726062,0.652939,0.725428,All
0.493252,0.726062,0.394569,0.726696,0.658844,0.726062,All
0.495296,0.726696,0.394676,0.72733,0.661583,0.726696,All
0.496943,0.72733,0.395709,0.727964,0.661718,0.72733,All
0.497793,0.727964,0.396108,0.728599,0.666544,0.727964,All
0.499391,0.728599,0.398326,0.729233,0.668642,0.728599,All
0.50132,0.729233,0.399559,0.729867,0.67217,0.729233,All
0.501985,0.729867,0.399922,0.730501,0.672874,0.729867,All
0.507082,0.730501,0.400571,0.731135,0.673205,0.730501,All
0.509147,0.731135,0.401206,0.731769,0.675963,0.731135,All
0.510936,0.731769,0.402473,0.732403,0.681956,0.731769,All
0.511443,0.732403,0.402918,0.733037,0.686928,0.732403,All
0.513477,0.733037,0.403858,0.733672,0.687598,0.733037,All
0.513541,0.733672,0.404624,0.734306,0.69056,0.733672,All
0.519147,0.734306,0.407005,0.73494,0.6926,0.734306,All
0.521472,0.73494,0.407464,0.735574,0.694517,0.73494,All
0.522646,0.735574,0.408237,0.736208,0.699644,0.735574,All
0.523763,0.736208,0.40908,0.736842,0.702315,0.736208,All
0.527787,0.736842,0.413389,0.737476,0.702461,0.736842,All
0.529024,0.737476,0.415466,0.73811,0.703792,0.737476,All
0.530192,0.73811,0.415488,0.738744,0.703797,0.73811,All
0.532534,0.738744,0.419403,0.739379,0.70619,0.738744,All
0.536569,0.739379,0.421407,0.740013,0.707488,0.739379,All
0.537244,0.740013,0.421707,0.740647,0.709773,0.740013,All
0.538813,0.740647,0.422684,0.741281,0.711473,0.740647,All
0.544776,0.741281,0.423378,0.741915,0.715356,0.741281,All
0.547004,0.741915,0.424484,0.742549,0.716675,0.741915,All
0.550109,0.742549,0.424548,0.743183,0.71896,0.742549,All
0.55111,0.743183,0.425759,0.743817,0.719756,0.743183,All
0.55396,0.743817,0.426422,0.744451,0.723129,0.743817,All
0.554697,0.744451,0.426503,0.745086,0.723277,0.744451,All
0.556,0.745086,0.427314,0.74572,0.724639,0.745086,All
0.558125,0.74572,0.427886,0.746354,0.731762,0.74572,All
0.559368,0.746354,0.428259,0.746988,0.734588,0.746354,All
0.560637,0.746988,0.4288,0.747622,0.735396,0.746988,All
0.562516,0.747622,0.429631,0.748256,0.73932,0.747622,All
0.562935,0.748256,0.431463,0.74889,0.741853,0.748256,All
0.565444,0.74889,0.432652,0.749524,0.743229,0.74889,All
0.56551,0.749524,0.432802,0.750159,0.743757,0.749524,All
0.566062,0.750159,0.432846,0.750793,0.743852,0.750159,All
0.56776,0.750793,0.432861,0.751427,0.746064,0.750793,All
0.568997,0.751427,0.433117,0.752061,0.748563,0.751427,All
0.569068,0.752061,0.434266,0.752695,0.75209,0.752061,All
0.579482,0.752695,0.434373,0.753329,0.752979,0.752695,All
0.580777,0.753329,0.434647,0.753963,0.75321,0.753329,All
0.581986,0.753963,0.434714,0.754597,0.754966,0.753963,All
0.590891,0.754597,0.435688,0.755231,0.75827,0.754597,All
0.591872,0.755231,0.435869,0.755866,0.758485,0.755231,All
0.596977,0.755866,0.436492,0.7565,0.760906,0.755866,All
0.612949,0.7565,0.436853,0.757134,0.761187,0.7565,All
0.628162,0.757134,0.438753,0.757768,0.761925,0.757134,All
0.628445,0.757768,0.439075,0.758402,0.768803,0.757768,All
0.628778,0.758402,0.440162,0.759036,0.769518,0.758402,All
0.632739,0.759036,0.443781,0.75967,0.770786,0.759036,All
0.639057,0.75967,0.444451,0.760304,0.771365,0.75967,All
0.640567,0.760304,0.445043,0.760938,0.774254,0.760304,All
0.641228,0.760938,0.445514,0.761573,0.774904,0.760938,All
0.643511,0.761573,0.446015,0.762207,0.775788,0.761573,All
0.64721,0.762207,0.446721,0.762841,0.786687,0.762207,All
0.650492,0.762841,0.447297,0.763475,0.788516,0.762841,All
0.652622,0.763475,0.447461,0.764109,0.794355,0.763475,All
0.655808,0.764109,0.44883,0.764743,0.795289,0.764109,All
0.657077,0.764743,0.449931,0.765377,0.799285,0.764743,All
0.662322,0.765377,0.45023,0.766011,0.800435,0.765377,All
0.663193,0.766011,0.450629,0.766646,0.803333,0.766011,All
0.666943,0.766646,0.452024,0.76728,0.804704,0.766646,All
0.667461,0.76728,0.453747,0.767914,0.807428,0.76728,All
0.670884,0.767914,0.454022,0.768548,0.808412,0.767914,All
0.671079,0.768548,0.455565,0.769182,0.815637,0.768548,All
0.6721,0.769182,0.455752,0.769816,0.815966,0.769182,All
0.675088,0.769816,0.456221,0.77045,0.819997,0.769816,All
0.676678,0.77045,0.456286,0.771084,0.824948,0.77045,All
0.677279,0.771084,0.456694,0.771718,0.825968,0.771084,All
0.682586,0.771718,0.456779,0.772353,0.828393,0.771718,All
0.682649,0.772353,0.457763,0.772987,0.830036,0.772353,All
0.687646,0.772987,0.458432,0.773621,0.831809,0.772987,All
0.688747,0.773621,0.458692,0.774255,0.836015,0.773621,All
0.689624,0.774255,0.459972,0.774889,0.837701,0.774255,All
0.692375,0.774889,0.460016,0.775523,0.838094,0.774889,All
0.694418,0.775523,0.460468,0.776157,0.839406,0.775523,All
0.694705,0.776157,0.463203,0.776791,0.840217,0.776157,All
0.699049,0.776791,0.464158,0.777425,0.840427,0.776791,All
0.700561,0.777425,0.465854,0.77806,0.842499,0.777425,All
0.703862,0.77806,0.46831,0.778694,0.846448,0.77806,All
0.706813,0.778694,0.469205,0.779328,0.84659,0.778694,All
0.709894,0.779328,0.469498,0.779962,0.848912,0.779328,All
0.709915,0.779962,0.470693,0.780596,0.850102,0.779962,All
0.718288,0.780596,0.470997,0.78123,0.850824,0.780596,All
0.721702,0.78123,0.473722,0.781864,0.855305,0.78123,All
0.723078,0.781864,0.474901,0.782498,0.855372,0.781864,All
0.724886,0.782498,0.478004,0.783133,0.858918,0.782498,All
0.72529,0.783133,0.478006,0.783767,0.862592,0.783133,All
0.726924,0.783767,0.479163,0.784401,0.863424,0.783767,All
0.732372,0.784401,0.48062,0.785035,0.864713,0.784401,All
0.734872,0.785035,0.480968,0.785669,0.867892,0.785035,All
0.736881,0.785669,0.481109,0.786303,0.868418,0.785669,All
0.73899,0.786303,0.482584,0.786937,0.870918,0.786303,All
0.741673,0.786937,0.485075,0.787571,0.873714,0.786937,All
0.742562,0.787571,0.486729,0.788205,0.875213,0.787571,All
0.745475,0.788205,0.487376,0.78884,0.877713,0.788205,All
0.751606,0.78884,0.487625,0.789474,0.879128,0.78884,All
0.755197,0.789474,0.488629,0.790108,0.879176,0.789474,All
0.755796,0.790108,0.490859,0.790742,0.881897,0.790108,All
0.758724,0.790742,0.49104,0.791376,0.885366,0.790742,All
0.759656,0.791376,0.492134,0.79201,0.886242,0.791376,All
0.762407,0.79201,0.495854,0.792644,0.889071,0.79201,All
0.763957,0.792644,0.496209,0.793278,0.892577,0.792644,All
0.770927,0.793278,0.496663,0.793912,0.893157,0.793278,All
0.771962,0.793912,0.496999,0.794547,0.895078,0.793912,All
0.772873,0.794547,0.497265,0.795181,0.895298,0.794547,All
0.785823,0.795181,0.498258,0.795815,0.898423,0.795181,All
0.790518,0.795815,0.499249,0.796449,0.899574,0.795815,All
0.791788,0.796449,0.499543,0.797083,0.901071,0.796449,All
0.794758,0.797083,0.503304,0.797717,0.904611,0.797083,All
0.79787,0.797717,0.503951,0.798351,0.908597,0.797717,All
0.799183,0.798351,0.505392,0.798985,0.909529,0.798351,All
0.79976,0.798985,0.506953,0.79962,0.912259,0.798985,All
0.800136,0.79962,0.507002,0.800254,0.913191,0.79962,All
0.804059,0.800254,0.508174,0.800888,0.919812,0.800254,All
0.804345,0.800888,0.511913,0.801522,0.922387,0.800888,All
0.8087,0.801522,0.512263,0.802156,0.922431,0.801522,All
0.815739,0.802156,0.51234,0.80279,0.928199,0.802156,All
0.818736,0.80279,0.513055,0.803424,0.930449,0.80279,All
0.820444,0.803424,0.515769,0.804058,0.933483,0.803424,All
0.821844,0.804058,0.516867,0.804692,0.935727,0.804058,All
0.823202,0.804692,0.517432,0.805327,0.935907,0.804692,All
0.823848,0.805327,0.517776,0.805961,0.93595,0.805327,All
0.825424,0.805961,0.519235,0.806595,0.939357,0.805961,All
0.826146,0.806595,0.519741,0.807229,0.94205,0.806595,All
0.826374,0.807229,0.520136,0.807863,0.942261,0.807229,All
0.828443,0.807863,0.52023,0.808497,0.942637,0.807863,All
0.835744,0.808497,0.522396,0.809131,0.947211,0.808497,All
0.836886,0.809131,0.523323,0.809765,0.9485,0.809131,All
0.837317,0.809765,0.523525,0.810399,0.951663,0.809765,All
0.846989,0.810399,0.523686,0.811034,0.952633,0.810399,All
0.849992,0.811034,0.525658,0.811668,0.953777,0.811034,All
0.851152,0.811668,0.527849,0.812302,0.953873,0.811668,All
0.855328,0.812302,0.528134,0.812936,0.954098,0.812302,All
0.857186,0.812936,0.530094,0.81357,0.959841,0.812936,All
0.858592,0.81357,0.530341,0.814204,0.961997,0.81357,All
0.861023,0.814204,0.532513,0.814838,0.96407,0.814204,All
0.864013,0.814838,0.535553,0.815472,0.968361,0.814838,All
0.864177,0.815472,0.536832,0.816107,0.969984,0.815472,All
0.86874,0.816107,0.537307,0.816741,0.971099,0.816107,All
0.870576,0.816741,0.537317,0.817375,0.974393,0.816741,All
0.877542,0.817375,0.538609,0.818009,0.975268,0.817375,All
0.877553,0.818009,0.54059,0.818643,0.977094,0.818009,All
0.877779,0.818643,0.54184,0.819277,0.977122,0.818643,All
0.879865,0.819277,0.546177,0.819911,0.978339,0.819277,All
0.881402,0.819911,0.546957,0.820545,0.979559,0.819911,All
0.882942,0.820545,0.547143,0.821179,0.983586,0.820545,All
0.886009,0.821179,0.547587,0.821814,0.983901,0.821179,All
0.890651,0.821814,0.54817,0.822448,0.990222,0.821814,All
0.892429,0.822448,0.548476,0.823082,0.990588,0.822448,All
0.892437,0.823082,0.550344,0.823716,0.991363,0.823082,All
0.904104,0.823716,0.550801,0.82435,0.993831,0.823716,All
0.909523,0.82435,0.5525,0.824984,1.00085,0.82435,All
0.925822,0.824984,0.553225,0.825618,1.00131,0.824984,All
0.926111,0.825618,0.55359,0.826252,1.00417,0.825618,All
0.929002,0.826252,0.555107,0.826886,1.0044,0.826252,All
0.931153,0.826886,0.555111,0.827521,1.00715,0.826886,All
0.931192,0.827521,0.556592,0.828155,1.0079,0.827521,All
0.932521,0.828155,0.560065,0.828789,1.00888,0.828155,All
0.940111,0.828789,0.562813,0.829423,1.01324,0.828789,All
0.940267,0.829423,0.564019,0.830057,1.01393,0.829423,All
0.941366,0.830057,0.568781,0.830691,1.01533,0.830057,All
0.9442,0.830691,0.570498,0.831325,1.01598,0.830691,All
0.945209,0.831325,0.572326,0.831959,1.02006,0.831325,All
0.948993,0.831959,0.580203,0.832594,1.02418,0.831959,All
0.950325,0.832594,0.580247,0.833228,1.02431,0.832594,All
0.952829,0.833228,0.582682,0.833862,1.0292,0.833228,All
0.953612,0.833862,0.58352,0.834496,1.03637,0.833862,All
0.958083,0.834496,0.584803,0.83513,1.03917,0.834496,All
0.958525,0.83513,0.585519,0.835764,1.04093,0.83513,All
0.970759,0.835764,0.586123,0.836398,1.04657,0.835764,All
0.978262,0.836398,0.58751,0.837032,1.05345,0.836398,All
0.984957,0.837032,0.588085,0.837666,1.05634,0.837032,All
0.988794,0.837666,0.588288,0.838301,1.05691,0.837666,All
0.992604,0.838301,0.588303,0.838935,1.05909,0.838301,All
0.994183,0.838935,0.588431,0.839569,1.06158,0.838935,All
0.998277,0.839569,0.592811,0.840203,1.06727,0.839569,All
1.00932,0.840203,0.595542,0.840837,1.06763,0.840203,All
1.0122,0.840837,0.601058,0.841471,1.06833,0.840837,All
1.01332,0.841471,0.603399,0.842105,1.06964,0.841471,All
1.0164,0.842105,0.605525,0.842739,1.07645,0.842105,All
1.0228,0.842739,0.605664,0.843373,1.08035,0.842739,All
1.0239,0.843373,0.605965,0.844008,1.08541,0.843373,All
1.02994,0.844008,0.609029,0.844642,1.08563,0.844008,All
1.03024,0.844642,0.610234,0.845276,1.08663,0.844642,All
1.03939,0.845276,0.610558,0.84591,1.09166,0.845276,All
1.04247,0.84591,0.611575,0.846544,1.09726,0.84591,All
1.04368,0.846544,0.613267,0.847178,1.09923,0.846544,All
1.04483,0.847178,0.614325,0.847812,1.10198,0.847178,All
1.06111,0.847812,0.614842,0.848446,1.10568,0.847812,All
1.06649,0.848446,0.615775,0.849081,1.11426,0.848446,All
1.07343,0.849081,0.615838,0.849715,1.12183,0.849081,All
1.07359,0.849715,0.617772,0.850349,1.12947,0.849715,All
1.07662,0.850349,0.618088,0.850983,1.14109,0.850349,All
1.08875,0.850983,0.618308,0.851617,1.1442,0.850983,All
1.09412,0.851617,0.618605,0.852251,1.14691,0.851617,All
1.09481,0.852251,0.62116,0.852885,1.14863,0.852251,All
1.09711,0.852885,0.621214,0.853519,1.15254,0.852885,All
1.10252,0.853519,0.621237,0.854153,1.1554,0.853519,All
1.11833,0.854153,0.621661,0.854788,1.17353,0.854153,All
1.1512,0.854788,0.622475,0.855422,1.1757,0.854788,All
1.15585,0.855422,0.622651,0.856056,1.17725,0.855422,All
1.16968,0.856056,0.624149,0.85669,1.1773,0.856056,All
1.17669,0.85669,0.624175,0.857324,1.18817,0.85669,All
1.17685,0.857324,0.625753,0.857958,1.19145,0.857324,All
1.17713,0.857958,0.626392,0.858592,1.19999,0.857958,All
1.17751,0.858592,0.626585,0.859226,1.20196,0.858592,All
1.18068,0.859226,0.629893,0.85986,1.20693,0.859226,All
1.18177,0.85986,0.631734,0.860495,1.20981,0.85986,All
1.18213,0.860495,0.63692,0.861129,1.21134,0.860495,All
1.18264,0.861129,0.639793,0.861763,1.21206,0.861129,All
1.19008,0.861763,0.642058,0.862397,1.21355,0.861763,All
1.19152,0.862397,0.64223,0.863031,1.21491,0.862397,All
1.21853,0.863031,0.642907,0.863665,1.21723,0.863031,All
1.22371,0.863665,0.645725,0.864299,1.22069,0.863665,All
1.22634,0.864299,0.647107,0.864933,1.22701,0.864299,All
1.22964,0.864933,0.648679,0.865568,1.23638,0.864933,All
1.25326,0.865568,0.649269,0.866202,1.23671,0.865568,All
1.25795,0.866202,0.649553,0.866836,1.23754,0.866202,All
1.26722,0.866836,0.651008,0.86747,1.23929,0.866836,All
1.27093,0.86747,0.651843,0.868104,1.24002,0.86747,All
1.27836,0.868104,0.652937,0.868738,1.24595,0.868104,All
1.27914,0.868738,0.653226,0.869372,1.24977,0.868738,All
1.28232,0.869372,0.655842,0.870006,1.26363,0.869372,All
1.29038,0.870006,0.656875,0.87064,1.26816,0.870006,All
1.29473,0.87064,0.66048,0.871275,1.27258,0.87064,All
1.29844,0.871275,0.660904,0.871909,1.2775,0.871275,All
1.30565,0.871909,0.665907,0.872543,1.27835,0.871909,All
1.30963,0.872543,0.668628,0.873177,1.27997,0.872543,All
1.31671,0.873177,0.671931,0.873811,1.28266,0.873177,All
1.32266,0.873811,0.677945,0.874445,1.28351,0.873811,All
1.33528,0.874445,0.678395,0.875079,1.28811,0.874445,All
1.33612,0.875079,0.678827,0.875713,1.29083,0.875079,All
1.33951,0.875713,0.679881,0.876347,1.29576,0.875713,All
1.34396,0.876347,0.685391,0.876982,1.29692,0.876347,All
1.34419,0.876982,0.685892,0.877616,1.30227,0.876982,All
1.35398,0.877616,0.686832,0.87825,1.30584,0.877616,All
1.35731,0.87825,0.69117,0.878884,1.30944,0.87825,All
1.36007,0.878884,0.691374,0.879518,1.31055,0.878884,All
1.36332,0.879518,0.693837,0.880152,1.31263,0.879518,All
1.36638,0.880152,0.696821,0.880786,1.31818,0.880152,All
1.36812,0.880786,0.69893,0.88142,1.32235,0.880786,All
1.3701,0.88142,0.699552,0.882055,1.33445,0.88142,All
1.37069,0.882055,0.699685,0.882689,1.3348,0.882055,All
1.37942,0.882689,0.704179,0.883323,1.33637,0.882689,All
1.38132,0.883323,0.704498,0.883957,1.33733,0.883323,All
1.38261,0.883957,0.704735,0.884591,1.34061,0.883957,All
1.38364,0.884591,0.712456,0.885225,1.34161,0.884591,All
1.38458,0.885225,0.712487,0.885859,1.34237,0.885225,All
1.39644,0.885859,0.714884,0.886493,1.34242,0.885859,All
1.39934,0.886493,0.715051,0.887127,1.34278,0.886493,All
1.39982,0.887127,0.716836,0.887762,1.3446,0.887127,All
1.4026,0.887762,0.717089,0.888396,1.34565,0.887762,All
1.40475,0.888396,0.718883,0.88903,1.34752,0.888396,All
1.41279,0.88903,0.718922,0.889664,1.35469,0.88903,All
1.41688,0.889664,0.725236,0.890298,1.35567,0.889664,All
1.42426,0.890298,0.72847,0.890932,1.3613,0.890298,All
1.42967,0.890932,0.729027,0.891566,1.36199,0.890932,All
1.43118,0.891566,0.732129,0.8922,1.36292,0.891566,All
1.43809,0.8922,0.735825,0.892834,1.36366,0.8922,All
1.44409,0.892834,0.737265,0.893469,1.36458,0.892834,All
1.45653,0.893469,0.741826,0.894103,1.37155,0.893469,All
1.4662,0.894103,0.744002,0.894737,1.37192,0.894103,All
1.46677,0.894737,0.744665,0.895371,1.37409,0.894737,All
1.47376,0.895371,0.747418,0.896005,1.37597,0.895371,All
1.47833,0.896005,0.751641,0.896639,1.388,0.896005,All
1.49614,0.896639,0.753845,0.897273,1.38982,0.896639,All
1.5059,0.897273,0.754171,0.897907,1.41321,0.897273,All
1.51434,0.897907,0.754411,0.898542,1.41782,0.897907,All
1.53485,0.898542,0.755223,0.899176,1.42562,0.898542,All
1.5389,0.899176,0.755798,0.89981,1.43085,0.899176,All
1.54709,0.89981,0.756099,0.900444,1.43526,0.89981,All
1.55355,0.900444,0.756206,0.901078,1.43638,0.900444,All
1.55659,0.901078,0.759028,0.901712,1.43661,0.901078,All
1.56897,0.901712,0.75909,0.902346,1.44253,0.901712,All
1.56936,0.902346,0.759669,0.90298,1.45263,0.902346,All
1.57467,0.90298,0.762591,0.903614,1.45284,0.90298,All
1.57995,0.903614,0.768383,0.904249,1.45557,0.903614,All
1.58082,0.904249,0.770054,0.904883,1.45945,0.904249,All
1.5835,0.904883,0.771584,0.905517,1.46181,0.904883,All
1.58871,0.905517,0.772685,0.906151,1.46233,0.905517,All
1.60295,0.906151,0.773508,0.906785,1.46581,0.906151,All
1.60918,0.906785,0.773597,0.907419,1.46952,0.906785,All
1.61661,0.907419,0.775296,0.908053,1.47089,0.907419,All
1.6212,0.908053,0.782206,0.908687,1.47462,0.908053,All
1.62911,0.908687,0.782348,0.909321,1.47607,0.908687,All
1.63294,0.909321,0.784251,0.909956,1.48088,0.909321,All
1.6387,0.909956,0.787922,0.91059,1.48152,0.909956,All
1.64067,0.91059,0.788228,0.911224,1.4848,0.91059,All
1.64152,0.911224,0.789971,0.911858,1.48626,0.911224,All
1.64712,0.911858,0.790097,0.912492,1.48751,0.911858,All
1.65948,0.912492,0.790436,0.913126,1.49774,0.912492,All
1.66142,0.913126,0.793626,0.91376,1.50529,0.913126,All
1.66178,0.91376,0.794958,0.914394,1.51428,0.91376,All
1.66438,0.914394,0.795861,0.915029,1.52913,0.914394,All
1.67779,0.915029,0.797096,0.915663,1.52972,0.915029,All
1.6835,0.915663,0.799057,0.916297,1.53072,0.915663,All
1.69361,0.916297,0.799774,0.916931,1.5396,0.916297,All
1.72831,0.916931,0.802707,0.917565,1.54054,0.916931,All
1.73268,0.917565,0.813628,0.918199,1.54522,0.917565,All
1.73747,0.918199,0.814729,0.918833,1.55849,0.918199,All
1.76215,0.918833,0.816357,0.919467,1.56912,0.918833,All
1.76434,0.919467,0.817651,0.920101,1.56964,0.919467,All
1.76991,0.920101,0.820385,0.920736,1.57073,0.920101,All
1.79021,0.920736,0.823784,0.92137,1.57823,0.920736,All
1.79504,0.92137,0.823977,0.922004,1.58531,0.92137,All
1.79929,0.922004,0.824911,0.922638,1.59181,0.922004,All
1.79973,0.922638,0.825579,0.923272,1.59355,0.922638,All
1.80478,0.923272,0.832673,0.923906,1.59718,0.923272,All
1.80776,0.923906,0.832854,0.92454,1.59941,0.923906,All
1.81137,0.92454,0.835644,0.925174,1.60127,0.92454,All
1.81821,0.925174,0.836739,0.925808,1.6039,0.925174,All
1.82757,0.925808,0.841978,0.926443,1.60534,0.925808,All
1.87389,0.926443,0.844426,0.927077,1.63538,0.926443,All
1.92772,0.927077,0.855276,0.927711,1.63662,0.927077,All
1.94709,0.927711,0.855648,0.928345,1.63808,0.927711,All
1.97769,0.928345,0.855844,0.928979,1.63999,0.928345,All
1.98312,0.928979,0.862854,0.929613,1.64144,0.928979,All
1.98799,0.929613,0.864619,0.930247,1.65737,0.929613,All
1.99952,0.930247,0.870513,0.930881,1.66443,0.930247,All
2.00141,0.930881,0.871944,0.931516,1.66485,0.930881,All
2.04364,0.931516,0.874238,0.93215,1.67022,0.931516,All
2.04411,0.93215,0.877756,0.932784,1.67415,0.93215,All
2.04509,0.932784,0.87835,0.933418,1.67615,0.932784,All
2.06401,0.933418,0.883174,0.934052,1.67708,0.933418,All
2.07241,0.934052,0.885535,0.934686,1.67721,0.934052,All
2.07368,0.934686,0.887211,0.93532,1.68776,0.934686,All
2.07982,0.93532,0.890359,0.935954,1.70631,0.93532,All
2.08047,0.935954,0.890844,0.936588,1.72504,0.935954,All
2.09749,0.936588,0.891922,0.937223,1.72863,0.936588,All
2.13258,0.937223,0.892073,0.937857,1.74168,0.937223,All
2.13355,0.937857,0.894656,0.938491,1.74275,0.937857,All
2.13688,0.938491,0.895476,0.939125,1.74541,0.938491,All
2.15217,0.939125,0.898997,0.939759,1.76248,0.939125,All
2.16065,0.939759,0.903718,0.940393,1.77044,0.939759,All
2.17185,0.940393,0.906482,0.941027,1.77872,0.940393,All
2.17782,0.941027,0.906814,0.941661,1.79717,0.941027,All
2.18331,0.941661,0.908255,0.942295,1.80187,0.941661,All
2.18746,0.942295,0.911325,0.94293,1.80982,0.942295,All
2.24531,0.94293,0.921812,0.943564,1.81025,0.94293,All
2.25042,0.943564,0.922502,0.944198,1.81115,0.943564,All
2.26138,0.944198,0.923611,0.944832,1.84415,0.944198,All
2.26997,0.944832,0.924572,0.945466,1.85225,0.944832,All
2.27469,0.945466,0.932542,0.9461,1.86227,0.945466,All
2.29178,0.9461,0.938807,0.946734,1.87239,0.9461,All
2.29645,0.946734,0.943275,0.947368,1.87724,0.946734,All
2.31639,0.947368,0.944653,0.948003,1.89133,0.947368,All
2.32938,0.948003,0.946051,0.948637,1.89386,0.948003,All
2.33812,0.948637,0.94652,0.949271,1.89626,0.948637,All
2.35331,0.949271,0.947157,0.949905,1.89942,0.949271,All
2.39674,0.949905,0.948551,0.950539,1.90633,0.949905,All
2.44015,0.950539,0.949041,0.951173,1.92248,0.950539,All
2.47157,0.951173,0.963032,0.951807,1.93328,0.951173,All
2.47916,0.951807,0.96735,0.952441,1.96495,0.951807,All
2.49041,0.952441,0.975277,0.953075,1.96537,0.952441,All
2.50951,0.953075,0.9754,0.95371,1.975,0.953075,All
2.5272,0.95371,0.980894,0.954344,1.98419,0.95371,All
2.56333,0.954344,0.984091,0.954978,1.98915,0.954344,All
2.61558,0.954978,0.986282,0.955612,1.98916,0.954978,All
2.63178,0.955612,0.994535,0.956246,1.99331,0.955612,All
2.65642,0.956246,1.0044,0.95688,2.01319,0.956246,All
2.66182,0.95688,1.00741,0.957514,2.03964,0.95688,All
2.67075,0.957514,1.00917,0.958148,2.04596,0.957514,All
2.74665,0.958148,1.01195,0.958782,2.05851,0.958148,All
2.8155,0.958782,1.01936,0.959417,2.05926,0.958782,All
2.86895,0.959417,1.0221,0.960051,2.07711,0.959417,All
2.89317,0.960051,1.02424,0.960685,2.08561,0.960051,All
2.9265,0.960685,1.02551,0.961319,2.09762,0.960685,All
2.94634,0.961319,1.0326,0.961953,2.12154,0.961319,All
2.94687,0.961953,1.0364,0.962587,2.14013,0.961953,All
2.97045,0.962587,1.03771,0.963221,2.14892,0.962587,All
2.97957,0.963221,1.04118,0.963855,2.16711,0.963221,All
2.98671,0.963855,1.0602,0.96449,2.16979,0.963855,All
2.99841,0.96449,1.06446,0.965124,2.19089,0.96449,All
3.04058,0.965124,1.06481,0.965758,2.22186,0.965124,All
3.04715,0.965758,1.06593,0.966392,2.23315,0.965758,All
3.1066,0.966392,1.07026,0.967026,2.25266,0.966392,All
3.11039,0.967026,1.07763,0.96766,2.26452,0.967026,All
3.11231,0.96766,1.1112,0.968294,2.28929,0.96766,All
3.20021,0.968294,1.11185,0.968928,2.30134,0.968294,All
3.2874,0.968928,1.11967,0.969562,2.30537,0.968928,All
3.29571,0.969562,1.12101,0.970197,2.32239,0.969562,All
3.32802,0.970197,1.12649,0.970831,2.32511,0.970197,All
3.35413,0.970831,1.13993,0.971465,2.34234,0.970831,All
3.42297,0.971465,1.14359,0.972099,2.34269,0.971465,All
3.54935,0.972099,1.15675,0.972733,2.35627,0.972099,All
3.56887,0.972733,1.15823,0.973367,2.379,0.972733,All
3.61054,0.973367,1.15854,0.974001,2.40031,0.973367,All
3.68891,0.974001,1.16782,0.974635,2.40457,0.974001,All
3.75114,0.974635,1.17115,0.975269,2.40666,0.974635,All
3.78786,0.975269,1.19408,0.975904,2.43197,0.975269,All
3.81246,0.975904,1.19735,0.976538,2.46032,0.975904,All
3.81637,0.976538,1.20667,0.977172,2.46697,0.976538,All
3.87376,0.977172,1.22112,0.977806,2.49682,0.977172,All
3.92297,0.977806,1.2251,0.97844,2.49746,0.977806,All
3.92616,0.97844,1.23049,0.979074,2.50061,0.97844,All
3.9314,0.979074,1.24367,0.979708,2.50452,0.979074,All
3.95765,0.979708,1.28171,0.980342,2.52082,0.979708,All
3.9747,0.980342,1.29128,0.980977,2.54062,0.980342,All
3.98462,0.980977,1.29471,0.981611,2.54327,0.980977,All
3.99308,0.981611,1.30328,0.982245,2.55049,0.981611,All
4.11509,0.982245,1.31688,0.982879,2.56085,0.982245,All
4.13303,0.982879,1.31869,0.983513,2.5856,0.982879,All
4.14494,0.983513,1.3717,0.984147,2.60017,0.983513,All
4.15687,0.984147,1.38081,0.984781,2.60589,0.984147,All
4.16964,0.984781,1.38487,0.985415,2.60727,0.984781,All
4.2809,0.985415,1.40756,0.986049,2.61056,0.985415,All
4.34543,0.986049,1.41442,0.986684,2.64092,0.986049,All
4.40211,0.986684,1.42796,0.987318,2.64392,0.986684,All
4.47471,0.987318,1.43118,0.987952,2.66034,0.987318,All
4.49764,0.987952,1.46546,0.988586,2.66291,0.987952,All
4.52622,0.988586,1.46965,0.98922,2.67635,0.988586,All
4.57666,0.98922,1.47571,0.989854,2.68456,0.98922,All
4.75457,0.989854,1.48271,0.990488,2.68709,0.989854,All
5.0712,0.990488,1.51415,0.991122,2.69393,0.990488,All
5.18465,0.991122,1.56188,0.991756,2.71371,0.991122,All
5.26261,0.991756,1.57414,0.992391,2.72219,0.991756,All
5.29142,0.992391,1.58057,0.993025,2.73533,0.992391,All
5.32582,0.993025,1.58445,0.993659,2.75019,0.993025,All
5.33216,0.993659,1.60862,0.994293,2.75576,0.993659,All
5.41288,0.994293,1.60865,0.994927,2.76622,0.994293,All
5.94381,0.994927,1.60956,0.995561,2.77121,0.994927,All
5.95069,0.995561,1.65677,0.996195,2.77387,0.995561,All
6.21061,0.996195,1.66634,0.996829,2.78055,0.996195,All
7.28845,0.996829,1.72935,0.997464,2.82966,0.996829,All
12.0507,0.997464,1.90434,0.998098,2.84271,0.997464,All
12.1195,0.998098,2.02788,0.998732,2.84963,0.998098,All
13.5681,0.998732,2.35256,0.999366,2.8541,0.998732,All
15.5385,0.999366,2.40061,1,2.85768,0.999366,All
16.7869,1,4,1,2.87773,1,All
,,,,4,1,All
