standEta_V_abscissa,standEta_V_cdf,standEta_Cl_abscissa,standEta_Cl_cdf,split
-5.22701,0.000999001,-4.49376,0.000999001,All
-2.63804,0.001998,-3.23813,0.001998,All
-2.3491,0.002997,-3.19226,0.002997,All
-2.29975,0.003996,-3.07718,0.003996,All
-2.23046,0.004995,-2.83439,0.004995,All
-2.16301,0.00599401,-2.74625,0.00599401,All
-2.11729,0.00699301,-2.65268,0.00699301,All
-1.80936,0.00799201,-2.52081,0.00799201,All
-1.78606,0.00899101,-2.52022,0.00899101,All
-1.77853,0.00999001,-2.43792,0.00999001,All
-1.67014,0.010989,-2.37072,0.010989,All
-1.65263,0.011988,-2.36715,0.011988,All
-1.61553,0.012987,-2.33805,0.012987,All
-1.6125,0.013986,-2.32812,0.013986,All
-1.55953,0.014985,-2.32127,0.014985,All
-1.53909,0.015984,-2.30348,0.015984,All
-1.51497,0.016983,-2.27246,0.016983,All
-1.47325,0.017982,-2.16995,0.017982,All
-1.42928,0.018981,-2.15202,0.018981,All
-1.37678,0.01998,-2.0916,0.01998,All
-1.3567,0.020979,-2.08789,0.020979,All
-1.3399,0.021978,-2.07964,0.021978,All
-1.32596,0.022977,-2.03609,0.022977,All
-1.30522,0.023976,-2.01706,0.023976,All
-1.2838,0.024975,-1.99724,0.024975,All
-1.27704,0.025974,-1.99428,0.025974,All
-1.27281,0.026973,-1.97919,0.026973,All
-1.23413,0.027972,-1.95085,0.027972,All
-1.21069,0.028971,-1.90607,0.028971,All
-1.20895,0.02997,-1.892,0.02997,All
-1.20107,0.030969,-1.87153,0.030969,All
-1.16888,0.031968,-1.86815,0.031968,All
-1.16449,0.032967,-1.85989,0.032967,All
-1.0925,0.033966,-1.82843,0.033966,All
-1.09179,0.034965,-1.82094,0.034965,All
-1.06325,0.035964,-1.81768,0.035964,All
-1.05312,0.036963,-1.80236,0.036963,All
-1.05184,0.037962,-1.79342,0.037962,All
-1.03415,0.038961,-1.79039,0.038961,All
-1.01619,0.03996,-1.78901,0.03996,All
-1.01168,0.040959,-1.77345,0.040959,All
-0.997492,0.041958,-1.77316,0.041958,All
-0.993908,0.042957,-1.76955,0.042957,All
-0.99301,0.043956,-1.75705,0.043956,All
-0.963305,0.044955,-1.73863,0.044955,All
-0.940421,0.045954,-1.73219,0.045954,All
-0.929043,0.046953,-1.71509,0.046953,All
-0.906021,0.047952,-1.71425,0.047952,All
-0.903804,0.048951,-1.70605,0.048951,All
-0.902366,0.04995,-1.7056,0.04995,All
-0.899707,0.0509491,-1.70416,0.0509491,All
-0.883142,0.0519481,-1.70215,0.0519481,All
-0.877201,0.0529471,-1.69607,0.0529471,All
-0.874884,0.0539461,-1.68235,0.0539461,All
-0.871143,0.0549451,-1.67991,0.0549451,All
-0.870534,0.0559441,-1.67791,0.0559441,All
-0.862375,0.0569431,-1.67635,0.0569431,All
-0.847274,0.0579421,-1.65068,0.0579421,All
-0.835495,0.0589411,-1.64185,0.0589411,All
-0.818831,0.0599401,-1.6342,0.0599401,All
-0.812272,0.0609391,-1.62474,0.0609391,All
-0.809044,0.0619381,-1.61701,0.0619381,All
-0.79285,0.0629371,-1.60842,0.0629371,All
-0.770996,0.0639361,-1.60789,0.0639361,All
-0.758126,0.0649351,-1.60032,0.0649351,All
-0.75326,0.0659341,-1.59984,0.0659341,All
-0.746552,0.0669331,-1.59704,0.0669331,All
-0.745161,0.0679321,-1.58894,0.0679321,All
-0.725903,0.0689311,-1.58587,0.0689311,All
-0.724389,0.0699301,-1.5681,0.0699301,All
-0.68675,0.0709291,-1.5678,0.0709291,All
-0.686591,0.0719281,-1.56237,0.0719281,All
-0.684355,0.0729271,-1.54806,0.0729271,All
-0.660612,0.0739261,-1.54578,0.0739261,All
-0.653455,0.0749251,-1.54514,0.0749251,All
-0.650763,0.0759241,-1.54059,0.0759241,All
-0.649909,0.0769231,-1.53916,0.0769231,All
-0.64525,0.0779221,-1.5324,0.0779221,All
-0.645081,0.0789211,-1.52019,0.0789211,All
-0.634906,0.0799201,-1.51936,0.0799201,All
-0.631801,0.0809191,-1.50493,0.0809191,All
-0.631277,0.0819181,-1.50179,0.0819181,All
-0.629578,0.0829171,-1.49863,0.0829171,All
-0.627839,0.0839161,-1.49833,0.0839161,All
-0.623833,0.0849151,-1.48264,0.0849151,All
-0.622697,0.0859141,-1.47659,0.0859141,All
-0.620847,0.0869131,-1.47432,0.0869131,All
-0.620013,0.0879121,-1.46886,0.0879121,All
-0.619167,0.0889111,-1.46874,0.0889111,All
-0.606405,0.0899101,-1.46728,0.0899101,All
-0.605558,0.0909091,-1.46539,0.0909091,All
-0.594606,0.0919081,-1.45983,0.0919081,All
-0.59378,0.0929071,-1.45847,0.0929071,All
-0.591922,0.0939061,-1.45686,0.0939061,All
-0.591188,0.0949051,-1.45439,0.0949051,All
-0.589982,0.0959041,-1.44757,0.0959041,All
-0.589825,0.0969031,-1.44323,0.0969031,All
-0.588998,0.0979021,-1.43903,0.0979021,All
-0.587693,0.0989011,-1.43839,0.0989011,All
-0.587482,0.0999001,-1.43575,0.0999001,All
-0.587372,0.100899,-1.42455,0.100899,All
-0.581611,0.101898,-1.41715,0.101898,All
-0.57799,0.102897,-1.4124,0.102897,All
-0.572754,0.103896,-1.40353,0.103896,All
-0.570559,0.104895,-1.40242,0.104895,All
-0.565755,0.105894,-1.39668,0.105894,All
-0.552855,0.106893,-1.39349,0.106893,All
-0.552086,0.107892,-1.38988,0.107892,All
-0.550433,0.108891,-1.38693,0.108891,All
-0.544582,0.10989,-1.37746,0.10989,All
-0.542106,0.110889,-1.37208,0.110889,All
-0.542101,0.111888,-1.35968,0.111888,All
-0.537268,0.112887,-1.35723,0.112887,All
-0.534593,0.113886,-1.35714,0.113886,All
-0.533596,0.114885,-1.35658,0.114885,All
-0.53291,0.115884,-1.35647,0.115884,All
-0.531123,0.116883,-1.35428,0.116883,All
-0.527334,0.117882,-1.34175,0.117882,All
-0.516867,0.118881,-1.33915,0.118881,All
-0.514026,0.11988,-1.32839,0.11988,All
-0.513167,0.120879,-1.32306,0.120879,All
-0.51086,0.121878,-1.32052,0.121878,All
-0.508362,0.122877,-1.31188,0.122877,All
-0.506907,0.123876,-1.31065,0.123876,All
-0.502948,0.124875,-1.30401,0.124875,All
-0.501682,0.125874,-1.29934,0.125874,All
-0.501204,0.126873,-1.29575,0.126873,All
-0.498966,0.127872,-1.28567,0.127872,All
-0.498699,0.128871,-1.28117,0.128871,All
-0.497997,0.12987,-1.28086,0.12987,All
-0.497883,0.130869,-1.27884,0.130869,All
-0.492369,0.131868,-1.27874,0.131868,All
-0.490187,0.132867,-1.2709,0.132867,All
-0.487738,0.133866,-1.26486,0.133866,All
-0.480439,0.134865,-1.26236,0.134865,All
-0.476779,0.135864,-1.26046,0.135864,All
-0.476498,0.136863,-1.26015,0.136863,All
-0.473546,0.137862,-1.24872,0.137862,All
-0.469903,0.138861,-1.24835,0.138861,All
-0.469271,0.13986,-1.24723,0.13986,All
-0.467476,0.140859,-1.24488,0.140859,All
-0.467262,0.141858,-1.2422,0.141858,All
-0.431485,0.142857,-1.23507,0.142857,All
-0.430626,0.143856,-1.23452,0.143856,All
-0.428805,0.144855,-1.22804,0.144855,All
-0.426659,0.145854,-1.22458,0.145854,All
-0.422663,0.146853,-1.22367,0.146853,All
-0.416348,0.147852,-1.22069,0.147852,All
-0.399108,0.148851,-1.21921,0.148851,All
-0.398776,0.14985,-1.21733,0.14985,All
-0.396824,0.150849,-1.20996,0.150849,All
-0.39646,0.151848,-1.20818,0.151848,All
-0.395924,0.152847,-1.20234,0.152847,All
-0.392934,0.153846,-1.2016,0.153846,All
-0.392444,0.154845,-1.19682,0.154845,All
-0.3894,0.155844,-1.19612,0.155844,All
-0.385922,0.156843,-1.19464,0.156843,All
-0.383662,0.157842,-1.19261,0.157842,All
-0.379498,0.158841,-1.19189,0.158841,All
-0.378335,0.15984,-1.18777,0.15984,All
-0.378118,0.160839,-1.18502,0.160839,All
-0.377671,0.161838,-1.18502,0.161838,All
-0.375158,0.162837,-1.18442,0.162837,All
-0.374227,0.163836,-1.17903,0.163836,All
-0.371947,0.164835,-1.17902,0.164835,All
-0.371111,0.165834,-1.1782,0.165834,All
-0.367917,0.166833,-1.17718,0.166833,All
-0.36507,0.167832,-1.17644,0.167832,All
-0.358304,0.168831,-1.1732,0.168831,All
-0.356509,0.16983,-1.16604,0.16983,All
-0.356018,0.170829,-1.16262,0.170829,All
-0.351533,0.171828,-1.15695,0.171828,All
-0.350669,0.172827,-1.15645,0.172827,All
-0.348696,0.173826,-1.15592,0.173826,All
-0.344217,0.174825,-1.15165,0.174825,All
-0.344071,0.175824,-1.14851,0.175824,All
-0.343409,0.176823,-1.14346,0.176823,All
-0.342562,0.177822,-1.14337,0.177822,All
-0.340355,0.178821,-1.13881,0.178821,All
-0.339042,0.17982,-1.13853,0.17982,All
-0.328834,0.180819,-1.13592,0.180819,All
-0.323831,0.181818,-1.13237,0.181818,All
-0.323395,0.182817,-1.12911,0.182817,All
-0.320823,0.183816,-1.12657,0.183816,All
-0.319357,0.184815,-1.12554,0.184815,All
-0.317976,0.185814,-1.12332,0.185814,All
-0.31757,0.186813,-1.11742,0.186813,All
-0.317196,0.187812,-1.11726,0.187812,All
-0.315287,0.188811,-1.10728,0.188811,All
-0.315017,0.18981,-1.10688,0.18981,All
-0.314275,0.190809,-1.10599,0.190809,All
-0.313851,0.191808,-1.10231,0.191808,All
-0.311571,0.192807,-1.08794,0.192807,All
-0.302985,0.193806,-1.07472,0.193806,All
-0.30078,0.194805,-1.07076,0.194805,All
-0.289082,0.195804,-1.0685,0.195804,All
-0.282075,0.196803,-1.06842,0.196803,All
-0.281944,0.197802,-1.0663,0.197802,All
-0.279582,0.198801,-1.06222,0.198801,All
-0.27649,0.1998,-1.06098,0.1998,All
-0.273312,0.200799,-1.05986,0.200799,All
-0.271956,0.201798,-1.05574,0.201798,All
-0.270586,0.202797,-1.05571,0.202797,All
-0.269711,0.203796,-1.0517,0.203796,All
-0.26809,0.204795,-1.04428,0.204795,All
-0.264988,0.205794,-1.04128,0.205794,All
-0.263141,0.206793,-1.04088,0.206793,All
-0.262638,0.207792,-1.03593,0.207792,All
-0.2614,0.208791,-1.03493,0.208791,All
-0.261285,0.20979,-1.03182,0.20979,All
-0.259982,0.210789,-1.02963,0.210789,All
-0.258762,0.211788,-1.02814,0.211788,All
-0.254836,0.212787,-1.0254,0.212787,All
-0.254312,0.213786,-1.01664,0.213786,All
-0.252143,0.214785,-1.01651,0.214785,All
-0.245032,0.215784,-1.01467,0.215784,All
-0.242256,0.216783,-1.01358,0.216783,All
-0.23749,0.217782,-1.00654,0.217782,All
-0.234788,0.218781,-0.998765,0.218781,All
-0.234247,0.21978,-0.980633,0.21978,All
-0.232641,0.220779,-0.972106,0.220779,All
-0.228232,0.221778,-0.971236,0.221778,All
-0.227068,0.222777,-0.970462,0.222777,All
-0.226016,0.223776,-0.970383,0.223776,All
-0.225956,0.224775,-0.96835,0.224775,All
-0.22568,0.225774,-0.967204,0.225774,All
-0.221934,0.226773,-0.966646,0.226773,All
-0.220075,0.227772,-0.966589,0.227772,All
-0.216,0.228771,-0.965494,0.228771,All
-0.213979,0.22977,-0.963753,0.22977,All
-0.201014,0.230769,-0.963336,0.230769,All
-0.199117,0.231768,-0.963307,0.231768,All
-0.195023,0.232767,-0.96185,0.232767,All
-0.194959,0.233766,-0.961703,0.233766,All
-0.193597,0.234765,-0.956493,0.234765,All
-0.192544,0.235764,-0.95137,0.235764,All
-0.191356,0.236763,-0.951184,0.236763,All
-0.190215,0.237762,-0.947421,0.237762,All
-0.187504,0.238761,-0.946938,0.238761,All
-0.18742,0.23976,-0.94075,0.23976,All
-0.184652,0.240759,-0.936144,0.240759,All
-0.184382,0.241758,-0.934435,0.241758,All
-0.183612,0.242757,-0.933439,0.242757,All
-0.176854,0.243756,-0.930529,0.243756,All
-0.175983,0.244755,-0.926998,0.244755,All
-0.173973,0.245754,-0.926267,0.245754,All
-0.173257,0.246753,-0.925131,0.246753,All
-0.172897,0.247752,-0.924192,0.247752,All
-0.172752,0.248751,-0.923434,0.248751,All
-0.172518,0.24975,-0.922916,0.24975,All
-0.168391,0.250749,-0.922359,0.250749,All
-0.165004,0.251748,-0.920791,0.251748,All
-0.164616,0.252747,-0.920479,0.252747,All
-0.164091,0.253746,-0.92014,0.253746,All
-0.162985,0.254745,-0.91872,0.254745,All
-0.161846,0.255744,-0.918696,0.255744,All
-0.16038,0.256743,-0.916999,0.256743,All
-0.158753,0.257742,-0.913645,0.257742,All
-0.155875,0.258741,-0.911218,0.258741,All
-0.155468,0.25974,-0.909019,0.25974,All
-0.154727,0.260739,-0.904108,0.260739,All
-0.152885,0.261738,-0.904004,0.261738,All
-0.152417,0.262737,-0.902728,0.262737,All
-0.151634,0.263736,-0.89817,0.263736,All
-0.150006,0.264735,-0.896923,0.264735,All
-0.149263,0.265734,-0.892287,0.265734,All
-0.148376,0.266733,-0.889572,0.266733,All
-0.14697,0.267732,-0.884421,0.267732,All
-0.146394,0.268731,-0.881974,0.268731,All
-0.146205,0.26973,-0.880969,0.26973,All
-0.144969,0.270729,-0.875629,0.270729,All
-0.144846,0.271728,-0.874813,0.271728,All
-0.144609,0.272727,-0.87405,0.272727,All
-0.144156,0.273726,-0.868351,0.273726,All
-0.142708,0.274725,-0.866626,0.274725,All
-0.141262,0.275724,-0.864277,0.275724,All
-0.139922,0.276723,-0.861459,0.276723,All
-0.13968,0.277722,-0.857102,0.277722,All
-0.138829,0.278721,-0.854319,0.278721,All
-0.137775,0.27972,-0.853891,0.27972,All
-0.137473,0.280719,-0.847784,0.280719,All
-0.136223,0.281718,-0.845997,0.281718,All
-0.135802,0.282717,-0.843066,0.282717,All
-0.134595,0.283716,-0.842762,0.283716,All
-0.134367,0.284715,-0.839683,0.284715,All
-0.132877,0.285714,-0.83853,0.285714,All
-0.132455,0.286713,-0.834283,0.286713,All
-0.131158,0.287712,-0.83369,0.287712,All
-0.130454,0.288711,-0.829738,0.288711,All
-0.129991,0.28971,-0.829591,0.28971,All
-0.128615,0.290709,-0.822156,0.290709,All
-0.127764,0.291708,-0.821788,0.291708,All
-0.127724,0.292707,-0.814419,0.292707,All
-0.127637,0.293706,-0.812173,0.293706,All
-0.125726,0.294705,-0.807127,0.294705,All
-0.124821,0.295704,-0.805278,0.295704,All
-0.123782,0.296703,-0.804948,0.296703,All
-0.122888,0.297702,-0.800242,0.297702,All
-0.1201,0.298701,-0.797539,0.298701,All
-0.119986,0.2997,-0.797308,0.2997,All
-0.118767,0.300699,-0.796342,0.300699,All
-0.118264,0.301698,-0.794401,0.301698,All
-0.117009,0.302697,-0.793622,0.302697,All
-0.111402,0.303696,-0.793202,0.303696,All
-0.110992,0.304695,-0.79207,0.304695,All
-0.11068,0.305694,-0.787416,0.305694,All
-0.110248,0.306693,-0.787151,0.306693,All
-0.1092,0.307692,-0.784693,0.307692,All
-0.105245,0.308691,-0.782606,0.308691,All
-0.104393,0.30969,-0.782282,0.30969,All
-0.104198,0.310689,-0.781597,0.310689,All
-0.103783,0.311688,-0.776995,0.311688,All
-0.102781,0.312687,-0.770827,0.312687,All
-0.100987,0.313686,-0.768018,0.313686,All
-0.100329,0.314685,-0.766613,0.314685,All
-0.0999853,0.315684,-0.764579,0.315684,All
-0.0995497,0.316683,-0.764331,0.316683,All
-0.0995041,0.317682,-0.76415,0.317682,All
-0.0992358,0.318681,-0.762666,0.318681,All
-0.0982953,0.31968,-0.759549,0.31968,All
-0.0969611,0.320679,-0.757985,0.320679,All
-0.0968625,0.321678,-0.756706,0.321678,All
-0.0966282,0.322677,-0.75489,0.322677,All
-0.0951188,0.323676,-0.752102,0.323676,All
-0.0940706,0.324675,-0.751665,0.324675,All
-0.0939382,0.325674,-0.750397,0.325674,All
-0.0928572,0.326673,-0.748315,0.326673,All
-0.0923946,0.327672,-0.748282,0.327672,All
-0.0921537,0.328671,-0.745725,0.328671,All
-0.0914438,0.32967,-0.743349,0.32967,All
-0.0906325,0.330669,-0.740687,0.330669,All
-0.0904441,0.331668,-0.738603,0.331668,All
-0.0899574,0.332667,-0.735574,0.332667,All
-0.0870478,0.333666,-0.733621,0.333666,All
-0.0864481,0.334665,-0.732119,0.334665,All
-0.0861705,0.335664,-0.730269,0.335664,All
-0.0853403,0.336663,-0.727504,0.336663,All
-0.0847217,0.337662,-0.725325,0.337662,All
-0.0835987,0.338661,-0.72144,0.338661,All
-0.0827665,0.33966,-0.709069,0.33966,All
-0.0826866,0.340659,-0.708577,0.340659,All
-0.0825237,0.341658,-0.702369,0.341658,All
-0.0823234,0.342657,-0.701327,0.342657,All
-0.0812062,0.343656,-0.69687,0.343656,All
-0.0807611,0.344655,-0.696528,0.344655,All
-0.0805994,0.345654,-0.69626,0.345654,All
-0.0805722,0.346653,-0.694693,0.346653,All
-0.0798876,0.347652,-0.693878,0.347652,All
-0.0794158,0.348651,-0.692544,0.348651,All
-0.0792403,0.34965,-0.692031,0.34965,All
-0.0789005,0.350649,-0.688435,0.350649,All
-0.0787275,0.351648,-0.688044,0.351648,All
-0.0777927,0.352647,-0.685507,0.352647,All
-0.0769927,0.353646,-0.683078,0.353646,All
-0.0768251,0.354645,-0.682538,0.354645,All
-0.0762318,0.355644,-0.682105,0.355644,All
-0.0761774,0.356643,-0.681926,0.356643,All
-0.0761406,0.357642,-0.68145,0.357642,All
-0.0755652,0.358641,-0.678673,0.358641,All
-0.0755384,0.35964,-0.669091,0.35964,All
-0.074754,0.360639,-0.665659,0.360639,All
-0.0747502,0.361638,-0.66135,0.361638,All
-0.0742187,0.362637,-0.659846,0.362637,All
-0.0730578,0.363636,-0.65536,0.363636,All
-0.0717342,0.364635,-0.654309,0.364635,All
-0.0714598,0.365634,-0.653937,0.365634,All
-0.0711809,0.366633,-0.653518,0.366633,All
-0.070406,0.367632,-0.650727,0.367632,All
-0.0702164,0.368631,-0.646855,0.368631,All
-0.068169,0.36963,-0.645468,0.36963,All
-0.0672533,0.370629,-0.644948,0.370629,All
-0.0648567,0.371628,-0.644661,0.371628,All
-0.0645574,0.372627,-0.644081,0.372627,All
-0.0642349,0.373626,-0.643895,0.373626,All
-0.0641924,0.374625,-0.641256,0.374625,All
-0.06413,0.375624,-0.639265,0.375624,All
-0.0640338,0.376623,-0.636344,0.376623,All
-0.0636062,0.377622,-0.63422,0.377622,All
-0.0631268,0.378621,-0.631968,0.378621,All
-0.0628594,0.37962,-0.631114,0.37962,All
-0.0626522,0.380619,-0.630992,0.380619,All
-0.0625077,0.381618,-0.630376,0.381618,All
-0.0624805,0.382617,-0.629304,0.382617,All
-0.0622548,0.383616,-0.628611,0.383616,All
-0.0613778,0.384615,-0.627258,0.384615,All
-0.06135,0.385614,-0.626909,0.385614,All
-0.0603059,0.386613,-0.626309,0.386613,All
-0.058817,0.387612,-0.623164,0.387612,All
-0.0577925,0.388611,-0.623128,0.388611,All
-0.0570031,0.38961,-0.621529,0.38961,All
-0.0567003,0.390609,-0.619823,0.390609,All
-0.0566548,0.391608,-0.619548,0.391608,All
-0.0566366,0.392607,-0.618476,0.392607,All
-0.0566268,0.393606,-0.618054,0.393606,All
-0.0564676,0.394605,-0.6143,0.394605,All
-0.0558689,0.395604,-0.609422,0.395604,All
-0.0556542,0.396603,-0.608016,0.396603,All
-0.0553399,0.397602,-0.607848,0.397602,All
-0.0553069,0.398601,-0.604095,0.398601,All
-0.0552155,0.3996,-0.601312,0.3996,All
-0.0540331,0.400599,-0.596559,0.400599,All
-0.0531689,0.401598,-0.594728,0.401598,All
-0.0529216,0.402597,-0.590275,0.402597,All
-0.0522741,0.403596,-0.590082,0.403596,All
-0.0520677,0.404595,-0.590015,0.404595,All
-0.0516715,0.405594,-0.589538,0.405594,All
-0.0514675,0.406593,-0.587069,0.406593,All
-0.0512547,0.407592,-0.586542,0.407592,All
-0.0512104,0.408591,-0.584889,0.408591,All
-0.0509272,0.40959,-0.579303,0.40959,All
-0.0506298,0.410589,-0.577436,0.410589,All
-0.0501362,0.411588,-0.575371,0.411588,All
-0.0494332,0.412587,-0.571775,0.412587,All
-0.0480405,0.413586,-0.57023,0.413586,All
-0.0478108,0.414585,-0.569688,0.414585,All
-0.0468182,0.415584,-0.569273,0.415584,All
-0.0455415,0.416583,-0.559657,0.416583,All
-0.0452489,0.417582,-0.551105,0.417582,All
-0.0445802,0.418581,-0.549862,0.418581,All
-0.0442536,0.41958,-0.549392,0.41958,All
-0.0440085,0.420579,-0.547794,0.420579,All
-0.04379,0.421578,-0.54649,0.421578,All
-0.0430008,0.422577,-0.542275,0.422577,All
-0.0429935,0.423576,-0.541671,0.423576,All
-0.0428954,0.424575,-0.54041,0.424575,All
-0.0420751,0.425574,-0.539264,0.425574,All
-0.0418259,0.426573,-0.539251,0.426573,All
-0.0413713,0.427572,-0.539021,0.427572,All
-0.04103,0.428571,-0.53655,0.428571,All
-0.0409745,0.42957,-0.535536,0.42957,All
-0.0408373,0.430569,-0.531888,0.430569,All
-0.0407279,0.431568,-0.528978,0.431568,All
-0.0400067,0.432567,-0.528539,0.432567,All
-0.0396724,0.433566,-0.527445,0.433566,All
-0.0394264,0.434565,-0.52479,0.434565,All
-0.0394044,0.435564,-0.523196,0.435564,All
-0.0389039,0.436563,-0.522812,0.436563,All
-0.0384629,0.437562,-0.52217,0.437562,All
-0.0383448,0.438561,-0.519631,0.438561,All
-0.0382854,0.43956,-0.517963,0.43956,All
-0.0382548,0.440559,-0.517667,0.440559,All
-0.0380505,0.441558,-0.514506,0.441558,All
-0.0380468,0.442557,-0.513255,0.442557,All
-0.0380243,0.443556,-0.512829,0.443556,All
-0.0379795,0.444555,-0.511544,0.444555,All
-0.0373188,0.445554,-0.50212,0.445554,All
-0.0373175,0.446553,-0.498716,0.446553,All
-0.0372763,0.447552,-0.498411,0.447552,All
-0.0371801,0.448551,-0.494044,0.448551,All
-0.0370559,0.44955,-0.493723,0.44955,All
-0.0364719,0.450549,-0.490685,0.450549,All
-0.0364624,0.451548,-0.487628,0.451548,All
-0.0363629,0.452547,-0.487284,0.452547,All
-0.0362336,0.453546,-0.487032,0.453546,All
-0.0359171,0.454545,-0.48544,0.454545,All
-0.0358136,0.455544,-0.484182,0.455544,All
-0.0353955,0.456543,-0.483505,0.456543,All
-0.0353326,0.457542,-0.482208,0.457542,All
-0.0351899,0.458541,-0.479205,0.458541,All
-0.0347532,0.45954,-0.478057,0.45954,All
-0.0344969,0.460539,-0.475817,0.460539,All
-0.0344711,0.461538,-0.474919,0.461538,All
-0.034229,0.462537,-0.472953,0.462537,All
-0.0339743,0.463536,-0.470938,0.463536,All
-0.0339599,0.464535,-0.467857,0.464535,All
-0.0337947,0.465534,-0.467483,0.465534,All
-0.0336404,0.466533,-0.46627,0.466533,All
-0.0334548,0.467532,-0.466104,0.467532,All
-0.033234,0.468531,-0.465428,0.468531,All
-0.0328169,0.46953,-0.465161,0.46953,All
-0.0327586,0.470529,-0.465107,0.470529,All
-0.0323501,0.471528,-0.464756,0.471528,All
-0.0323402,0.472527,-0.46396,0.472527,All
-0.0322295,0.473526,-0.459018,0.473526,All
-0.0318915,0.474525,-0.456603,0.474525,All
-0.0318111,0.475524,-0.455416,0.475524,All
-0.0316346,0.476523,-0.455156,0.476523,All
-0.0315448,0.477522,-0.452968,0.477522,All
-0.0313324,0.478521,-0.450418,0.478521,All
-0.0311921,0.47952,-0.448194,0.47952,All
-0.0300904,0.480519,-0.447942,0.480519,All
-0.0300325,0.481518,-0.447349,0.481518,All
-0.0300286,0.482517,-0.444853,0.482517,All
-0.030003,0.483516,-0.443388,0.483516,All
-0.0298367,0.484515,-0.44333,0.484515,All
-0.0297038,0.485514,-0.439378,0.485514,All
-0.0295038,0.486513,-0.438474,0.486513,All
-0.0290488,0.487512,-0.43633,0.487512,All
-0.0285553,0.488511,-0.435884,0.488511,All
-0.0280315,0.48951,-0.434388,0.48951,All
-0.0279638,0.490509,-0.432346,0.490509,All
-0.0278317,0.491508,-0.430452,0.491508,All
-0.0278279,0.492507,-0.427947,0.492507,All
-0.027567,0.493506,-0.427742,0.493506,All
-0.0272677,0.494505,-0.426382,0.494505,All
-0.026765,0.495504,-0.425805,0.495504,All
-0.0267125,0.496503,-0.425351,0.496503,All
-0.0257118,0.497502,-0.425078,0.497502,All
-0.0252548,0.498501,-0.424246,0.498501,All
-0.0251191,0.4995,-0.423056,0.4995,All
-0.025116,0.5005,-0.422677,0.5005,All
-0.0249894,0.501499,-0.421164,0.501499,All
-0.0249602,0.502498,-0.421005,0.502498,All
-0.0246276,0.503497,-0.41793,0.503497,All
-0.0245165,0.504496,-0.417922,0.504496,All
-0.0237561,0.505495,-0.413167,0.505495,All
-0.0237308,0.506494,-0.411014,0.506494,All
-0.0236753,0.507493,-0.410791,0.507493,All
-0.0235595,0.508492,-0.409631,0.508492,All
-0.0235132,0.509491,-0.409097,0.509491,All
-0.0234259,0.51049,-0.407621,0.51049,All
-0.0229535,0.511489,-0.403782,0.511489,All
-0.0227766,0.512488,-0.403309,0.512488,All
-0.0226113,0.513487,-0.401488,0.513487,All
-0.0226006,0.514486,-0.401245,0.514486,All
-0.0222089,0.515485,-0.400638,0.515485,All
-0.0215548,0.516484,-0.400051,0.516484,All
-0.020991,0.517483,-0.399164,0.517483,All
-0.0209668,0.518482,-0.396663,0.518482,All
-0.0208546,0.519481,-0.39605,0.519481,All
-0.0206196,0.52048,-0.395904,0.52048,All
-0.0204531,0.521479,-0.391473,0.521479,All
-0.0195272,0.522478,-0.391394,0.522478,All
-0.0193384,0.523477,-0.38902,0.523477,All
-0.0192093,0.524476,-0.386379,0.524476,All
-0.0188981,0.525475,-0.381683,0.525475,All
-0.018286,0.526474,-0.380446,0.526474,All
-0.0181291,0.527473,-0.379373,0.527473,All
-0.0180437,0.528472,-0.379224,0.528472,All
-0.0179085,0.529471,-0.378429,0.529471,All
-0.0174515,0.53047,-0.376399,0.53047,All
-0.0171798,0.531469,-0.374578,0.531469,All
-0.0171372,0.532468,-0.373197,0.532468,All
-0.0170866,0.533467,-0.372487,0.533467,All
-0.0170423,0.534466,-0.369137,0.534466,All
-0.0169046,0.535465,-0.367153,0.535465,All
-0.0168604,0.536464,-0.366048,0.536464,All
-0.0167378,0.537463,-0.36525,0.537463,All
-0.0166483,0.538462,-0.365029,0.538462,All
-0.016635,0.539461,-0.364405,0.539461,All
-0.0165997,0.54046,-0.363347,0.54046,All
-0.0161332,0.541459,-0.36275,0.541459,All
-0.0160271,0.542458,-0.361133,0.542458,All
-0.0154851,0.543457,-0.360734,0.543457,All
-0.0153186,0.544456,-0.360444,0.544456,All
-0.0152981,0.545455,-0.359173,0.545455,All
-0.0151827,0.546454,-0.357999,0.546454,All
-0.0149657,0.547453,-0.356566,0.547453,All
-0.0141233,0.548452,-0.352051,0.548452,All
-0.0139027,0.549451,-0.346575,0.549451,All
-0.0134906,0.55045,-0.346394,0.55045,All
-0.0133379,0.551449,-0.344575,0.551449,All
-0.0131105,0.552448,-0.343908,0.552448,All
-0.0128519,0.553447,-0.340098,0.553447,All
-0.0128417,0.554446,-0.339118,0.554446,All
-0.0120069,0.555445,-0.339099,0.555445,All
-0.0119604,0.556444,-0.3325,0.556444,All
-0.0117148,0.557443,-0.332241,0.557443,All
-0.011653,0.558442,-0.327444,0.558442,All
-0.0116452,0.559441,-0.326967,0.559441,All
-0.0113539,0.56044,-0.325694,0.56044,All
-0.0110249,0.561439,-0.325568,0.561439,All
-0.0109553,0.562438,-0.324424,0.562438,All
-0.0106589,0.563437,-0.324186,0.563437,All
-0.0105179,0.564436,-0.323143,0.564436,All
-0.0104673,0.565435,-0.322714,0.565435,All
-0.0103405,0.566434,-0.321137,0.566434,All
-0.0101565,0.567433,-0.320131,0.567433,All
-0.0101105,0.568432,-0.31949,0.568432,All
-0.0101024,0.569431,-0.318876,0.569431,All
-0.0100474,0.57043,-0.315235,0.57043,All
-0.00981428,0.571429,-0.312722,0.571429,All
-0.00981274,0.572428,-0.31089,0.572428,All
-0.00951493,0.573427,-0.308343,0.573427,All
-0.00872358,0.574426,-0.307407,0.574426,All
-0.00831072,0.575425,-0.304483,0.575425,All
-0.00824151,0.576424,-0.303596,0.576424,All
-0.00812808,0.577423,-0.302983,0.577423,All
-0.0081273,0.578422,-0.302439,0.578422,All
-0.00761606,0.579421,-0.301929,0.579421,All
-0.00740938,0.58042,-0.300732,0.58042,All
-0.00730045,0.581419,-0.300108,0.581419,All
-0.00723481,0.582418,-0.29999,0.582418,All
-0.00720422,0.583417,-0.298824,0.583417,All
-0.00714422,0.584416,-0.295234,0.584416,All
-0.00672223,0.585415,-0.294472,0.585415,All
-0.00636277,0.586414,-0.2925,0.586414,All
-0.00618628,0.587413,-0.289395,0.587413,All
-0.00616548,0.588412,-0.288931,0.588412,All
-0.00611528,0.589411,-0.284755,0.589411,All
-0.00602551,0.59041,-0.282435,0.59041,All
-0.00598842,0.591409,-0.281992,0.591409,All
-0.00568417,0.592408,-0.279261,0.592408,All
-0.0054681,0.593407,-0.279144,0.593407,All
-0.00537,0.594406,-0.278882,0.594406,All
-0.00533806,0.595405,-0.277179,0.595405,All
-0.00533394,0.596404,-0.275584,0.596404,All
-0.0050808,0.597403,-0.274553,0.597403,All
-0.0049718,0.598402,-0.273204,0.598402,All
-0.00483283,0.599401,-0.272217,0.599401,All
-0.00452679,0.6004,-0.271261,0.6004,All
-0.00451817,0.601399,-0.270505,0.601399,All
-0.00389129,0.602398,-0.270234,0.602398,All
-0.00341444,0.603397,-0.26899,0.603397,All
-0.00334906,0.604396,-0.266354,0.604396,All
-0.00328343,0.605395,-0.265977,0.605395,All
-0.00325061,0.606394,-0.260637,0.606394,All
-0.00307686,0.607393,-0.257956,0.607393,All
-0.00302294,0.608392,-0.254751,0.608392,All
-0.00295148,0.609391,-0.25396,0.609391,All
-0.00292731,0.61039,-0.253412,0.61039,All
-0.00278208,0.611389,-0.252964,0.611389,All
-0.00256951,0.612388,-0.252662,0.612388,All
-0.00254149,0.613387,-0.251503,0.613387,All
-0.00247562,0.614386,-0.249453,0.614386,All
-0.0021838,0.615385,-0.2494,0.615385,All
-0.00197241,0.616384,-0.248222,0.616384,All
-0.00183798,0.617383,-0.247289,0.617383,All
-0.00181153,0.618382,-0.247001,0.618382,All
-0.00175342,0.619381,-0.246439,0.619381,All
-0.00175008,0.62038,-0.243013,0.62038,All
-0.00168275,0.621379,-0.242912,0.621379,All
-0.00163217,0.622378,-0.241195,0.622378,All
-0.00138774,0.623377,-0.237838,0.623377,All
-0.00132102,0.624376,-0.23763,0.624376,All
-0.00124656,0.625375,-0.237487,0.625375,All
-0.00121975,0.626374,-0.233105,0.626374,All
-0.00119605,0.627373,-0.232062,0.627373,All
-0.0011188,0.628372,-0.228123,0.628372,All
-0.000935737,0.629371,-0.226748,0.629371,All
-0.000924178,0.63037,-0.226668,0.63037,All
-0.000730116,0.631369,-0.226477,0.631369,All
-0.000702288,0.632368,-0.226473,0.632368,All
-0.000676318,0.633367,-0.223084,0.633367,All
-0.000543337,0.634366,-0.221901,0.634366,All
-0.000464281,0.635365,-0.218155,0.635365,All
-0.000449343,0.636364,-0.217807,0.636364,All
-0.000422456,0.637363,-0.217369,0.637363,All
-0.000368025,0.638362,-0.216312,0.638362,All
-0.000361378,0.639361,-0.210747,0.639361,All
-0.000279784,0.64036,-0.210745,0.64036,All
-0.000274674,0.641359,-0.207863,0.641359,All
-0.000255651,0.642358,-0.20477,0.642358,All
-0.000125452,0.643357,-0.204622,0.643357,All
3.10803e-05,0.644356,-0.201242,0.644356,All
0.000131278,0.645355,-0.19879,0.645355,All
0.000206613,0.646354,-0.194681,0.646354,All
0.000254721,0.647353,-0.193871,0.647353,All
0.000300499,0.648352,-0.193862,0.648352,All
0.000501725,0.649351,-0.193638,0.649351,All
0.000585951,0.65035,-0.193139,0.65035,All
0.000778498,0.651349,-0.19092,0.651349,All
0.000784077,0.652348,-0.190561,0.652348,All
0.000789173,0.653347,-0.187116,0.653347,All
0.000804145,0.654346,-0.185686,0.654346,All
0.000984474,0.655345,-0.184885,0.655345,All
0.00106337,0.656344,-0.18418,0.656344,All
0.00112618,0.657343,-0.18274,0.657343,All
0.00134543,0.658342,-0.182532,0.658342,All
0.00144093,0.659341,-0.181044,0.659341,All
0.00144248,0.66034,-0.178325,0.66034,All
0.00146073,0.661339,-0.178192,0.661339,All
0.00154128,0.662338,-0.17812,0.662338,All
0.00157179,0.663337,-0.176217,0.663337,All
0.00159999,0.664336,-0.176018,0.664336,All
0.00174297,0.665335,-0.174749,0.665335,All
0.00191261,0.666334,-0.172087,0.666334,All
0.00202732,0.667333,-0.170711,0.667333,All
0.0020596,0.668332,-0.170311,0.668332,All
0.00223498,0.669331,-0.169092,0.669331,All
0.0022642,0.67033,-0.167526,0.67033,All
0.00237662,0.671329,-0.165874,0.671329,All
0.00241757,0.672328,-0.161262,0.672328,All
0.00256973,0.673327,-0.160506,0.673327,All
0.00271194,0.674326,-0.158627,0.674326,All
0.00286802,0.675325,-0.15737,0.675325,All
0.00307604,0.676324,-0.157331,0.676324,All
0.00313289,0.677323,-0.156429,0.677323,All
0.00327741,0.678322,-0.156218,0.678322,All
0.00329552,0.679321,-0.152904,0.679321,All
0.00348996,0.68032,-0.149927,0.68032,All
0.00375157,0.681319,-0.149691,0.681319,All
0.00382068,0.682318,-0.149171,0.682318,All
0.00389183,0.683317,-0.147337,0.683317,All
0.00408729,0.684316,-0.146282,0.684316,All
0.00412391,0.685315,-0.146182,0.685315,All
0.00423111,0.686314,-0.142226,0.686314,All
0.00427293,0.687313,-0.141704,0.687313,All
0.0045585,0.688312,-0.141584,0.688312,All
0.00458032,0.689311,-0.140684,0.689311,All
0.00462568,0.69031,-0.139972,0.69031,All
0.00467298,0.691309,-0.139774,0.691309,All
0.00476175,0.692308,-0.138167,0.692308,All
0.00487568,0.693307,-0.135107,0.693307,All
0.00497872,0.694306,-0.134233,0.694306,All
0.00515978,0.695305,-0.133286,0.695305,All
0.00543603,0.696304,-0.132722,0.696304,All
0.00548375,0.697303,-0.128514,0.697303,All
0.00562509,0.698302,-0.127246,0.698302,All
0.00567292,0.699301,-0.127019,0.699301,All
0.00582364,0.7003,-0.122342,0.7003,All
0.00603042,0.701299,-0.11608,0.701299,All
0.0064366,0.702298,-0.115187,0.702298,All
0.00648161,0.703297,-0.113603,0.703297,All
0.00690974,0.704296,-0.113552,0.704296,All
0.00691643,0.705295,-0.112705,0.705295,All
0.00706962,0.706294,-0.112483,0.706294,All
0.00714636,0.707293,-0.111809,0.707293,All
0.00755456,0.708292,-0.109618,0.708292,All
0.00786776,0.709291,-0.106016,0.709291,All
0.0078827,0.71029,-0.105997,0.71029,All
0.00789981,0.711289,-0.104936,0.711289,All
0.00805753,0.712288,-0.10471,0.712288,All
0.008159,0.713287,-0.0997299,0.713287,All
0.00821215,0.714286,-0.099473,0.714286,All
0.00844589,0.715285,-0.0988902,0.715285,All
0.00884111,0.716284,-0.0946348,0.716284,All
0.00889276,0.717283,-0.0930725,0.717283,All
0.00924655,0.718282,-0.0903645,0.718282,All
0.00957638,0.719281,-0.0883816,0.719281,All
0.00957686,0.72028,-0.0882958,0.72028,All
0.00996056,0.721279,-0.0877522,0.721279,All
0.0100202,0.722278,-0.0843326,0.722278,All
0.0101243,0.723277,-0.0835474,0.723277,All
0.0103195,0.724276,-0.0833047,0.724276,All
0.0105557,0.725275,-0.0832053,0.725275,All
0.0106055,0.726274,-0.081587,0.726274,All
0.010619,0.727273,-0.081451,0.727273,All
0.0108129,0.728272,-0.0802622,0.728272,All
0.0113032,0.729271,-0.0758906,0.729271,All
0.0116477,0.73027,-0.0719908,0.73027,All
0.0118305,0.731269,-0.0718815,0.731269,All
0.0121332,0.732268,-0.0711161,0.732268,All
0.0122836,0.733267,-0.0707498,0.733267,All
0.0123075,0.734266,-0.0659945,0.734266,All
0.0128465,0.735265,-0.06335,0.735265,All
0.0129663,0.736264,-0.0631812,0.736264,All
0.0133274,0.737263,-0.0593533,0.737263,All
0.0133305,0.738262,-0.0569818,0.738262,All
0.013623,0.739261,-0.0569698,0.739261,All
0.0138636,0.74026,-0.0552283,0.74026,All
0.0138814,0.741259,-0.0534348,0.741259,All
0.0142028,0.742258,-0.050063,0.742258,All
0.0145286,0.743257,-0.0478038,0.743257,All
0.0156331,0.744256,-0.0452432,0.744256,All
0.0165773,0.745255,-0.0441308,0.745255,All
0.0168186,0.746254,-0.0435228,0.746254,All
0.0169515,0.747253,-0.0422136,0.747253,All
0.0170871,0.748252,-0.0417678,0.748252,All
0.0172458,0.749251,-0.0412876,0.749251,All
0.0172888,0.75025,-0.0407718,0.75025,All
0.0176328,0.751249,-0.0402598,0.751249,All
0.0176967,0.752248,-0.0382516,0.752248,All
0.0179144,0.753247,-0.0361468,0.753247,All
0.0188952,0.754246,-0.0356258,0.754246,All
0.019284,0.755245,-0.0344634,0.755245,All
0.0202016,0.756244,-0.0319327,0.756244,All
0.0208901,0.757243,-0.0300044,0.757243,All
0.021348,0.758242,-0.0295426,0.758242,All
0.0216554,0.759241,-0.0292218,0.759241,All
0.0216967,0.76024,-0.0279188,0.76024,All
0.0218447,0.761239,-0.0279112,0.761239,All
0.022017,0.762238,-0.0248077,0.762238,All
0.0225897,0.763237,-0.0213244,0.763237,All
0.0227687,0.764236,-0.0210218,0.764236,All
0.0228585,0.765235,-0.0198371,0.765235,All
0.0234962,0.766234,-0.0183464,0.766234,All
0.0235683,0.767233,-0.0178418,0.767233,All
0.024263,0.768232,-0.0173537,0.768232,All
0.0242632,0.769231,-0.0157362,0.769231,All
0.0245495,0.77023,-0.0152402,0.77023,All
0.0249553,0.771229,-0.0150833,0.771229,All
0.0255469,0.772228,-0.0145599,0.772228,All
0.0255973,0.773227,-0.0132584,0.773227,All
0.0258104,0.774226,-0.0125354,0.774226,All
0.025956,0.775225,-0.0101653,0.775225,All
0.026186,0.776224,-0.00935935,0.776224,All
0.0269538,0.777223,-0.00929175,0.777223,All
0.0275069,0.778222,-0.00766291,0.778222,All
0.0276041,0.779221,-0.00172462,0.779221,All
0.0281819,0.78022,-0.00130233,0.78022,All
0.029154,0.781219,0.0011258,0.781219,All
0.0291819,0.782218,0.00465641,0.782218,All
0.0295176,0.783217,0.0122941,0.783217,All
0.0304638,0.784216,0.0140894,0.784216,All
0.0310214,0.785215,0.0163561,0.785215,All
0.0313788,0.786214,0.0166797,0.786214,All
0.0317858,0.787213,0.0177162,0.787213,All
0.0318073,0.788212,0.0184655,0.788212,All
0.0319915,0.789211,0.0221215,0.789211,All
0.0321973,0.79021,0.0222,0.79021,All
0.0324056,0.791209,0.0246786,0.791209,All
0.0324233,0.792208,0.0248345,0.792208,All
0.0327933,0.793207,0.0257755,0.793207,All
0.0328476,0.794206,0.0259854,0.794206,All
0.0332832,0.795205,0.0288422,0.795205,All
0.0337191,0.796204,0.0302695,0.796204,All
0.0351884,0.797203,0.0320378,0.797203,All
0.0354172,0.798202,0.0354327,0.798202,All
0.0356391,0.799201,0.0388306,0.799201,All
0.0364846,0.8002,0.0390582,0.8002,All
0.0375858,0.801199,0.0394297,0.801199,All
0.0376555,0.802198,0.0409595,0.802198,All
0.0380806,0.803197,0.0411199,0.803197,All
0.0386118,0.804196,0.0467421,0.804196,All
0.0398013,0.805195,0.0475004,0.805195,All
0.039929,0.806194,0.0488515,0.806194,All
0.0414218,0.807193,0.0489568,0.807193,All
0.0418261,0.808192,0.0510803,0.808192,All
0.0420032,0.809191,0.0530579,0.809191,All
0.0424197,0.81019,0.0579556,0.81019,All
0.0427471,0.811189,0.0584181,0.811189,All
0.0427696,0.812188,0.0601907,0.812188,All
0.0432024,0.813187,0.0615005,0.813187,All
0.0436107,0.814186,0.0626773,0.814186,All
0.0441798,0.815185,0.0669657,0.815185,All
0.045021,0.816184,0.0683769,0.816184,All
0.0451717,0.817183,0.0686636,0.817183,All
0.045999,0.818182,0.0688253,0.818182,All
0.0470451,0.819181,0.0700566,0.819181,All
0.0477699,0.82018,0.070663,0.82018,All
0.048374,0.821179,0.071161,0.821179,All
0.0484542,0.822178,0.0722679,0.822178,All
0.0485873,0.823177,0.0727504,0.823177,All
0.0489909,0.824176,0.0741008,0.824176,All
0.0508461,0.825175,0.0744887,0.825175,All
0.0537387,0.826174,0.0750982,0.826174,All
0.0537463,0.827173,0.0760293,0.827173,All
0.0539568,0.828172,0.0801126,0.828172,All
0.0550624,0.829171,0.0810114,0.829171,All
0.055449,0.83017,0.0822001,0.83017,All
0.0556449,0.831169,0.0861282,0.831169,All
0.058504,0.832168,0.086151,0.832168,All
0.0590893,0.833167,0.0876588,0.833167,All
0.0591284,0.834166,0.0927619,0.834166,All
0.0621903,0.835165,0.0927725,0.835165,All
0.0646513,0.836164,0.0930354,0.836164,All
0.0647015,0.837163,0.0954835,0.837163,All
0.0655185,0.838162,0.0955909,0.838162,All
0.0659535,0.839161,0.0958525,0.839161,All
0.0665206,0.84016,0.104549,0.84016,All
0.067005,0.841159,0.10503,0.841159,All
0.0672075,0.842158,0.108337,0.842158,All
0.068368,0.843157,0.113,0.843157,All
0.0704904,0.844156,0.124384,0.844156,All
0.0720296,0.845155,0.129571,0.845155,All
0.0749446,0.846154,0.131149,0.846154,All
0.0760439,0.847153,0.133649,0.847153,All
0.0775163,0.848152,0.134266,0.848152,All
0.0794643,0.849151,0.143118,0.849151,All
0.0818681,0.85015,0.143371,0.85015,All
0.0826522,0.851149,0.152122,0.851149,All
0.0834154,0.852148,0.153092,0.852148,All
0.0839108,0.853147,0.154808,0.853147,All
0.0850719,0.854146,0.160112,0.854146,All
0.0860949,0.855145,0.166002,0.855145,All
0.0874692,0.856144,0.16658,0.856144,All
0.088048,0.857143,0.168321,0.857143,All
0.0895536,0.858142,0.168404,0.858142,All
0.0906103,0.859141,0.173482,0.859141,All
0.091621,0.86014,0.175483,0.86014,All
0.0923499,0.861139,0.17897,0.861139,All
0.0928877,0.862138,0.178997,0.862138,All
0.0929225,0.863137,0.18274,0.863137,All
0.0958232,0.864136,0.184712,0.864136,All
0.096633,0.865135,0.18637,0.865135,All
0.09721,0.866134,0.188812,0.866134,All
0.0975469,0.867133,0.190719,0.867133,All
0.0988103,0.868132,0.194604,0.868132,All
0.0992136,0.869131,0.197089,0.869131,All
0.0999116,0.87013,0.197097,0.87013,All
0.101845,0.871129,0.198372,0.871129,All
0.101928,0.872128,0.201199,0.872128,All
0.102172,0.873127,0.201901,0.873127,All
0.103095,0.874126,0.20294,0.874126,All
0.10478,0.875125,0.205998,0.875125,All
0.105504,0.876124,0.207781,0.876124,All
0.105743,0.877123,0.212445,0.877123,All
0.106193,0.878122,0.213567,0.878122,All
0.106848,0.879121,0.215171,0.879121,All
0.109904,0.88012,0.215715,0.88012,All
0.11,0.881119,0.215786,0.881119,All
0.111974,0.882118,0.218608,0.882118,All
0.112978,0.883117,0.219283,0.883117,All
0.113052,0.884116,0.222299,0.884116,All
0.115757,0.885115,0.223876,0.885115,All
0.1176,0.886114,0.22609,0.886114,All
0.118361,0.887113,0.227186,0.887113,All
0.118489,0.888112,0.23499,0.888112,All
0.120162,0.889111,0.235431,0.889111,All
0.121341,0.89011,0.23626,0.89011,All
0.126322,0.891109,0.237111,0.891109,All
0.128704,0.892108,0.240856,0.892108,All
0.129404,0.893107,0.242719,0.893107,All
0.130902,0.894106,0.245035,0.894106,All
0.135327,0.895105,0.247857,0.895105,All
0.139938,0.896104,0.250137,0.896104,All
0.141782,0.897103,0.250441,0.897103,All
0.142841,0.898102,0.255334,0.898102,All
0.144952,0.899101,0.257298,0.899101,All
0.145349,0.9001,0.258795,0.9001,All
0.148373,0.901099,0.260101,0.901099,All
0.150073,0.902098,0.263854,0.902098,All
0.152696,0.903097,0.271571,0.903097,All
0.152939,0.904096,0.279889,0.904096,All
0.154663,0.905095,0.282596,0.905095,All
0.155204,0.906094,0.287359,0.906094,All
0.169011,0.907093,0.289716,0.907093,All
0.17068,0.908092,0.292576,0.908092,All
0.173183,0.909091,0.297734,0.909091,All
0.174391,0.91009,0.29797,0.91009,All
0.176527,0.911089,0.29868,0.911089,All
0.178218,0.912088,0.299237,0.912088,All
0.180564,0.913087,0.299519,0.913087,All
0.183957,0.914086,0.300649,0.914086,All
0.184089,0.915085,0.304103,0.915085,All
0.185911,0.916084,0.304379,0.916084,All
0.1871,0.917083,0.307623,0.917083,All
0.188265,0.918082,0.307813,0.918082,All
0.190849,0.919081,0.3082,0.919081,All
0.193996,0.92008,0.317773,0.92008,All
0.194151,0.921079,0.318688,0.921079,All
0.195413,0.922078,0.321947,0.922078,All
0.19656,0.923077,0.326533,0.923077,All
0.205699,0.924076,0.326811,0.924076,All
0.206375,0.925075,0.333299,0.925075,All
0.209077,0.926074,0.337426,0.926074,All
0.209445,0.927073,0.337684,0.927073,All
0.211535,0.928072,0.348483,0.928072,All
0.216767,0.929071,0.351029,0.929071,All
0.218492,0.93007,0.35383,0.93007,All
0.224833,0.931069,0.355828,0.931069,All
0.243759,0.932068,0.356579,0.932068,All
0.247495,0.933067,0.364973,0.933067,All
0.249573,0.934066,0.37038,0.934066,All
0.258385,0.935065,0.375978,0.935065,All
0.266167,0.936064,0.383847,0.936064,All
0.274033,0.937063,0.384351,0.937063,All
0.277701,0.938062,0.387885,0.938062,All
0.28857,0.939061,0.401702,0.939061,All
0.298905,0.94006,0.404854,0.94006,All
0.304218,0.941059,0.408541,0.941059,All
0.308661,0.942058,0.41304,0.942058,All
0.314537,0.943057,0.413197,0.943057,All
0.319291,0.944056,0.416788,0.944056,All
0.327091,0.945055,0.421155,0.945055,All
0.343356,0.946054,0.424091,0.946054,All
0.345161,0.947053,0.427111,0.947053,All
0.345946,0.948052,0.42768,0.948052,All
0.35633,0.949051,0.428458,0.949051,All
0.364669,0.95005,0.429568,0.95005,All
0.387987,0.951049,0.435053,0.951049,All
0.391071,0.952048,0.446792,0.952048,All
0.395205,0.953047,0.447753,0.953047,All
0.399558,0.954046,0.447922,0.954046,All
0.402874,0.955045,0.451656,0.955045,All
0.403393,0.956044,0.454192,0.956044,All
0.406603,0.957043,0.456026,0.957043,All
0.418262,0.958042,0.462512,0.958042,All
0.427662,0.959041,0.464462,0.959041,All
0.457292,0.96004,0.471967,0.96004,All
0.463958,0.961039,0.481351,0.961039,All
0.479267,0.962038,0.48377,0.962038,All
0.488395,0.963037,0.485144,0.963037,All
0.490106,0.964036,0.492833,0.964036,All
0.490756,0.965035,0.502529,0.965035,All
0.561423,0.966034,0.504705,0.966034,All
0.572918,0.967033,0.513436,0.967033,All
0.58671,0.968032,0.514539,0.968032,All
0.602087,0.969031,0.530752,0.969031,All
0.642018,0.97003,0.537588,0.97003,All
0.643026,0.971029,0.554132,0.971029,All
0.654185,0.972028,0.558376,0.972028,All
0.671876,0.973027,0.560833,0.973027,All
0.679097,0.974026,0.565523,0.974026,All
0.691163,0.975025,0.574059,0.975025,All
0.698998,0.976024,0.580796,0.976024,All
0.714718,0.977023,0.584967,0.977023,All
0.728264,0.978022,0.585442,0.978022,All
0.755785,0.979021,0.591457,0.979021,All
0.760213,0.98002,0.594798,0.98002,All
0.770806,0.981019,0.613369,0.981019,All
0.772388,0.982018,0.621748,0.982018,All
0.793684,0.983017,0.631918,0.983017,All
0.798685,0.984016,0.670869,0.984016,All
0.80662,0.985015,0.694223,0.985015,All
0.829456,0.986014,0.694908,0.986014,All
0.901368,0.987013,0.698054,0.987013,All
0.908312,0.988012,0.730325,0.988012,All
0.998469,0.989011,0.796519,0.989011,All
0.999454,0.99001,0.804905,0.99001,All
1.03351,0.991009,0.810344,0.991009,All
1.03724,0.992008,0.851249,0.992008,All
1.03797,0.993007,0.918335,0.993007,All
1.13249,0.994006,1.04097,0.994006,All
1.30315,0.995005,1.08061,0.995005,All
1.40286,0.996004,1.32347,0.996004,All
1.52597,0.997003,1.65628,0.997003,All
1.59071,0.998002,1.96853,0.998002,All
2.03389,0.999001,2.30069,0.999001,All
4.89431,1,2.56661,1,All
4.89431,1,4,1,All
