pwRes_abscissa,pwRes_cdf,iwRes_abscissa,iwRes_cdf,npde_abscissa,npde_cdf,split
-4,0,-4.13832,0.000634115,-4,0,All
-1.50384,0.000634115,-3.62815,0.00126823,-2.41313,0.000634115,All
-1.48516,0.00126823,-3.12705,0.00190235,-2.39619,0.00126823,All
-1.46254,0.00190235,-3.09894,0.00253646,-2.35056,0.00190235,All
-1.4448,0.00253646,-3.05472,0.00317058,-2.34192,0.00253646,All
-1.43422,0.00317058,-3.02352,0.00380469,-2.34168,0.00317058,All
-1.39706,0.00380469,-2.87312,0.00443881,-2.33445,0.00380469,All
-1.37726,0.00443881,-2.7477,0.00507292,-2.32054,0.00443881,All
-1.37637,0.00507292,-2.59431,0.00570704,-2.30528,0.00507292,All
-1.35154,0.00570704,-2.30863,0.00634115,-2.2314,0.00570704,All
-1.34146,0.00634115,-2.29695,0.00697527,-2.21228,0.00634115,All
-1.34003,0.00697527,-2.26575,0.00760938,-2.18892,0.00697527,All
-1.32969,0.00760938,-2.22542,0.0082435,-2.1784,0.00760938,All
-1.32762,0.0082435,-2.0056,0.00887762,-2.16811,0.0082435,All
-1.32583,0.00887762,-1.93158,0.00951173,-2.16522,0.00887762,All
-1.31537,0.00951173,-1.90418,0.0101458,-2.14913,0.00951173,All
-1.30262,0.0101458,-1.76215,0.01078,-2.10334,0.0101458,All
-1.3022,0.01078,-1.75306,0.0114141,-2.08231,0.01078,All
-1.29952,0.0114141,-1.70232,0.0120482,-2.07037,0.0114141,All
-1.29195,0.0120482,-1.68781,0.0126823,-2.06865,0.0120482,All
-1.28815,0.0126823,-1.67242,0.0133164,-2.0649,0.0126823,All
-1.28149,0.0133164,-1.60877,0.0139505,-2.05865,0.0133164,All
-1.27879,0.0139505,-1.52992,0.0145847,-2.05324,0.0139505,All
-1.2727,0.0145847,-1.51027,0.0152188,-2.03889,0.0145847,All
-1.27103,0.0152188,-1.43103,0.0158529,-2.01752,0.0152188,All
-1.27043,0.0158529,-1.33313,0.016487,-2.01491,0.0158529,All
-1.26328,0.016487,-1.3279,0.0171211,-2.01138,0.016487,All
-1.26268,0.0171211,-1.32092,0.0177552,-1.99555,0.0171211,All
-1.26191,0.0177552,-1.306,0.0183893,-1.98754,0.0177552,All
-1.25948,0.0183893,-1.26634,0.0190235,-1.96566,0.0183893,All
-1.25447,0.0190235,-1.26539,0.0196576,-1.96348,0.0190235,All
-1.25107,0.0196576,-1.22429,0.0202917,-1.93181,0.0196576,All
-1.24938,0.0202917,-1.21368,0.0209258,-1.93001,0.0202917,All
-1.24913,0.0209258,-1.21215,0.0215599,-1.92544,0.0209258,All
-1.23865,0.0215599,-1.15088,0.022194,-1.90344,0.0215599,All
-1.23789,0.022194,-1.13119,0.0228282,-1.90268,0.022194,All
-1.23069,0.0228282,-1.11167,0.0234623,-1.89871,0.0228282,All
-1.22915,0.0234623,-1.11147,0.0240964,-1.89388,0.0234623,All
-1.22791,0.0240964,-1.10284,0.0247305,-1.87677,0.0240964,All
-1.22314,0.0247305,-1.08758,0.0253646,-1.86974,0.0247305,All
-1.22279,0.0253646,-1.07926,0.0259987,-1.85148,0.0253646,All
-1.22095,0.0259987,-1.06607,0.0266328,-1.82188,0.0259987,All
-1.19793,0.0266328,-1.065,0.027267,-1.81856,0.0266328,All
-1.19749,0.027267,-1.05047,0.0279011,-1.8078,0.027267,All
-1.19519,0.0279011,-1.04133,0.0285352,-1.80629,0.0279011,All
-1.18319,0.0285352,-1.03669,0.0291693,-1.78283,0.0285352,All
-1.18265,0.0291693,-1.02669,0.0298034,-1.78227,0.0291693,All
-1.18164,0.0298034,-1.02245,0.0304375,-1.77862,0.0298034,All
-1.18072,0.0304375,-1.00872,0.0310717,-1.77751,0.0304375,All
-1.17726,0.0310717,-1.00064,0.0317058,-1.77618,0.0310717,All
-1.17225,0.0317058,-0.989554,0.0323399,-1.76347,0.0317058,All
-1.16953,0.0323399,-0.974125,0.032974,-1.76043,0.0323399,All
-1.1695,0.032974,-0.971001,0.0336081,-1.75316,0.032974,All
-1.16716,0.0336081,-0.966576,0.0342422,-1.75096,0.0336081,All
-1.16463,0.0342422,-0.961662,0.0348763,-1.74042,0.0342422,All
-1.16357,0.0348763,-0.95909,0.0355105,-1.73878,0.0348763,All
-1.15778,0.0355105,-0.941731,0.0361446,-1.72562,0.0355105,All
-1.15752,0.0361446,-0.938216,0.0367787,-1.72439,0.0361446,All
-1.15659,0.0367787,-0.92116,0.0374128,-1.7219,0.0367787,All
-1.1544,0.0374128,-0.906725,0.0380469,-1.7167,0.0374128,All
-1.15346,0.0380469,-0.905092,0.038681,-1.70162,0.0380469,All
-1.15125,0.038681,-0.884495,0.0393152,-1.68955,0.038681,All
-1.1455,0.0393152,-0.867859,0.0399493,-1.6867,0.0393152,All
-1.14326,0.0399493,-0.864784,0.0405834,-1.67312,0.0399493,All
-1.14254,0.0405834,-0.84398,0.0412175,-1.67141,0.0405834,All
-1.13947,0.0412175,-0.842058,0.0418516,-1.66851,0.0412175,All
-1.1389,0.0418516,-0.834929,0.0424857,-1.65173,0.0418516,All
-1.13628,0.0424857,-0.82948,0.0431198,-1.65164,0.0424857,All
-1.13347,0.0431198,-0.828652,0.043754,-1.64512,0.0431198,All
-1.13171,0.043754,-0.81643,0.0443881,-1.64092,0.043754,All
-1.13063,0.0443881,-0.814618,0.0450222,-1.63739,0.0443881,All
-1.12687,0.0450222,-0.802993,0.0456563,-1.63642,0.0450222,All
-1.12457,0.0456563,-0.799109,0.0462904,-1.63243,0.0456563,All
-1.12405,0.0462904,-0.79685,0.0469245,-1.63033,0.0462904,All
-1.1233,0.0469245,-0.795579,0.0475587,-1.62529,0.0469245,All
-1.12012,0.0475587,-0.786,0.0481928,-1.62447,0.0475587,All
-1.11658,0.0481928,-0.780358,0.0488269,-1.61978,0.0481928,All
-1.11559,0.0488269,-0.772102,0.049461,-1.61523,0.0488269,All
-1.11427,0.049461,-0.759508,0.0500951,-1.61371,0.049461,All
-1.11423,0.0500951,-0.75661,0.0507292,-1.61359,0.0500951,All
-1.11418,0.0507292,-0.754308,0.0513633,-1.60965,0.0507292,All
-1.11152,0.0513633,-0.742328,0.0519975,-1.60673,0.0513633,All
-1.11106,0.0519975,-0.734771,0.0526316,-1.60554,0.0519975,All
-1.10955,0.0526316,-0.71468,0.0532657,-1.60276,0.0526316,All
-1.10409,0.0532657,-0.706235,0.0538998,-1.60035,0.0532657,All
-1.10326,0.0538998,-0.703633,0.0545339,-1.59638,0.0538998,All
-1.10041,0.0545339,-0.700514,0.055168,-1.59294,0.0545339,All
-1.10001,0.055168,-0.690001,0.0558022,-1.58846,0.055168,All
-1.09907,0.0558022,-0.677131,0.0564363,-1.58702,0.0558022,All
-1.09821,0.0564363,-0.671668,0.0570704,-1.57821,0.0564363,All
-1.09811,0.0570704,-0.655086,0.0577045,-1.56632,0.0570704,All
-1.09734,0.0577045,-0.652168,0.0583386,-1.56369,0.0577045,All
-1.09486,0.0583386,-0.646697,0.0589727,-1.55015,0.0583386,All
-1.09178,0.0589727,-0.635535,0.0596068,-1.54871,0.0589727,All
-1.0857,0.0596068,-0.631773,0.060241,-1.52486,0.0596068,All
-1.08286,0.060241,-0.628352,0.0608751,-1.52413,0.060241,All
-1.08266,0.0608751,-0.624439,0.0615092,-1.50956,0.0608751,All
-1.08257,0.0615092,-0.613099,0.0621433,-1.50899,0.0615092,All
-1.08119,0.0621433,-0.612543,0.0627774,-1.50541,0.0621433,All
-1.08014,0.0627774,-0.612436,0.0634115,-1.50531,0.0627774,All
-1.07941,0.0634115,-0.59855,0.0640457,-1.5023,0.0634115,All
-1.07696,0.0640457,-0.578619,0.0646798,-1.49391,0.0640457,All
-1.07687,0.0646798,-0.577701,0.0653139,-1.493,0.0646798,All
-1.07462,0.0653139,-0.575416,0.065948,-1.48673,0.0653139,All
-1.07302,0.065948,-0.567862,0.0665821,-1.48562,0.065948,All
-1.07284,0.0665821,-0.56779,0.0672162,-1.47977,0.0665821,All
-1.07268,0.0672162,-0.559318,0.0678503,-1.47323,0.0672162,All
-1.0705,0.0678503,-0.556512,0.0684845,-1.46656,0.0678503,All
-1.06882,0.0684845,-0.553899,0.0691186,-1.46455,0.0684845,All
-1.06765,0.0691186,-0.544424,0.0697527,-1.46399,0.0691186,All
-1.06687,0.0697527,-0.544038,0.0703868,-1.45338,0.0697527,All
-1.06516,0.0703868,-0.543891,0.0710209,-1.45181,0.0703868,All
-1.06492,0.0710209,-0.542736,0.071655,-1.44715,0.0710209,All
-1.06342,0.071655,-0.527746,0.0722892,-1.44268,0.071655,All
-1.06166,0.0722892,-0.526825,0.0729233,-1.44026,0.0722892,All
-1.06076,0.0729233,-0.522149,0.0735574,-1.43705,0.0729233,All
-1.05721,0.0735574,-0.521044,0.0741915,-1.43627,0.0735574,All
-1.05595,0.0741915,-0.52072,0.0748256,-1.43458,0.0741915,All
-1.05589,0.0748256,-0.5136,0.0754597,-1.43434,0.0748256,All
-1.05223,0.0754597,-0.512314,0.0760938,-1.42954,0.0754597,All
-1.05218,0.0760938,-0.512281,0.076728,-1.42933,0.0760938,All
-1.05211,0.076728,-0.510413,0.0773621,-1.42053,0.076728,All
-1.05174,0.0773621,-0.50643,0.0779962,-1.41279,0.0773621,All
-1.05038,0.0779962,-0.503234,0.0786303,-1.41056,0.0779962,All
-1.04893,0.0786303,-0.502241,0.0792644,-1.40293,0.0786303,All
-1.04555,0.0792644,-0.50159,0.0798985,-1.40245,0.0792644,All
-1.04279,0.0798985,-0.501122,0.0805327,-1.39253,0.0798985,All
-1.04187,0.0805327,-0.499315,0.0811668,-1.38837,0.0805327,All
-1.04147,0.0811668,-0.495707,0.0818009,-1.38677,0.0811668,All
-1.04114,0.0818009,-0.492695,0.082435,-1.38041,0.0818009,All
-1.04102,0.082435,-0.485205,0.0830691,-1.37927,0.082435,All
-1.0404,0.0830691,-0.476869,0.0837032,-1.37914,0.0830691,All
-1.04035,0.0837032,-0.473473,0.0843373,-1.37599,0.0837032,All
-1.03901,0.0843373,-0.470505,0.0849715,-1.36671,0.0843373,All
-1.03745,0.0849715,-0.465172,0.0856056,-1.36296,0.0849715,All
-1.03646,0.0856056,-0.463734,0.0862397,-1.35925,0.0856056,All
-1.03495,0.0862397,-0.461964,0.0868738,-1.35692,0.0862397,All
-1.03108,0.0868738,-0.45558,0.0875079,-1.34509,0.0868738,All
-1.03092,0.0875079,-0.44915,0.088142,-1.34042,0.0875079,All
-1.03089,0.088142,-0.447129,0.0887762,-1.33774,0.088142,All
-1.02791,0.0887762,-0.446265,0.0894103,-1.33663,0.0887762,All
-1.02292,0.0894103,-0.440304,0.0900444,-1.33479,0.0894103,All
-1.02171,0.0900444,-0.437934,0.0906785,-1.32776,0.0900444,All
-1.01998,0.0906785,-0.437281,0.0913126,-1.32733,0.0906785,All
-1.01895,0.0913126,-0.436132,0.0919467,-1.32254,0.0913126,All
-1.01541,0.0919467,-0.434666,0.0925808,-1.31074,0.0919467,All
-1.01414,0.0925808,-0.431205,0.093215,-1.31009,0.0925808,All
-1.01365,0.093215,-0.426912,0.0938491,-1.30835,0.093215,All
-1.00771,0.0938491,-0.426679,0.0944832,-1.30683,0.0938491,All
-1.00666,0.0944832,-0.411333,0.0951173,-1.30616,0.0944832,All
-1.00541,0.0951173,-0.407644,0.0957514,-1.30491,0.0951173,All
-1.00373,0.0957514,-0.398919,0.0963855,-1.30477,0.0957514,All
-1.00284,0.0963855,-0.396575,0.0970197,-1.30091,0.0963855,All
-1.00139,0.0970197,-0.395461,0.0976538,-1.2983,0.0970197,All
-1.00051,0.0976538,-0.391554,0.0982879,-1.2982,0.0976538,All
-0.999679,0.0982879,-0.389293,0.098922,-1.29654,0.0982879,All
-0.995755,0.098922,-0.38287,0.0995561,-1.29609,0.098922,All
-0.993347,0.0995561,-0.378128,0.10019,-1.28261,0.0995561,All
-0.992381,0.10019,-0.375328,0.100824,-1.28199,0.10019,All
-0.990498,0.100824,-0.372078,0.101458,-1.2819,0.100824,All
-0.990275,0.101458,-0.368868,0.102093,-1.2812,0.101458,All
-0.987775,0.102093,-0.365493,0.102727,-1.27375,0.102093,All
-0.987744,0.102727,-0.360124,0.103361,-1.27066,0.102727,All
-0.984323,0.103361,-0.356914,0.103995,-1.26037,0.103361,All
-0.98423,0.103995,-0.355572,0.104629,-1.25298,0.103995,All
-0.983493,0.104629,-0.354417,0.105263,-1.24164,0.104629,All
-0.981208,0.105263,-0.353473,0.105897,-1.24086,0.105263,All
-0.981104,0.105897,-0.347476,0.106531,-1.23422,0.105897,All
-0.980227,0.106531,-0.346311,0.107166,-1.23391,0.106531,All
-0.973009,0.107166,-0.341025,0.1078,-1.2325,0.107166,All
-0.972182,0.1078,-0.340312,0.108434,-1.23196,0.1078,All
-0.969583,0.108434,-0.339259,0.109068,-1.23176,0.108434,All
-0.968921,0.109068,-0.336599,0.109702,-1.23135,0.109068,All
-0.966404,0.109702,-0.335512,0.110336,-1.22949,0.109702,All
-0.966075,0.110336,-0.334701,0.11097,-1.22926,0.110336,All
-0.962528,0.11097,-0.333401,0.111604,-1.22519,0.11097,All
-0.961953,0.111604,-0.332592,0.112238,-1.22215,0.111604,All
-0.96096,0.112238,-0.330476,0.112873,-1.21974,0.112238,All
-0.960785,0.112873,-0.326512,0.113507,-1.21084,0.112873,All
-0.958832,0.113507,-0.326079,0.114141,-1.20746,0.113507,All
-0.958397,0.114141,-0.322161,0.114775,-1.20712,0.114141,All
-0.955431,0.114775,-0.318462,0.115409,-1.20638,0.114775,All
-0.953895,0.115409,-0.317346,0.116043,-1.20069,0.115409,All
-0.952601,0.116043,-0.310117,0.116677,-1.19719,0.116043,All
-0.95057,0.116677,-0.308161,0.117311,-1.19608,0.116677,All
-0.949971,0.117311,-0.307428,0.117945,-1.19588,0.117311,All
-0.948539,0.117945,-0.302444,0.11858,-1.19122,0.117945,All
-0.948254,0.11858,-0.299928,0.119214,-1.18864,0.11858,All
-0.947117,0.119214,-0.296835,0.119848,-1.18675,0.119214,All
-0.946459,0.119848,-0.290958,0.120482,-1.18371,0.119848,All
-0.946113,0.120482,-0.287418,0.121116,-1.17899,0.120482,All
-0.943634,0.121116,-0.284695,0.12175,-1.17849,0.121116,All
-0.938805,0.12175,-0.279223,0.122384,-1.17595,0.12175,All
-0.938333,0.122384,-0.277434,0.123018,-1.17564,0.122384,All
-0.934889,0.123018,-0.276098,0.123653,-1.17107,0.123018,All
-0.934861,0.123653,-0.271461,0.124287,-1.16928,0.123653,All
-0.934308,0.124287,-0.269458,0.124921,-1.16777,0.124287,All
-0.932936,0.124921,-0.267487,0.125555,-1.15439,0.124921,All
-0.930922,0.125555,-0.267233,0.126189,-1.15438,0.125555,All
-0.929019,0.126189,-0.267144,0.126823,-1.14929,0.126189,All
-0.926304,0.126823,-0.263379,0.127457,-1.14724,0.126823,All
-0.92536,0.127457,-0.261746,0.128091,-1.14711,0.127457,All
-0.924893,0.128091,-0.259796,0.128725,-1.14665,0.128091,All
-0.92442,0.128725,-0.259021,0.12936,-1.1389,0.128725,All
-0.92384,0.12936,-0.258624,0.129994,-1.13812,0.12936,All
-0.92258,0.129994,-0.25813,0.130628,-1.13797,0.129994,All
-0.922548,0.130628,-0.257855,0.131262,-1.13572,0.130628,All
-0.921532,0.131262,-0.255518,0.131896,-1.13387,0.131262,All
-0.921254,0.131896,-0.25542,0.13253,-1.13308,0.131896,All
-0.921196,0.13253,-0.249145,0.133164,-1.13067,0.13253,All
-0.921196,0.133164,-0.247023,0.133798,-1.12831,0.133164,All
-0.919399,0.133798,-0.246647,0.134432,-1.12771,0.133798,All
-0.91928,0.134432,-0.245701,0.135067,-1.12734,0.134432,All
-0.919153,0.135067,-0.245137,0.135701,-1.12418,0.135067,All
-0.919124,0.135701,-0.245094,0.136335,-1.1149,0.135701,All
-0.917846,0.136335,-0.244342,0.136969,-1.1142,0.136335,All
-0.917671,0.136969,-0.243917,0.137603,-1.11307,0.136969,All
-0.917321,0.137603,-0.242633,0.138237,-1.11132,0.137603,All
-0.913684,0.138237,-0.241932,0.138871,-1.10975,0.138237,All
-0.911857,0.138871,-0.241561,0.139505,-1.10489,0.138871,All
-0.908722,0.139505,-0.23981,0.14014,-1.10181,0.139505,All
-0.908287,0.14014,-0.238214,0.140774,-1.09854,0.14014,All
-0.908132,0.140774,-0.237664,0.141408,-1.09677,0.140774,All
-0.907976,0.141408,-0.236216,0.142042,-1.09579,0.141408,All
-0.906441,0.142042,-0.235802,0.142676,-1.0909,0.142042,All
-0.903305,0.142676,-0.234886,0.14331,-1.09077,0.142676,All
-0.899113,0.14331,-0.234175,0.143944,-1.08703,0.14331,All
-0.898419,0.143944,-0.230777,0.144578,-1.08325,0.143944,All
-0.896231,0.144578,-0.228052,0.145212,-1.08283,0.144578,All
-0.896158,0.145212,-0.227506,0.145847,-1.0816,0.145212,All
-0.895444,0.145847,-0.226689,0.146481,-1.08148,0.145847,All
-0.89515,0.146481,-0.222042,0.147115,-1.08111,0.146481,All
-0.894333,0.147115,-0.217935,0.147749,-1.07938,0.147115,All
-0.893765,0.147749,-0.217607,0.148383,-1.07629,0.147749,All
-0.890392,0.148383,-0.217138,0.149017,-1.07545,0.148383,All
-0.890353,0.149017,-0.215568,0.149651,-1.07135,0.149017,All
-0.888347,0.149651,-0.215102,0.150285,-1.07091,0.149651,All
-0.887856,0.150285,-0.215056,0.150919,-1.06551,0.150285,All
-0.887491,0.150919,-0.212342,0.151554,-1.06267,0.150919,All
-0.886591,0.151554,-0.208508,0.152188,-1.05972,0.151554,All
-0.883332,0.152188,-0.207915,0.152822,-1.05904,0.152188,All
-0.883298,0.152822,-0.207836,0.153456,-1.05863,0.152822,All
-0.882163,0.153456,-0.207382,0.15409,-1.05419,0.153456,All
-0.882153,0.15409,-0.206561,0.154724,-1.05008,0.15409,All
-0.882106,0.154724,-0.203998,0.155358,-1.04835,0.154724,All
-0.879139,0.155358,-0.201674,0.155992,-1.04582,0.155358,All
-0.875655,0.155992,-0.201446,0.156627,-1.04081,0.155992,All
-0.875529,0.156627,-0.199159,0.157261,-1.03946,0.156627,All
-0.87333,0.157261,-0.197979,0.157895,-1.02834,0.157261,All
-0.873191,0.157895,-0.196496,0.158529,-1.02449,0.157895,All
-0.869749,0.158529,-0.194468,0.159163,-1.01892,0.158529,All
-0.869065,0.159163,-0.193818,0.159797,-1.01486,0.159163,All
-0.868126,0.159797,-0.191318,0.160431,-1.01474,0.159797,All
-0.867651,0.160431,-0.19127,0.161065,-1.00898,0.160431,All
-0.867121,0.161065,-0.187151,0.161699,-0.998711,0.161065,All
-0.86636,0.161699,-0.186774,0.162334,-0.985692,0.161699,All
-0.865742,0.162334,-0.186769,0.162968,-0.983737,0.162334,All
-0.863377,0.162968,-0.184842,0.163602,-0.983193,0.162968,All
-0.860199,0.163602,-0.183903,0.164236,-0.978198,0.163602,All
-0.859785,0.164236,-0.182962,0.16487,-0.977095,0.164236,All
-0.858686,0.16487,-0.182504,0.165504,-0.975486,0.16487,All
-0.854423,0.165504,-0.181115,0.166138,-0.9747,0.165504,All
-0.848189,0.166138,-0.177518,0.166772,-0.973972,0.166138,All
-0.845756,0.166772,-0.177447,0.167406,-0.97221,0.166772,All
-0.845726,0.167406,-0.176556,0.168041,-0.970965,0.167406,All
-0.844705,0.168041,-0.175383,0.168675,-0.969183,0.168041,All
-0.842732,0.168675,-0.174042,0.169309,-0.969103,0.168675,All
-0.842495,0.169309,-0.172718,0.169943,-0.968934,0.169309,All
-0.841148,0.169943,-0.172475,0.170577,-0.96426,0.169943,All
-0.84079,0.170577,-0.170597,0.171211,-0.95913,0.170577,All
-0.840035,0.171211,-0.16955,0.171845,-0.957742,0.171211,All
-0.838276,0.171845,-0.166283,0.172479,-0.955986,0.171845,All
-0.835545,0.172479,-0.164973,0.173114,-0.950873,0.172479,All
-0.835141,0.173114,-0.164888,0.173748,-0.949485,0.173114,All
-0.83239,0.173748,-0.163624,0.174382,-0.948392,0.173748,All
-0.831441,0.174382,-0.163617,0.175016,-0.947384,0.174382,All
-0.827488,0.175016,-0.162712,0.17565,-0.944562,0.175016,All
-0.825971,0.17565,-0.16038,0.176284,-0.937922,0.17565,All
-0.825513,0.176284,-0.16005,0.176918,-0.93341,0.176284,All
-0.822173,0.176918,-0.159038,0.177552,-0.930413,0.176918,All
-0.816182,0.177552,-0.158801,0.178186,-0.92363,0.177552,All
-0.814968,0.178186,-0.158373,0.178821,-0.919708,0.178186,All
-0.812825,0.178821,-0.157783,0.179455,-0.919467,0.178821,All
-0.812568,0.179455,-0.156469,0.180089,-0.915695,0.179455,All
-0.812374,0.180089,-0.15557,0.180723,-0.911595,0.180089,All
-0.811398,0.180723,-0.155407,0.181357,-0.907213,0.180723,All
-0.81061,0.181357,-0.154693,0.181991,-0.90283,0.181357,All
-0.81046,0.181991,-0.15243,0.182625,-0.90243,0.181991,All
-0.809558,0.182625,-0.149626,0.183259,-0.901745,0.182625,All
-0.808406,0.183259,-0.148493,0.183893,-0.900598,0.183259,All
-0.807679,0.183893,-0.14829,0.184528,-0.892276,0.183893,All
-0.807526,0.184528,-0.147935,0.185162,-0.891337,0.184528,All
-0.806071,0.185162,-0.147841,0.185796,-0.887359,0.185162,All
-0.80561,0.185796,-0.146335,0.18643,-0.885836,0.185796,All
-0.803457,0.18643,-0.144755,0.187064,-0.885106,0.18643,All
-0.80167,0.187064,-0.144636,0.187698,-0.884826,0.187064,All
-0.800191,0.187698,-0.143528,0.188332,-0.88335,0.187698,All
-0.799358,0.188332,-0.143072,0.188966,-0.881251,0.188332,All
-0.797721,0.188966,-0.140459,0.189601,-0.880621,0.188966,All
-0.797379,0.189601,-0.140209,0.190235,-0.874877,0.189601,All
-0.796338,0.190235,-0.138799,0.190869,-0.871588,0.190235,All
-0.796292,0.190869,-0.138555,0.191503,-0.867787,0.190869,All
-0.795432,0.191503,-0.13767,0.192137,-0.865613,0.191503,All
-0.795087,0.192137,-0.136457,0.192771,-0.862774,0.192137,All
-0.792029,0.192771,-0.136447,0.193405,-0.862155,0.192771,All
-0.788504,0.193405,-0.133734,0.194039,-0.861984,0.193405,All
-0.788383,0.194039,-0.133254,0.194673,-0.859851,0.194039,All
-0.7872,0.194673,-0.132888,0.195308,-0.859825,0.194673,All
-0.786801,0.195308,-0.131683,0.195942,-0.858802,0.195308,All
-0.785375,0.195942,-0.130857,0.196576,-0.857841,0.195942,All
-0.78419,0.196576,-0.130595,0.19721,-0.850955,0.196576,All
-0.78349,0.19721,-0.130458,0.197844,-0.849148,0.19721,All
-0.782624,0.197844,-0.130221,0.198478,-0.84878,0.197844,All
-0.781098,0.198478,-0.129832,0.199112,-0.847899,0.198478,All
-0.779472,0.199112,-0.129673,0.199746,-0.847233,0.199112,All
-0.779395,0.199746,-0.1295,0.20038,-0.844275,0.199746,All
-0.778441,0.20038,-0.128905,0.201015,-0.843103,0.20038,All
-0.777323,0.201015,-0.127095,0.201649,-0.841287,0.201015,All
-0.775931,0.201649,-0.12651,0.202283,-0.836298,0.201649,All
-0.774064,0.202283,-0.125925,0.202917,-0.835673,0.202283,All
-0.77232,0.202917,-0.124033,0.203551,-0.83338,0.202917,All
-0.771544,0.203551,-0.123451,0.204185,-0.831322,0.203551,All
-0.770904,0.204185,-0.123378,0.204819,-0.830461,0.204185,All
-0.76875,0.204819,-0.123352,0.205453,-0.829464,0.204819,All
-0.76798,0.205453,-0.122532,0.206088,-0.828893,0.205453,All
-0.767329,0.206088,-0.121959,0.206722,-0.824699,0.206088,All
-0.767223,0.206722,-0.120605,0.207356,-0.823705,0.206722,All
-0.764773,0.207356,-0.120496,0.20799,-0.821089,0.207356,All
-0.764641,0.20799,-0.119235,0.208624,-0.81983,0.20799,All
-0.764052,0.208624,-0.11918,0.209258,-0.817903,0.208624,All
-0.763795,0.209258,-0.118214,0.209892,-0.815421,0.209258,All
-0.762579,0.209892,-0.117495,0.210526,-0.803337,0.209892,All
-0.7613,0.210526,-0.117296,0.21116,-0.801895,0.210526,All
-0.758651,0.21116,-0.116433,0.211795,-0.799661,0.21116,All
-0.75647,0.211795,-0.116132,0.212429,-0.796059,0.211795,All
-0.755718,0.212429,-0.115966,0.213063,-0.79003,0.212429,All
-0.755646,0.213063,-0.115931,0.213697,-0.789496,0.213063,All
-0.754231,0.213697,-0.115458,0.214331,-0.78916,0.213697,All
-0.753888,0.214331,-0.113845,0.214965,-0.789083,0.214331,All
-0.752974,0.214965,-0.113837,0.215599,-0.788274,0.214965,All
-0.751826,0.215599,-0.112961,0.216233,-0.788024,0.215599,All
-0.75076,0.216233,-0.112664,0.216867,-0.786083,0.216233,All
-0.750549,0.216867,-0.112408,0.217502,-0.78565,0.216867,All
-0.750469,0.217502,-0.112381,0.218136,-0.773776,0.217502,All
-0.748338,0.218136,-0.111448,0.21877,-0.773697,0.218136,All
-0.747981,0.21877,-0.111409,0.219404,-0.772562,0.21877,All
-0.74602,0.219404,-0.110816,0.220038,-0.771897,0.219404,All
-0.743515,0.220038,-0.110635,0.220672,-0.771838,0.220038,All
-0.741975,0.220672,-0.110209,0.221306,-0.771186,0.220672,All
-0.738729,0.221306,-0.110069,0.22194,-0.770737,0.221306,All
-0.73752,0.22194,-0.109653,0.222575,-0.76918,0.22194,All
-0.73632,0.222575,-0.109275,0.223209,-0.768757,0.222575,All
-0.735627,0.223209,-0.107432,0.223843,-0.768493,0.223209,All
-0.73243,0.223843,-0.106891,0.224477,-0.767016,0.223843,All
-0.732326,0.224477,-0.106413,0.225111,-0.766716,0.224477,All
-0.725557,0.225111,-0.105795,0.225745,-0.766604,0.225111,All
-0.725367,0.225745,-0.105546,0.226379,-0.766237,0.225745,All
-0.725353,0.226379,-0.10489,0.227013,-0.765276,0.226379,All
-0.725007,0.227013,-0.104417,0.227647,-0.76265,0.227013,All
-0.724213,0.227647,-0.103503,0.228282,-0.761795,0.227647,All
-0.724059,0.228282,-0.10346,0.228916,-0.760389,0.228282,All
-0.722614,0.228916,-0.103315,0.22955,-0.752925,0.228916,All
-0.722298,0.22955,-0.101779,0.230184,-0.752176,0.22955,All
-0.7195,0.230184,-0.101481,0.230818,-0.750516,0.230184,All
-0.718221,0.230818,-0.0997063,0.231452,-0.750442,0.230818,All
-0.717747,0.231452,-0.0986865,0.232086,-0.745459,0.231452,All
-0.717367,0.232086,-0.0986491,0.23272,-0.745444,0.232086,All
-0.716706,0.23272,-0.0985084,0.233354,-0.743644,0.23272,All
-0.71606,0.233354,-0.0982854,0.233989,-0.743092,0.233354,All
-0.715693,0.233989,-0.095804,0.234623,-0.7413,0.233989,All
-0.715582,0.234623,-0.0955576,0.235257,-0.740234,0.234623,All
-0.714746,0.235257,-0.0951024,0.235891,-0.737712,0.235257,All
-0.714585,0.235891,-0.0945268,0.236525,-0.736658,0.235891,All
-0.713089,0.236525,-0.0941246,0.237159,-0.735051,0.236525,All
-0.712929,0.237159,-0.0934524,0.237793,-0.731686,0.237159,All
-0.712923,0.237793,-0.0925658,0.238427,-0.729091,0.237793,All
-0.71235,0.238427,-0.091536,0.239062,-0.72823,0.238427,All
-0.710438,0.239062,-0.0905154,0.239696,-0.725509,0.239062,All
-0.70727,0.239696,-0.0896301,0.24033,-0.724731,0.239696,All
-0.707216,0.24033,-0.0893392,0.240964,-0.72095,0.24033,All
-0.706285,0.240964,-0.0891963,0.241598,-0.71852,0.240964,All
-0.703411,0.241598,-0.0879294,0.242232,-0.716997,0.241598,All
-0.703273,0.242232,-0.0878331,0.242866,-0.716705,0.242232,All
-0.702573,0.242866,-0.0873062,0.2435,-0.715497,0.242866,All
-0.702155,0.2435,-0.0862865,0.244134,-0.713503,0.2435,All
-0.70208,0.244134,-0.0855608,0.244769,-0.712642,0.244134,All
-0.701828,0.244769,-0.0855418,0.245403,-0.712133,0.244769,All
-0.701645,0.245403,-0.0848203,0.246037,-0.710726,0.245403,All
-0.69888,0.246037,-0.0846623,0.246671,-0.70757,0.246037,All
-0.698712,0.246671,-0.0844582,0.247305,-0.70706,0.246671,All
-0.698576,0.247305,-0.0836821,0.247939,-0.706196,0.247305,All
-0.696765,0.247939,-0.0834196,0.248573,-0.705901,0.247939,All
-0.696666,0.248573,-0.0830646,0.249207,-0.704689,0.248573,All
-0.695845,0.249207,-0.0826116,0.249841,-0.703137,0.249207,All
-0.694791,0.249841,-0.08252,0.250476,-0.701091,0.249841,All
-0.69357,0.250476,-0.081591,0.25111,-0.698765,0.250476,All
-0.692755,0.25111,-0.0809494,0.251744,-0.69348,0.25111,All
-0.691669,0.251744,-0.0807551,0.252378,-0.692426,0.251744,All
-0.689389,0.252378,-0.0805746,0.253012,-0.690482,0.252378,All
-0.688971,0.253012,-0.0800958,0.253646,-0.688784,0.253012,All
-0.688338,0.253646,-0.079482,0.25428,-0.688634,0.253646,All
-0.687624,0.25428,-0.0792694,0.254914,-0.68808,0.25428,All
-0.686853,0.254914,-0.0787238,0.255549,-0.686101,0.254914,All
-0.686788,0.255549,-0.0782335,0.256183,-0.683675,0.255549,All
-0.686119,0.256183,-0.0778418,0.256817,-0.678044,0.256183,All
-0.684349,0.256817,-0.0771104,0.257451,-0.677963,0.256817,All
-0.681402,0.257451,-0.0767927,0.258085,-0.675685,0.257451,All
-0.680896,0.258085,-0.0767796,0.258719,-0.674908,0.258085,All
-0.679228,0.258719,-0.0765065,0.259353,-0.670972,0.258719,All
-0.679226,0.259353,-0.0758972,0.259987,-0.669855,0.259353,All
-0.678922,0.259987,-0.0747812,0.260621,-0.669842,0.259987,All
-0.677383,0.260621,-0.0747082,0.261256,-0.669042,0.260621,All
-0.673612,0.261256,-0.0740614,0.26189,-0.668669,0.261256,All
-0.672213,0.26189,-0.0729237,0.262524,-0.659084,0.26189,All
-0.670494,0.262524,-0.0718548,0.263158,-0.657263,0.262524,All
-0.670479,0.263158,-0.0712495,0.263792,-0.655194,0.263158,All
-0.668115,0.263792,-0.071201,0.264426,-0.654571,0.263792,All
-0.665785,0.264426,-0.0695822,0.26506,-0.652596,0.264426,All
-0.663863,0.26506,-0.0695563,0.265694,-0.65107,0.26506,All
-0.660999,0.265694,-0.0694279,0.266328,-0.647292,0.265694,All
-0.659452,0.266328,-0.0687124,0.266963,-0.643515,0.266328,All
-0.658821,0.266963,-0.0683119,0.267597,-0.627418,0.266963,All
-0.658246,0.267597,-0.0680921,0.268231,-0.625649,0.267597,All
-0.658078,0.268231,-0.0673131,0.268865,-0.625619,0.268231,All
-0.657591,0.268865,-0.0650009,0.269499,-0.625584,0.268865,All
-0.657318,0.269499,-0.0649888,0.270133,-0.624574,0.269499,All
-0.654353,0.270133,-0.0646858,0.270767,-0.623601,0.270133,All
-0.652943,0.270767,-0.0646507,0.271401,-0.623186,0.270767,All
-0.652408,0.271401,-0.0646212,0.272036,-0.617269,0.271401,All
-0.651657,0.272036,-0.063686,0.27267,-0.614438,0.272036,All
-0.649892,0.27267,-0.0635933,0.273304,-0.61385,0.27267,All
-0.649048,0.273304,-0.0633107,0.273938,-0.610555,0.273304,All
-0.646916,0.273938,-0.0627121,0.274572,-0.608048,0.273938,All
-0.644508,0.274572,-0.062505,0.275206,-0.604498,0.274572,All
-0.641279,0.275206,-0.062286,0.27584,-0.603385,0.275206,All
-0.639524,0.27584,-0.061498,0.276474,-0.602378,0.27584,All
-0.63928,0.276474,-0.0614285,0.277108,-0.602124,0.276474,All
-0.634711,0.277108,-0.061287,0.277743,-0.600458,0.277108,All
-0.634027,0.277743,-0.0610608,0.278377,-0.597821,0.277743,All
-0.63332,0.278377,-0.0607129,0.279011,-0.596034,0.278377,All
-0.632873,0.279011,-0.0606941,0.279645,-0.594444,0.279011,All
-0.632796,0.279645,-0.0601139,0.280279,-0.591416,0.279645,All
-0.632733,0.280279,-0.0596749,0.280913,-0.587347,0.280279,All
-0.63125,0.280913,-0.0593483,0.281547,-0.581208,0.280913,All
-0.631161,0.281547,-0.0591,0.282181,-0.580392,0.281547,All
-0.630353,0.282181,-0.0584577,0.282815,-0.579803,0.282181,All
-0.626767,0.282815,-0.0578499,0.28345,-0.579256,0.282815,All
-0.623365,0.28345,-0.055756,0.284084,-0.57584,0.28345,All
-0.621397,0.284084,-0.0548049,0.284718,-0.57568,0.284084,All
-0.619865,0.284718,-0.0532124,0.285352,-0.569705,0.284718,All
-0.619249,0.285352,-0.0526589,0.285986,-0.564679,0.285352,All
-0.61853,0.285986,-0.0518086,0.28662,-0.564263,0.285986,All
-0.617728,0.28662,-0.0512348,0.287254,-0.562782,0.28662,All
-0.616823,0.287254,-0.0506012,0.287888,-0.560969,0.287254,All
-0.615847,0.287888,-0.049444,0.288523,-0.558927,0.287888,All
-0.615705,0.288523,-0.049394,0.289157,-0.558379,0.288523,All
-0.611967,0.289157,-0.0493113,0.289791,-0.558176,0.289157,All
-0.610007,0.289791,-0.0491198,0.290425,-0.553547,0.289791,All
-0.608329,0.290425,-0.0480206,0.291059,-0.55352,0.290425,All
-0.608268,0.291059,-0.0477387,0.291693,-0.552952,0.291059,All
-0.607736,0.291693,-0.0471574,0.292327,-0.550765,0.291693,All
-0.607574,0.292327,-0.0469828,0.292961,-0.55052,0.292327,All
-0.607109,0.292961,-0.0448657,0.293595,-0.547311,0.292961,All
-0.602898,0.293595,-0.0445796,0.29423,-0.546481,0.293595,All
-0.602068,0.29423,-0.0444854,0.294864,-0.541703,0.29423,All
-0.600157,0.294864,-0.0442589,0.295498,-0.537998,0.294864,All
-0.599788,0.295498,-0.0441269,0.296132,-0.530516,0.295498,All
-0.598481,0.296132,-0.0432332,0.296766,-0.528122,0.296132,All
-0.597661,0.296766,-0.0428394,0.2974,-0.526569,0.296766,All
-0.596252,0.2974,-0.0426093,0.298034,-0.526543,0.2974,All
-0.593773,0.298034,-0.0425347,0.298668,-0.52654,0.298034,All
-0.593559,0.298668,-0.0420218,0.299302,-0.526018,0.298668,All
-0.590726,0.299302,-0.0415423,0.299937,-0.525812,0.299302,All
-0.590622,0.299937,-0.0414568,0.300571,-0.524286,0.299937,All
-0.590468,0.300571,-0.040752,0.301205,-0.523163,0.300571,All
-0.589308,0.301205,-0.0402549,0.301839,-0.520443,0.301205,All
-0.589256,0.301839,-0.0397962,0.302473,-0.519405,0.301839,All
-0.586494,0.302473,-0.0384681,0.303107,-0.516952,0.302473,All
-0.585016,0.303107,-0.0377095,0.303741,-0.515798,0.303107,All
-0.584818,0.303741,-0.0350391,0.304375,-0.511417,0.303741,All
-0.584538,0.304375,-0.0349331,0.30501,-0.511132,0.304375,All
-0.58264,0.30501,-0.0338534,0.305644,-0.509432,0.30501,All
-0.581925,0.305644,-0.0329675,0.306278,-0.502042,0.305644,All
-0.580492,0.306278,-0.0311243,0.306912,-0.501729,0.306278,All
-0.578315,0.306912,-0.0302128,0.307546,-0.500024,0.306912,All
-0.575733,0.307546,-0.0297638,0.30818,-0.497969,0.307546,All
-0.572953,0.30818,-0.0293514,0.308814,-0.493797,0.30818,All
-0.572807,0.308814,-0.02928,0.309448,-0.493365,0.308814,All
-0.57222,0.309448,-0.0290776,0.310082,-0.493202,0.309448,All
-0.570558,0.310082,-0.0287912,0.310717,-0.492329,0.310082,All
-0.570039,0.310717,-0.028057,0.311351,-0.491841,0.310717,All
-0.569146,0.311351,-0.0280171,0.311985,-0.491539,0.311351,All
-0.568811,0.311985,-0.0259948,0.312619,-0.490792,0.311985,All
-0.56874,0.312619,-0.025941,0.313253,-0.490016,0.312619,All
-0.566166,0.313253,-0.0253442,0.313887,-0.489769,0.313253,All
-0.565794,0.313887,-0.0251921,0.314521,-0.486647,0.313887,All
-0.565663,0.314521,-0.0251458,0.315155,-0.482715,0.314521,All
-0.565068,0.315155,-0.0244832,0.315789,-0.475805,0.315155,All
-0.564396,0.315789,-0.0243074,0.316424,-0.475531,0.315789,All
-0.562699,0.316424,-0.0236714,0.317058,-0.474462,0.316424,All
-0.562661,0.317058,-0.0219497,0.317692,-0.474119,0.317058,All
-0.559822,0.317692,-0.0198626,0.318326,-0.473803,0.317692,All
-0.55914,0.318326,-0.0185285,0.31896,-0.472193,0.318326,All
-0.558462,0.31896,-0.0183234,0.319594,-0.471705,0.31896,All
-0.555761,0.319594,-0.018025,0.320228,-0.471279,0.319594,All
-0.55566,0.320228,-0.0175861,0.320862,-0.467763,0.320228,All
-0.554102,0.320862,-0.017546,0.321497,-0.466498,0.320862,All
-0.552902,0.321497,-0.0169993,0.322131,-0.463457,0.321497,All
-0.552055,0.322131,-0.0164805,0.322765,-0.461993,0.322131,All
-0.549767,0.322765,-0.0160258,0.323399,-0.459902,0.322765,All
-0.549614,0.323399,-0.0157806,0.324033,-0.459755,0.323399,All
-0.549434,0.324033,-0.0156379,0.324667,-0.459023,0.324033,All
-0.548856,0.324667,-0.0149502,0.325301,-0.457921,0.324667,All
-0.544718,0.325301,-0.014782,0.325935,-0.455909,0.325301,All
-0.544376,0.325935,-0.0147607,0.326569,-0.455898,0.325935,All
-0.539977,0.326569,-0.0140965,0.327204,-0.44955,0.326569,All
-0.538048,0.327204,-0.0139717,0.327838,-0.448551,0.327204,All
-0.537822,0.327838,-0.0131042,0.328472,-0.447323,0.327838,All
-0.537427,0.328472,-0.0130937,0.329106,-0.444795,0.328472,All
-0.537334,0.329106,-0.0130906,0.32974,-0.443365,0.329106,All
-0.537071,0.32974,-0.0126232,0.330374,-0.440916,0.32974,All
-0.536804,0.330374,-0.0120136,0.331008,-0.43983,0.330374,All
-0.536305,0.331008,-0.0118932,0.331642,-0.438294,0.331008,All
-0.535825,0.331642,-0.010725,0.332276,-0.434738,0.331642,All
-0.535,0.332276,-0.0103045,0.332911,-0.434186,0.332276,All
-0.532542,0.332911,-0.0102444,0.333545,-0.434136,0.332911,All
-0.526844,0.333545,-0.00980802,0.334179,-0.434076,0.333545,All
-0.524462,0.334179,-0.00941091,0.334813,-0.431229,0.334179,All
-0.524202,0.334813,-0.00889244,0.335447,-0.431184,0.334813,All
-0.522064,0.335447,-0.0083517,0.336081,-0.430798,0.335447,All
-0.519496,0.336081,-0.00783323,0.336715,-0.427194,0.336081,All
-0.518103,0.336715,-0.00480174,0.337349,-0.421413,0.336715,All
-0.515322,0.337349,-0.00439615,0.337984,-0.418895,0.337349,All
-0.514343,0.337984,-0.00438406,0.338618,-0.418528,0.337984,All
-0.511781,0.338618,-0.00367903,0.339252,-0.416898,0.338618,All
-0.511764,0.339252,-0.00366143,0.339886,-0.41543,0.339252,All
-0.511146,0.339886,-0.00336252,0.34052,-0.408289,0.339886,All
-0.510856,0.34052,-0.00302369,0.341154,-0.408096,0.34052,All
-0.510508,0.341154,-0.00301911,0.341788,-0.403324,0.341154,All
-0.510203,0.341788,-0.00301511,0.342422,-0.400611,0.341788,All
-0.509965,0.342422,-0.00279738,0.343056,-0.398517,0.342422,All
-0.509387,0.343056,-0.00255248,0.343691,-0.396237,0.343056,All
-0.509115,0.343691,-0.00221566,0.344325,-0.389988,0.343691,All
-0.508119,0.344325,-0.00191259,0.344959,-0.388883,0.344325,All
-0.504636,0.344959,-0.00175059,0.345593,-0.384097,0.344959,All
-0.502429,0.345593,-0.00143102,0.346227,-0.382639,0.345593,All
-0.502164,0.346227,-0.00114426,0.346861,-0.382141,0.346227,All
-0.499976,0.346861,-0.000657584,0.347495,-0.381578,0.346861,All
-0.497482,0.347495,-0.00062243,0.348129,-0.380348,0.347495,All
-0.49694,0.348129,-0.00057132,0.348763,-0.379754,0.348129,All
-0.496337,0.348763,-8.50856e-05,0.349398,-0.379311,0.348763,All
-0.496057,0.349398,0.000239711,0.350032,-0.373799,0.349398,All
-0.495763,0.350032,0.00214691,0.350666,-0.373775,0.350032,All
-0.495112,0.350666,0.00228074,0.3513,-0.373546,0.350666,All
-0.495054,0.3513,0.00240266,0.351934,-0.372642,0.3513,All
-0.492774,0.351934,0.00321297,0.352568,-0.371343,0.351934,All
-0.490255,0.352568,0.00490219,0.353202,-0.370946,0.352568,All
-0.4881,0.353202,0.0050415,0.353836,-0.367897,0.353202,All
-0.486488,0.353836,0.00528215,0.354471,-0.365702,0.353836,All
-0.4857,0.354471,0.00543582,0.355105,-0.357979,0.354471,All
-0.484485,0.355105,0.00619831,0.355739,-0.35288,0.355105,All
-0.483265,0.355739,0.00674038,0.356373,-0.352513,0.355739,All
-0.481742,0.356373,0.00898357,0.357007,-0.351263,0.356373,All
-0.481077,0.357007,0.00899093,0.357641,-0.350618,0.357007,All
-0.4808,0.357641,0.00921894,0.358275,-0.350557,0.357641,All
-0.480761,0.358275,0.0119124,0.358909,-0.350164,0.358275,All
-0.480124,0.358909,0.0126835,0.359543,-0.34754,0.358909,All
-0.479787,0.359543,0.0137853,0.360178,-0.346884,0.359543,All
-0.47819,0.360178,0.01417,0.360812,-0.346278,0.360178,All
-0.477861,0.360812,0.0142277,0.361446,-0.345669,0.360812,All
-0.47701,0.361446,0.015133,0.36208,-0.340941,0.361446,All
-0.475637,0.36208,0.0151455,0.362714,-0.340347,0.36208,All
-0.475352,0.362714,0.0153911,0.363348,-0.33695,0.362714,All
-0.472309,0.363348,0.0161435,0.363982,-0.332745,0.363348,All
-0.470483,0.363982,0.0161993,0.364616,-0.332587,0.363982,All
-0.470038,0.364616,0.017856,0.36525,-0.330125,0.364616,All
-0.46639,0.36525,0.0183692,0.365885,-0.329863,0.36525,All
-0.463494,0.365885,0.0183747,0.366519,-0.329151,0.365885,All
-0.460385,0.366519,0.0188693,0.367153,-0.322764,0.366519,All
-0.45897,0.367153,0.0193667,0.367787,-0.321,0.367153,All
-0.454991,0.367787,0.0194436,0.368421,-0.318221,0.367787,All
-0.454535,0.368421,0.0199455,0.369055,-0.315172,0.368421,All
-0.454045,0.369055,0.0199517,0.369689,-0.307879,0.369055,All
-0.453331,0.369689,0.0200959,0.370323,-0.307326,0.369689,All
-0.452783,0.370323,0.020495,0.370958,-0.304192,0.370323,All
-0.452776,0.370958,0.0213733,0.371592,-0.299874,0.370958,All
-0.451261,0.371592,0.0214264,0.372226,-0.296227,0.371592,All
-0.451242,0.372226,0.0215753,0.37286,-0.291601,0.372226,All
-0.451235,0.37286,0.0222727,0.373494,-0.291333,0.37286,All
-0.447636,0.373494,0.0229933,0.374128,-0.290084,0.373494,All
-0.445858,0.374128,0.0238729,0.374762,-0.28777,0.374128,All
-0.444668,0.374762,0.024446,0.375396,-0.287301,0.374762,All
-0.440621,0.375396,0.0250376,0.37603,-0.286517,0.375396,All
-0.440051,0.37603,0.0259728,0.376665,-0.285962,0.37603,All
-0.437952,0.376665,0.0273299,0.377299,-0.285258,0.376665,All
-0.437596,0.377299,0.0273935,0.377933,-0.284637,0.377299,All
-0.436418,0.377933,0.0275901,0.378567,-0.283813,0.377933,All
-0.433745,0.378567,0.0277471,0.379201,-0.283599,0.378567,All
-0.430359,0.379201,0.0285051,0.379835,-0.270566,0.379201,All
-0.429381,0.379835,0.0286734,0.380469,-0.26891,0.379835,All
-0.428766,0.380469,0.0287867,0.381103,-0.268663,0.380469,All
-0.427844,0.381103,0.0290675,0.381737,-0.26783,0.381103,All
-0.425617,0.381737,0.0297761,0.382372,-0.267045,0.381737,All
-0.425489,0.382372,0.031065,0.383006,-0.266061,0.382372,All
-0.42271,0.383006,0.0311243,0.38364,-0.264482,0.383006,All
-0.421211,0.38364,0.0320034,0.384274,-0.26207,0.38364,All
-0.41851,0.384274,0.0321848,0.384908,-0.260284,0.384274,All
-0.417811,0.384908,0.032754,0.385542,-0.259165,0.384908,All
-0.417654,0.385542,0.0343946,0.386176,-0.256322,0.385542,All
-0.412457,0.386176,0.035247,0.38681,-0.256188,0.386176,All
-0.412175,0.38681,0.0355969,0.387445,-0.25515,0.38681,All
-0.408467,0.387445,0.038478,0.388079,-0.25175,0.387445,All
-0.407682,0.388079,0.0385901,0.388713,-0.250269,0.388079,All
-0.407189,0.388713,0.0386713,0.389347,-0.246645,0.388713,All
-0.404833,0.389347,0.038814,0.389981,-0.244634,0.389347,All
-0.403006,0.389981,0.0393622,0.390615,-0.24392,0.389981,All
-0.401611,0.390615,0.0406224,0.391249,-0.238436,0.390615,All
-0.399368,0.391249,0.0428823,0.391883,-0.23517,0.391249,All
-0.399061,0.391883,0.0434905,0.392517,-0.230572,0.391883,All
-0.398776,0.392517,0.043507,0.393152,-0.228498,0.392517,All
-0.397211,0.393152,0.0465963,0.393786,-0.228348,0.393152,All
-0.395228,0.393786,0.0471216,0.39442,-0.226401,0.393786,All
-0.394164,0.39442,0.0482686,0.395054,-0.225669,0.39442,All
-0.393681,0.395054,0.0484256,0.395688,-0.225098,0.395054,All
-0.391301,0.395688,0.0486102,0.396322,-0.224978,0.395688,All
-0.39129,0.396322,0.0494287,0.396956,-0.224848,0.396322,All
-0.386739,0.396956,0.0498421,0.39759,-0.222681,0.396956,All
-0.386355,0.39759,0.0511084,0.398224,-0.219676,0.39759,All
-0.386321,0.398224,0.0514791,0.398859,-0.21925,0.398224,All
-0.386169,0.398859,0.0531661,0.399493,-0.218086,0.398859,All
-0.385986,0.399493,0.0533209,0.400127,-0.216115,0.399493,All
-0.38287,0.400127,0.0534862,0.400761,-0.215004,0.400127,All
-0.382407,0.400761,0.0540837,0.401395,-0.212355,0.400761,All
-0.381386,0.401395,0.056116,0.402029,-0.211182,0.401395,All
-0.37985,0.402029,0.0561377,0.402663,-0.209698,0.402029,All
-0.374187,0.402663,0.0570745,0.403297,-0.209181,0.402663,All
-0.373028,0.403297,0.0578201,0.403932,-0.208453,0.403297,All
-0.369994,0.403932,0.0579192,0.404566,-0.206863,0.403932,All
-0.369873,0.404566,0.0587466,0.4052,-0.206254,0.404566,All
-0.366296,0.4052,0.0587635,0.405834,-0.20526,0.4052,All
-0.363332,0.405834,0.0591508,0.406468,-0.20432,0.405834,All
-0.363197,0.406468,0.0595136,0.407102,-0.200856,0.406468,All
-0.363187,0.407102,0.0606009,0.407736,-0.196888,0.407102,All
-0.361204,0.407736,0.0619426,0.40837,-0.196243,0.407736,All
-0.360808,0.40837,0.0628376,0.409004,-0.194632,0.40837,All
-0.35854,0.409004,0.0630299,0.409639,-0.193808,0.409004,All
-0.355287,0.409639,0.0634634,0.410273,-0.192724,0.409639,All
-0.355036,0.410273,0.063949,0.410907,-0.190635,0.410273,All
-0.354779,0.410907,0.064759,0.411541,-0.190376,0.410907,All
-0.354718,0.411541,0.065501,0.412175,-0.189584,0.411541,All
-0.353823,0.412175,0.0657455,0.412809,-0.185143,0.412175,All
-0.35293,0.412809,0.0664585,0.413443,-0.184309,0.412809,All
-0.351539,0.413443,0.0667487,0.414077,-0.182034,0.413443,All
-0.350234,0.414077,0.0668729,0.414711,-0.1817,0.414077,All
-0.349698,0.414711,0.0678217,0.415346,-0.180981,0.414711,All
-0.348877,0.415346,0.0679603,0.41598,-0.17477,0.415346,All
-0.348065,0.41598,0.0692421,0.416614,-0.174004,0.41598,All
-0.34799,0.416614,0.0693449,0.417248,-0.169482,0.416614,All
-0.347326,0.417248,0.0693666,0.417882,-0.168082,0.417248,All
-0.346824,0.417882,0.0697195,0.418516,-0.165795,0.417882,All
-0.346471,0.418516,0.070158,0.41915,-0.163719,0.418516,All
-0.34482,0.41915,0.0701921,0.419784,-0.161365,0.41915,All
-0.344597,0.419784,0.0707817,0.420419,-0.160141,0.419784,All
-0.343519,0.420419,0.0708171,0.421053,-0.159559,0.420419,All
-0.342731,0.421053,0.0709723,0.421687,-0.157022,0.421053,All
-0.341971,0.421687,0.0713073,0.422321,-0.156691,0.421687,All
-0.340091,0.422321,0.0724302,0.422955,-0.156428,0.422321,All
-0.338038,0.422955,0.0724438,0.423589,-0.155713,0.422955,All
-0.336098,0.423589,0.0745303,0.424223,-0.155446,0.423589,All
-0.334157,0.424223,0.0746419,0.424857,-0.153589,0.424223,All
-0.333849,0.424857,0.0747158,0.425491,-0.152957,0.424857,All
-0.333622,0.425491,0.0749379,0.426126,-0.152882,0.425491,All
-0.332236,0.426126,0.0756476,0.42676,-0.151822,0.426126,All
-0.33216,0.42676,0.0758223,0.427394,-0.151736,0.42676,All
-0.331118,0.427394,0.0771036,0.428028,-0.150202,0.427394,All
-0.330595,0.428028,0.0774855,0.428662,-0.149287,0.428028,All
-0.330543,0.428662,0.0775911,0.429296,-0.148103,0.428662,All
-0.330279,0.429296,0.0788605,0.42993,-0.147873,0.429296,All
-0.330176,0.42993,0.0804536,0.430564,-0.143826,0.42993,All
-0.328341,0.430564,0.0817034,0.431198,-0.142064,0.430564,All
-0.327481,0.431198,0.0825115,0.431833,-0.138511,0.431198,All
-0.323928,0.431833,0.0826769,0.432467,-0.138258,0.431833,All
-0.323393,0.432467,0.0830748,0.433101,-0.138226,0.432467,All
-0.322423,0.433101,0.0837007,0.433735,-0.136498,0.433101,All
-0.321094,0.433735,0.0838609,0.434369,-0.134302,0.433735,All
-0.32,0.434369,0.0839979,0.435003,-0.134294,0.434369,All
-0.319981,0.435003,0.0843059,0.435637,-0.133274,0.435003,All
-0.319517,0.435637,0.0847104,0.436271,-0.133251,0.435637,All
-0.318017,0.436271,0.086102,0.436906,-0.131409,0.436271,All
-0.317859,0.436906,0.0862362,0.43754,-0.129507,0.436906,All
-0.317404,0.43754,0.0864586,0.438174,-0.123668,0.43754,All
-0.316782,0.438174,0.0867036,0.438808,-0.12274,0.438174,All
-0.314271,0.438808,0.0869571,0.439442,-0.120447,0.438808,All
-0.313472,0.439442,0.0870304,0.440076,-0.117925,0.439442,All
-0.312241,0.440076,0.0872572,0.44071,-0.117477,0.440076,All
-0.309864,0.44071,0.087535,0.441344,-0.117168,0.44071,All
-0.305953,0.441344,0.0876685,0.441978,-0.115762,0.441344,All
-0.305536,0.441978,0.0879786,0.442613,-0.115414,0.441978,All
-0.305465,0.442613,0.0883316,0.443247,-0.113057,0.442613,All
-0.304816,0.443247,0.0886065,0.443881,-0.113026,0.443247,All
-0.301301,0.443881,0.0889122,0.444515,-0.110056,0.443881,All
-0.301171,0.444515,0.0897576,0.445149,-0.108535,0.444515,All
-0.300145,0.445149,0.0903599,0.445783,-0.107912,0.445149,All
-0.299458,0.445783,0.0907828,0.446417,-0.107186,0.445783,All
-0.298054,0.446417,0.0914397,0.447051,-0.107157,0.446417,All
-0.297016,0.447051,0.0918334,0.447685,-0.106855,0.447051,All
-0.295083,0.447685,0.0926372,0.44832,-0.105864,0.447685,All
-0.294334,0.44832,0.0927732,0.448954,-0.10073,0.44832,All
-0.293046,0.448954,0.0936349,0.449588,-0.100055,0.448954,All
-0.290207,0.449588,0.0942443,0.450222,-0.0992962,0.449588,All
-0.288283,0.450222,0.0948567,0.450856,-0.0980761,0.450222,All
-0.28717,0.450856,0.0958025,0.45149,-0.0942297,0.450856,All
-0.286309,0.45149,0.096345,0.452124,-0.0903479,0.45149,All
-0.285897,0.452124,0.0969406,0.452758,-0.0884867,0.452124,All
-0.285849,0.452758,0.0972343,0.453393,-0.0876274,0.452758,All
-0.282051,0.453393,0.0977768,0.454027,-0.0814122,0.453393,All
-0.281414,0.454027,0.0993816,0.454661,-0.0724158,0.454027,All
-0.280603,0.454661,0.0994266,0.455295,-0.06979,0.454661,All
-0.279677,0.455295,0.0997837,0.455929,-0.0696635,0.455295,All
-0.279136,0.455929,0.100524,0.456563,-0.066378,0.455929,All
-0.278924,0.456563,0.101163,0.457197,-0.0658915,0.456563,All
-0.278843,0.457197,0.101467,0.457831,-0.0650495,0.457197,All
-0.278491,0.457831,0.103306,0.458465,-0.063117,0.457831,All
-0.277829,0.458465,0.103823,0.4591,-0.062686,0.458465,All
-0.277723,0.4591,0.104307,0.459734,-0.0622072,0.4591,All
-0.277207,0.459734,0.106089,0.460368,-0.0613509,0.459734,All
-0.273014,0.460368,0.106755,0.461002,-0.0587325,0.460368,All
-0.270428,0.461002,0.107049,0.461636,-0.0584929,0.461002,All
-0.267879,0.461636,0.107082,0.46227,-0.0544531,0.461636,All
-0.267122,0.46227,0.108439,0.462904,-0.0544086,0.46227,All
-0.267058,0.462904,0.109961,0.463538,-0.052405,0.462904,All
-0.266221,0.463538,0.110219,0.464172,-0.0512871,0.463538,All
-0.266044,0.464172,0.110315,0.464807,-0.049697,0.464172,All
-0.265744,0.464807,0.110316,0.465441,-0.0496691,0.464807,All
-0.26347,0.465441,0.110795,0.466075,-0.0464969,0.465441,All
-0.262496,0.466075,0.111163,0.466709,-0.0456594,0.466075,All
-0.262428,0.466709,0.111272,0.467343,-0.0454856,0.466709,All
-0.261174,0.467343,0.111505,0.467977,-0.0449921,0.467343,All
-0.255113,0.467977,0.111806,0.468611,-0.0438436,0.467977,All
-0.254726,0.468611,0.112625,0.469245,-0.0424,0.468611,All
-0.252683,0.469245,0.113196,0.46988,-0.0419457,0.469245,All
-0.250992,0.46988,0.113893,0.470514,-0.0415046,0.46988,All
-0.249483,0.470514,0.114425,0.471148,-0.0403015,0.470514,All
-0.248943,0.471148,0.115239,0.471782,-0.0399989,0.471148,All
-0.247236,0.471782,0.116258,0.472416,-0.0355699,0.471782,All
-0.246328,0.472416,0.11634,0.47305,-0.0351754,0.472416,All
-0.245023,0.47305,0.117117,0.473684,-0.0347673,0.47305,All
-0.244384,0.473684,0.117171,0.474318,-0.0341802,0.473684,All
-0.244037,0.474318,0.117662,0.474952,-0.0323462,0.474318,All
-0.243027,0.474952,0.117679,0.475587,-0.03234,0.474952,All
-0.240572,0.475587,0.118177,0.476221,-0.0288563,0.475587,All
-0.239772,0.476221,0.118328,0.476855,-0.0288015,0.476221,All
-0.236129,0.476855,0.12097,0.477489,-0.0283253,0.476855,All
-0.235465,0.477489,0.121014,0.478123,-0.0276275,0.477489,All
-0.235408,0.478123,0.121048,0.478757,-0.0257536,0.478123,All
-0.2354,0.478757,0.121609,0.479391,-0.0256182,0.478757,All
-0.234367,0.479391,0.122223,0.480025,-0.0250792,0.479391,All
-0.233481,0.480025,0.122604,0.480659,-0.0244195,0.480025,All
-0.22963,0.480659,0.122618,0.481294,-0.0209566,0.480659,All
-0.229526,0.481294,0.123226,0.481928,-0.0196079,0.481294,All
-0.228894,0.481928,0.123477,0.482562,-0.0183562,0.481928,All
-0.228262,0.482562,0.12475,0.483196,-0.0170979,0.482562,All
-0.227069,0.483196,0.126178,0.48383,-0.0146874,0.483196,All
-0.225871,0.48383,0.12633,0.484464,-0.0135839,0.48383,All
-0.225835,0.484464,0.126528,0.485098,-0.0129326,0.484464,All
-0.225285,0.485098,0.126644,0.485732,-0.0113607,0.485098,All
-0.223404,0.485732,0.126889,0.486367,-0.00969002,0.485732,All
-0.221086,0.486367,0.126981,0.487001,-0.00818076,0.486367,All
-0.220102,0.487001,0.127601,0.487635,-0.00325724,0.487001,All
-0.218283,0.487635,0.127664,0.488269,0.000345848,0.487635,All
-0.218208,0.488269,0.128398,0.488903,0.00612679,0.488269,All
-0.217893,0.488903,0.128935,0.489537,0.00624798,0.488903,All
-0.21471,0.489537,0.128987,0.490171,0.00718773,0.489537,All
-0.213209,0.490171,0.129041,0.490805,0.00817672,0.490171,All
-0.211559,0.490805,0.129249,0.491439,0.0090387,0.490805,All
-0.210032,0.491439,0.130663,0.492074,0.00911911,0.491439,All
-0.208629,0.492074,0.13102,0.492708,0.0103257,0.492074,All
-0.206411,0.492708,0.131155,0.493342,0.0147238,0.492708,All
-0.205231,0.493342,0.131698,0.493976,0.0155847,0.493342,All
-0.205209,0.493976,0.133257,0.49461,0.0158417,0.493976,All
-0.204806,0.49461,0.134093,0.495244,0.016812,0.49461,All
-0.202477,0.495244,0.134588,0.495878,0.0221932,0.495244,All
-0.201886,0.495878,0.135484,0.496512,0.0224131,0.495878,All
-0.200281,0.496512,0.135549,0.497146,0.0259534,0.496512,All
-0.197903,0.497146,0.135855,0.497781,0.0259921,0.497146,All
-0.197214,0.497781,0.135947,0.498415,0.0265231,0.497781,All
-0.196782,0.498415,0.137165,0.499049,0.0268022,0.498415,All
-0.194139,0.499049,0.138918,0.499683,0.0268457,0.499049,All
-0.191331,0.499683,0.13904,0.500317,0.0322763,0.499683,All
-0.191277,0.500317,0.13912,0.500951,0.0337797,0.500317,All
-0.191271,0.500951,0.140617,0.501585,0.0345444,0.500951,All
-0.190988,0.501585,0.142091,0.502219,0.0389172,0.501585,All
-0.190557,0.502219,0.143071,0.502854,0.0390906,0.502219,All
-0.186615,0.502854,0.143951,0.503488,0.0391671,0.502854,All
-0.184174,0.503488,0.144823,0.504122,0.0442094,0.503488,All
-0.183514,0.504122,0.146936,0.504756,0.0471213,0.504122,All
-0.183173,0.504756,0.1482,0.50539,0.0501666,0.504756,All
-0.181338,0.50539,0.150081,0.506024,0.0508642,0.50539,All
-0.179203,0.506024,0.150304,0.506658,0.053246,0.506024,All
-0.178781,0.506658,0.150779,0.507292,0.0628686,0.506658,All
-0.176778,0.507292,0.151347,0.507926,0.0638859,0.507292,All
-0.17564,0.507926,0.151565,0.508561,0.0640377,0.507926,All
-0.173393,0.508561,0.151828,0.509195,0.064515,0.508561,All
-0.172603,0.509195,0.15187,0.509829,0.0649779,0.509195,All
-0.172057,0.509829,0.154136,0.510463,0.0649944,0.509829,All
-0.167593,0.510463,0.154294,0.511097,0.068637,0.510463,All
-0.16513,0.511097,0.156401,0.511731,0.0693756,0.511097,All
-0.162391,0.511731,0.157525,0.512365,0.0726726,0.511731,All
-0.157992,0.512365,0.158062,0.512999,0.0753969,0.512365,All
-0.156662,0.512999,0.158289,0.513633,0.0780015,0.512999,All
-0.154465,0.513633,0.158378,0.514268,0.0784174,0.513633,All
-0.151514,0.514268,0.159031,0.514902,0.0792932,0.514268,All
-0.149906,0.514902,0.160678,0.515536,0.0793999,0.514902,All
-0.148818,0.515536,0.161773,0.51617,0.08356,0.515536,All
-0.147946,0.51617,0.162753,0.516804,0.0875387,0.51617,All
-0.147507,0.516804,0.163593,0.517438,0.0880276,0.516804,All
-0.14282,0.517438,0.165455,0.518072,0.0980537,0.517438,All
-0.13641,0.518072,0.167249,0.518706,0.102505,0.518072,All
-0.133514,0.518706,0.167291,0.519341,0.106404,0.518706,All
-0.133295,0.519341,0.167634,0.519975,0.107095,0.519341,All
-0.126539,0.519975,0.167674,0.520609,0.108594,0.519975,All
-0.126122,0.520609,0.167712,0.521243,0.11198,0.520609,All
-0.124505,0.521243,0.168685,0.521877,0.11262,0.521243,All
-0.124083,0.521877,0.169214,0.522511,0.115033,0.521877,All
-0.122934,0.522511,0.169285,0.523145,0.115997,0.522511,All
-0.120114,0.523145,0.169651,0.523779,0.118145,0.523145,All
-0.113608,0.523779,0.170202,0.524413,0.128544,0.523779,All
-0.111434,0.524413,0.170761,0.525048,0.130743,0.524413,All
-0.104533,0.525048,0.17111,0.525682,0.13277,0.525048,All
-0.101792,0.525682,0.171126,0.526316,0.133098,0.525682,All
-0.100632,0.526316,0.171811,0.52695,0.133529,0.526316,All
-0.0985531,0.52695,0.172375,0.527584,0.133998,0.52695,All
-0.0980706,0.527584,0.17282,0.528218,0.135048,0.527584,All
-0.096367,0.528218,0.172961,0.528852,0.136646,0.528218,All
-0.0950989,0.528852,0.173471,0.529486,0.136801,0.528852,All
-0.0919363,0.529486,0.17419,0.53012,0.137001,0.529486,All
-0.0883532,0.53012,0.17442,0.530755,0.139403,0.53012,All
-0.0861662,0.530755,0.17501,0.531389,0.144448,0.530755,All
-0.0836662,0.531389,0.175473,0.532023,0.144824,0.531389,All
-0.0827365,0.532023,0.175921,0.532657,0.147668,0.532023,All
-0.0818704,0.532657,0.175988,0.533291,0.152889,0.532657,All
-0.0810529,0.533291,0.179218,0.533925,0.153536,0.533291,All
-0.0793658,0.533925,0.179524,0.534559,0.156497,0.533925,All
-0.077218,0.534559,0.179648,0.535193,0.156624,0.534559,All
-0.0765546,0.535193,0.180654,0.535828,0.159252,0.535193,All
-0.0763567,0.535828,0.181656,0.536462,0.161177,0.535828,All
-0.07601,0.536462,0.182284,0.537096,0.161798,0.536462,All
-0.0739202,0.537096,0.182645,0.53773,0.164484,0.537096,All
-0.0730058,0.53773,0.182982,0.538364,0.165203,0.53773,All
-0.0723152,0.538364,0.183045,0.538998,0.16577,0.538364,All
-0.0716293,0.538998,0.183509,0.539632,0.166,0.538998,All
-0.0672894,0.539632,0.183708,0.540266,0.167937,0.539632,All
-0.0660831,0.540266,0.184268,0.5409,0.168125,0.540266,All
-0.064387,0.5409,0.184928,0.541535,0.168149,0.5409,All
-0.0643394,0.541535,0.185115,0.542169,0.17053,0.541535,All
-0.0641536,0.542169,0.186477,0.542803,0.172317,0.542169,All
-0.0636995,0.542803,0.18649,0.543437,0.173127,0.542803,All
-0.0629917,0.543437,0.186836,0.544071,0.174966,0.543437,All
-0.0623386,0.544071,0.187344,0.544705,0.177047,0.544071,All
-0.0622612,0.544705,0.188308,0.545339,0.177698,0.544705,All
-0.0610972,0.545339,0.188609,0.545973,0.179939,0.545339,All
-0.0598913,0.545973,0.188617,0.546607,0.181613,0.545973,All
-0.0586402,0.546607,0.188808,0.547242,0.181841,0.546607,All
-0.0576769,0.547242,0.19,0.547876,0.181848,0.547242,All
-0.0572968,0.547876,0.19003,0.54851,0.185112,0.547876,All
-0.0550908,0.54851,0.19117,0.549144,0.185571,0.54851,All
-0.0544403,0.549144,0.191535,0.549778,0.191883,0.549144,All
-0.0539597,0.549778,0.192125,0.550412,0.192666,0.549778,All
-0.0517444,0.550412,0.19286,0.551046,0.194625,0.550412,All
-0.0515139,0.551046,0.192884,0.55168,0.197711,0.551046,All
-0.0488005,0.55168,0.193188,0.552315,0.197962,0.55168,All
-0.0465392,0.552315,0.194416,0.552949,0.200183,0.552315,All
-0.0448713,0.552949,0.194606,0.553583,0.20282,0.552949,All
-0.0446736,0.553583,0.19643,0.554217,0.205632,0.553583,All
-0.0444532,0.554217,0.196711,0.554851,0.205926,0.554217,All
-0.0435035,0.554851,0.196833,0.555485,0.207037,0.554851,All
-0.0425476,0.555485,0.197256,0.556119,0.209069,0.555485,All
-0.0411909,0.556119,0.200242,0.556753,0.209516,0.556119,All
-0.0402317,0.556753,0.200396,0.557387,0.209759,0.556753,All
-0.0401093,0.557387,0.200411,0.558022,0.209812,0.557387,All
-0.0387011,0.558022,0.201457,0.558656,0.213127,0.558022,All
-0.0365884,0.558656,0.20187,0.55929,0.214549,0.558656,All
-0.0355129,0.55929,0.201877,0.559924,0.214845,0.55929,All
-0.0334547,0.559924,0.203696,0.560558,0.214887,0.559924,All
-0.0278977,0.560558,0.204066,0.561192,0.215814,0.560558,All
-0.0254522,0.561192,0.205391,0.561826,0.216401,0.561192,All
-0.0246342,0.561826,0.206098,0.56246,0.217893,0.561826,All
-0.0237093,0.56246,0.20619,0.563094,0.217893,0.56246,All
-0.0222936,0.563094,0.207362,0.563729,0.219893,0.563094,All
-0.0219651,0.563729,0.208028,0.564363,0.221994,0.563729,All
-0.0173804,0.564363,0.208196,0.564997,0.222532,0.564363,All
-0.0169221,0.564997,0.208389,0.565631,0.223484,0.564997,All
-0.0166764,0.565631,0.208514,0.566265,0.22415,0.565631,All
-0.0161478,0.566265,0.208915,0.566899,0.22479,0.566265,All
-0.012898,0.566899,0.211666,0.567533,0.225296,0.566899,All
-0.0125668,0.567533,0.212024,0.568167,0.226634,0.567533,All
-0.0101743,0.568167,0.21293,0.568802,0.228436,0.568167,All
-0.00998034,0.568802,0.212973,0.569436,0.232566,0.568802,All
-0.00449262,0.569436,0.213555,0.57007,0.234801,0.569436,All
-0.000408362,0.57007,0.21389,0.570704,0.235326,0.57007,All
0.000828783,0.570704,0.214654,0.571338,0.238453,0.570704,All
0.000905419,0.571338,0.21505,0.571972,0.238763,0.571338,All
0.0019,0.571972,0.215799,0.572606,0.239552,0.571972,All
0.00197635,0.572606,0.215919,0.57324,0.242751,0.572606,All
0.00277311,0.57324,0.216302,0.573874,0.246548,0.57324,All
0.00725542,0.573874,0.21698,0.574509,0.246644,0.573874,All
0.00894826,0.574509,0.217251,0.575143,0.248557,0.574509,All
0.00917676,0.575143,0.217273,0.575777,0.251942,0.575143,All
0.00964967,0.575777,0.217419,0.576411,0.254841,0.575777,All
0.0100228,0.576411,0.21766,0.577045,0.256704,0.576411,All
0.010587,0.577045,0.217908,0.577679,0.257911,0.577045,All
0.0111496,0.577679,0.21855,0.578313,0.258449,0.577679,All
0.0137933,0.578313,0.21888,0.578947,0.262096,0.578313,All
0.017634,0.578947,0.220626,0.579581,0.267044,0.578947,All
0.0195408,0.579581,0.221698,0.580216,0.270042,0.579581,All
0.0201419,0.580216,0.221896,0.58085,0.270264,0.580216,All
0.0202103,0.58085,0.223606,0.581484,0.271453,0.58085,All
0.0230484,0.581484,0.227024,0.582118,0.272267,0.581484,All
0.0239223,0.582118,0.228377,0.582752,0.273944,0.582118,All
0.0257295,0.582752,0.229571,0.583386,0.274739,0.582752,All
0.0268173,0.583386,0.229908,0.58402,0.278337,0.583386,All
0.0273844,0.58402,0.230078,0.584654,0.279901,0.58402,All
0.029007,0.584654,0.230208,0.585289,0.280167,0.584654,All
0.0301351,0.585289,0.230653,0.585923,0.281259,0.585289,All
0.0328315,0.585923,0.231082,0.586557,0.282707,0.585923,All
0.0340436,0.586557,0.231261,0.587191,0.283489,0.586557,All
0.0352229,0.587191,0.231286,0.587825,0.287097,0.587191,All
0.0384145,0.587825,0.232667,0.588459,0.287278,0.587825,All
0.0405556,0.588459,0.234421,0.589093,0.29088,0.588459,All
0.0452675,0.589093,0.235222,0.589727,0.292107,0.589093,All
0.0472689,0.589727,0.236821,0.590361,0.295253,0.589727,All
0.0488876,0.590361,0.237167,0.590996,0.298855,0.590361,All
0.0531816,0.590996,0.237229,0.59163,0.300644,0.590996,All
0.0541453,0.59163,0.237562,0.592264,0.305635,0.59163,All
0.0547974,0.592264,0.237852,0.592898,0.307934,0.592264,All
0.0555821,0.592898,0.238425,0.593532,0.308615,0.592898,All
0.058154,0.593532,0.238444,0.594166,0.309334,0.593532,All
0.0602855,0.594166,0.240298,0.5948,0.316692,0.594166,All
0.0615375,0.5948,0.240561,0.595434,0.317236,0.5948,All
0.0634815,0.595434,0.240874,0.596068,0.319225,0.595434,All
0.0652013,0.596068,0.24132,0.596703,0.319236,0.596068,All
0.0655766,0.596703,0.241457,0.597337,0.321275,0.596703,All
0.0685998,0.597337,0.241483,0.597971,0.325267,0.597337,All
0.0708481,0.597971,0.243487,0.598605,0.328369,0.597971,All
0.0741295,0.598605,0.243849,0.599239,0.329532,0.598605,All
0.0743165,0.599239,0.244191,0.599873,0.330818,0.599239,All
0.0767414,0.599873,0.245419,0.600507,0.337587,0.599873,All
0.080889,0.600507,0.24566,0.601141,0.342421,0.600507,All
0.0814568,0.601141,0.24575,0.601776,0.342589,0.601141,All
0.0821173,0.601776,0.246211,0.60241,0.344288,0.601776,All
0.0829217,0.60241,0.248566,0.603044,0.346711,0.60241,All
0.0840161,0.603044,0.248748,0.603678,0.346738,0.603044,All
0.0844453,0.603678,0.248837,0.604312,0.349529,0.603678,All
0.0852688,0.604312,0.249691,0.604946,0.350691,0.604312,All
0.0854462,0.604946,0.2497,0.60558,0.35184,0.604946,All
0.0885543,0.60558,0.250143,0.606214,0.352079,0.60558,All
0.090051,0.606214,0.250264,0.606848,0.352787,0.606214,All
0.0963377,0.606848,0.250418,0.607483,0.353719,0.606848,All
0.108598,0.607483,0.251878,0.608117,0.357845,0.607483,All
0.108743,0.608117,0.25217,0.608751,0.36276,0.608117,All
0.109677,0.608751,0.252323,0.609385,0.365462,0.608751,All
0.110774,0.609385,0.252392,0.610019,0.367372,0.609385,All
0.111762,0.610019,0.252616,0.610653,0.367901,0.610019,All
0.115134,0.610653,0.253028,0.611287,0.368053,0.610653,All
0.118272,0.611287,0.253136,0.611921,0.368397,0.611287,All
0.118592,0.611921,0.253324,0.612555,0.368643,0.611921,All
0.122865,0.612555,0.25373,0.61319,0.369244,0.612555,All
0.12798,0.61319,0.254211,0.613824,0.370573,0.61319,All
0.127998,0.613824,0.25437,0.614458,0.373196,0.613824,All
0.13068,0.614458,0.255419,0.615092,0.377321,0.614458,All
0.131387,0.615092,0.255725,0.615726,0.377996,0.615092,All
0.140078,0.615726,0.256859,0.61636,0.381657,0.615726,All
0.140653,0.61636,0.258052,0.616994,0.38874,0.61636,All
0.141153,0.616994,0.258186,0.617628,0.389202,0.616994,All
0.141977,0.617628,0.258594,0.618263,0.390442,0.617628,All
0.142297,0.618263,0.25896,0.618897,0.390809,0.618263,All
0.142949,0.618897,0.259463,0.619531,0.39499,0.618897,All
0.14384,0.619531,0.259542,0.620165,0.40111,0.619531,All
0.144639,0.620165,0.260289,0.620799,0.405039,0.620165,All
0.145535,0.620799,0.260983,0.621433,0.407735,0.620799,All
0.149604,0.621433,0.26134,0.622067,0.413879,0.621433,All
0.149638,0.622067,0.261632,0.622701,0.416313,0.622067,All
0.150027,0.622701,0.261788,0.623335,0.416901,0.622701,All
0.150885,0.623335,0.262107,0.62397,0.417469,0.623335,All
0.153398,0.62397,0.262195,0.624604,0.417687,0.62397,All
0.156898,0.624604,0.262417,0.625238,0.420157,0.624604,All
0.162491,0.625238,0.262995,0.625872,0.420541,0.625238,All
0.162618,0.625872,0.263165,0.626506,0.423315,0.625872,All
0.163396,0.626506,0.263834,0.62714,0.423623,0.626506,All
0.165406,0.62714,0.265955,0.627774,0.427219,0.62714,All
0.167124,0.627774,0.266119,0.628408,0.429128,0.627774,All
0.169561,0.628408,0.266558,0.629042,0.430308,0.628408,All
0.17087,0.629042,0.266572,0.629677,0.433812,0.629042,All
0.1721,0.629677,0.266614,0.630311,0.434712,0.629677,All
0.174768,0.630311,0.267578,0.630945,0.434794,0.630311,All
0.175523,0.630945,0.267784,0.631579,0.436777,0.630945,All
0.180456,0.631579,0.268986,0.632213,0.43686,0.631579,All
0.183218,0.632213,0.269527,0.632847,0.439249,0.632213,All
0.186425,0.632847,0.269949,0.633481,0.439629,0.632847,All
0.186951,0.633481,0.269994,0.634115,0.43974,0.633481,All
0.187048,0.634115,0.270042,0.63475,0.444541,0.634115,All
0.189857,0.63475,0.270709,0.635384,0.446255,0.63475,All
0.191331,0.635384,0.271131,0.636018,0.452488,0.635384,All
0.192826,0.636018,0.271233,0.636652,0.453515,0.636018,All
0.196569,0.636652,0.272492,0.637286,0.456921,0.636652,All
0.199906,0.637286,0.273165,0.63792,0.4604,0.637286,All
0.201825,0.63792,0.273466,0.638554,0.460685,0.63792,All
0.203225,0.638554,0.275006,0.639188,0.463545,0.638554,All
0.209207,0.639188,0.275793,0.639822,0.464614,0.639188,All
0.212518,0.639822,0.276904,0.640457,0.466418,0.639822,All
0.2129,0.640457,0.277874,0.641091,0.469188,0.640457,All
0.214133,0.641091,0.277885,0.641725,0.470519,0.641091,All
0.215413,0.641725,0.278132,0.642359,0.476124,0.641725,All
0.215672,0.642359,0.279037,0.642993,0.477468,0.642359,All
0.216474,0.642993,0.281965,0.643627,0.47809,0.642993,All
0.221672,0.643627,0.282175,0.644261,0.478253,0.643627,All
0.221863,0.644261,0.282871,0.644895,0.478442,0.644261,All
0.222274,0.644895,0.284325,0.645529,0.478727,0.644895,All
0.227109,0.645529,0.284483,0.646164,0.479564,0.645529,All
0.227894,0.646164,0.286045,0.646798,0.485298,0.646164,All
0.229111,0.646798,0.287295,0.647432,0.487141,0.646798,All
0.235985,0.647432,0.287531,0.648066,0.490613,0.647432,All
0.236764,0.648066,0.29045,0.6487,0.492172,0.648066,All
0.237989,0.6487,0.29052,0.649334,0.493174,0.6487,All
0.243161,0.649334,0.290648,0.649968,0.495876,0.649334,All
0.243317,0.649968,0.292061,0.650602,0.497467,0.649968,All
0.245261,0.650602,0.292184,0.651237,0.497566,0.650602,All
0.248999,0.651237,0.292273,0.651871,0.497832,0.651237,All
0.249418,0.651871,0.293392,0.652505,0.500071,0.651871,All
0.250786,0.652505,0.293458,0.653139,0.502573,0.652505,All
0.253352,0.653139,0.29364,0.653773,0.502727,0.653139,All
0.254314,0.653773,0.294578,0.654407,0.503318,0.653773,All
0.254327,0.654407,0.295663,0.655041,0.503547,0.654407,All
0.258812,0.655041,0.295718,0.655675,0.50575,0.655041,All
0.259182,0.655675,0.295899,0.656309,0.506979,0.655675,All
0.259465,0.656309,0.29706,0.656944,0.507932,0.656309,All
0.261443,0.656944,0.297366,0.657578,0.508549,0.656944,All
0.26461,0.657578,0.298215,0.658212,0.509985,0.657578,All
0.268326,0.658212,0.298838,0.658846,0.510149,0.658212,All
0.26898,0.658846,0.299463,0.65948,0.514915,0.658846,All
0.273547,0.65948,0.300188,0.660114,0.515347,0.65948,All
0.275335,0.660114,0.300559,0.660748,0.516007,0.660114,All
0.275935,0.660748,0.302026,0.661382,0.516149,0.660748,All
0.276383,0.661382,0.302634,0.662016,0.516933,0.661382,All
0.276972,0.662016,0.302689,0.662651,0.518674,0.662016,All
0.278813,0.662651,0.303091,0.663285,0.519412,0.662651,All
0.282867,0.663285,0.303877,0.663919,0.51955,0.663285,All
0.283804,0.663919,0.304431,0.664553,0.522962,0.663919,All
0.284426,0.664553,0.304539,0.665187,0.523439,0.664553,All
0.285913,0.665187,0.304714,0.665821,0.532975,0.665187,All
0.286622,0.665821,0.305304,0.666455,0.533369,0.665821,All
0.286855,0.666455,0.307676,0.667089,0.533817,0.666455,All
0.289013,0.667089,0.307861,0.667724,0.536101,0.667089,All
0.292182,0.667724,0.308084,0.668358,0.536115,0.667724,All
0.292692,0.668358,0.309056,0.668992,0.536349,0.668358,All
0.295005,0.668992,0.309157,0.669626,0.537186,0.668992,All
0.297367,0.669626,0.310816,0.67026,0.53829,0.669626,All
0.299954,0.67026,0.311147,0.670894,0.540181,0.67026,All
0.303241,0.670894,0.314421,0.671528,0.541056,0.670894,All
0.305488,0.671528,0.316692,0.672162,0.541185,0.671528,All
0.306406,0.672162,0.317372,0.672796,0.547342,0.672162,All
0.307418,0.672796,0.318669,0.673431,0.550494,0.672796,All
0.310706,0.673431,0.318858,0.674065,0.550962,0.673431,All
0.314343,0.674065,0.320427,0.674699,0.551016,0.674065,All
0.317098,0.674699,0.320658,0.675333,0.55277,0.674699,All
0.317474,0.675333,0.320695,0.675967,0.552905,0.675333,All
0.320311,0.675967,0.322712,0.676601,0.553356,0.675967,All
0.32076,0.676601,0.324605,0.677235,0.559275,0.676601,All
0.320965,0.677235,0.325139,0.677869,0.560771,0.677235,All
0.32797,0.677869,0.325806,0.678503,0.56085,0.677869,All
0.328573,0.678503,0.326314,0.679138,0.563097,0.678503,All
0.330636,0.679138,0.326616,0.679772,0.565101,0.679138,All
0.335718,0.679772,0.326851,0.680406,0.565529,0.679772,All
0.336921,0.680406,0.32842,0.68104,0.566318,0.680406,All
0.340148,0.68104,0.328506,0.681674,0.567359,0.68104,All
0.343411,0.681674,0.329052,0.682308,0.568333,0.681674,All
0.348168,0.682308,0.329168,0.682942,0.569699,0.682308,All
0.350328,0.682942,0.330209,0.683576,0.571657,0.682942,All
0.353209,0.683576,0.330364,0.684211,0.576661,0.683576,All
0.359239,0.684211,0.330709,0.684845,0.578568,0.684211,All
0.36092,0.684845,0.331395,0.685479,0.58,0.684845,All
0.362947,0.685479,0.332132,0.686113,0.584555,0.685479,All
0.367577,0.686113,0.334457,0.686747,0.595819,0.686113,All
0.368946,0.686747,0.334802,0.687381,0.59666,0.686747,All
0.372257,0.687381,0.335401,0.688015,0.59714,0.687381,All
0.373506,0.688015,0.336404,0.688649,0.604388,0.688015,All
0.374693,0.688649,0.336829,0.689283,0.605968,0.688649,All
0.375163,0.689283,0.336932,0.689918,0.607166,0.689283,All
0.379527,0.689918,0.337606,0.690552,0.609347,0.689918,All
0.381836,0.690552,0.339428,0.691186,0.610218,0.690552,All
0.383411,0.691186,0.342123,0.69182,0.613213,0.691186,All
0.384275,0.69182,0.342273,0.692454,0.613278,0.69182,All
0.385222,0.692454,0.342652,0.693088,0.614102,0.692454,All
0.386422,0.693088,0.342655,0.693722,0.61496,0.693088,All
0.390742,0.693722,0.344248,0.694356,0.615039,0.693722,All
0.391113,0.694356,0.344575,0.69499,0.615685,0.694356,All
0.391729,0.69499,0.345261,0.695625,0.616476,0.69499,All
0.393276,0.695625,0.347232,0.696259,0.622941,0.695625,All
0.39568,0.696259,0.348097,0.696893,0.624967,0.696259,All
0.397403,0.696893,0.348334,0.697527,0.625449,0.696893,All
0.397576,0.697527,0.348423,0.698161,0.626508,0.697527,All
0.400743,0.698161,0.349101,0.698795,0.628319,0.698161,All
0.402793,0.698795,0.350242,0.699429,0.630454,0.698795,All
0.403044,0.699429,0.350386,0.700063,0.632604,0.699429,All
0.404223,0.700063,0.351713,0.700698,0.633798,0.700063,All
0.407388,0.700698,0.352067,0.701332,0.635502,0.700698,All
0.408702,0.701332,0.352158,0.701966,0.636333,0.701332,All
0.410937,0.701966,0.354983,0.7026,0.637529,0.701966,All
0.411367,0.7026,0.355449,0.703234,0.63769,0.7026,All
0.414368,0.703234,0.356069,0.703868,0.638463,0.703234,All
0.417906,0.703868,0.356628,0.704502,0.639024,0.703868,All
0.418996,0.704502,0.356669,0.705136,0.647218,0.704502,All
0.419711,0.705136,0.356995,0.70577,0.647368,0.705136,All
0.419713,0.70577,0.357225,0.706405,0.657437,0.70577,All
0.422983,0.706405,0.357575,0.707039,0.666291,0.706405,All
0.424721,0.707039,0.357957,0.707673,0.666847,0.707039,All
0.428646,0.707673,0.358328,0.708307,0.667382,0.707673,All
0.434055,0.708307,0.358943,0.708941,0.67022,0.708307,All
0.435786,0.708941,0.36036,0.709575,0.671086,0.708941,All
0.443138,0.709575,0.361287,0.710209,0.674259,0.709575,All
0.445377,0.710209,0.361384,0.710843,0.674442,0.710209,All
0.44611,0.710843,0.361404,0.711477,0.67793,0.710843,All
0.447729,0.711477,0.361553,0.712112,0.684746,0.711477,All
0.45145,0.712112,0.363701,0.712746,0.685147,0.712112,All
0.45163,0.712746,0.366072,0.71338,0.686947,0.712746,All
0.452044,0.71338,0.366328,0.714014,0.688547,0.71338,All
0.453727,0.714014,0.366604,0.714648,0.690024,0.714014,All
0.45538,0.714648,0.368337,0.715282,0.691154,0.714648,All
0.455404,0.715282,0.370339,0.715916,0.694148,0.715282,All
0.458381,0.715916,0.370623,0.71655,0.695198,0.715916,All
0.459221,0.71655,0.371236,0.717185,0.697903,0.71655,All
0.461119,0.717185,0.371554,0.717819,0.699074,0.717185,All
0.462645,0.717819,0.372029,0.718453,0.700385,0.717819,All
0.463124,0.718453,0.372942,0.719087,0.702145,0.718453,All
0.464679,0.719087,0.372959,0.719721,0.702721,0.719087,All
0.466464,0.719721,0.373143,0.720355,0.706642,0.719721,All
0.477176,0.720355,0.373728,0.720989,0.707557,0.720355,All
0.478338,0.720989,0.375809,0.721623,0.708058,0.720989,All
0.485972,0.721623,0.376415,0.722257,0.709147,0.721623,All
0.488145,0.722257,0.378382,0.722892,0.711014,0.722257,All
0.488161,0.722892,0.378654,0.723526,0.715951,0.722892,All
0.492218,0.723526,0.379086,0.72416,0.716395,0.723526,All
0.495989,0.72416,0.379841,0.724794,0.717145,0.72416,All
0.496964,0.724794,0.380555,0.725428,0.718494,0.724794,All
0.504383,0.725428,0.380795,0.726062,0.719734,0.725428,All
0.504958,0.726062,0.382258,0.726696,0.719741,0.726062,All
0.505122,0.726696,0.382511,0.72733,0.720336,0.726696,All
0.50541,0.72733,0.383207,0.727964,0.721244,0.72733,All
0.506181,0.727964,0.383302,0.728599,0.723891,0.727964,All
0.507014,0.728599,0.383785,0.729233,0.724285,0.728599,All
0.51109,0.729233,0.385712,0.729867,0.727997,0.729233,All
0.512855,0.729867,0.386648,0.730501,0.728571,0.729867,All
0.514177,0.730501,0.38844,0.731135,0.728718,0.730501,All
0.514339,0.731135,0.388929,0.731769,0.729182,0.731135,All
0.516795,0.731769,0.389332,0.732403,0.736141,0.731769,All
0.523597,0.732403,0.389441,0.733037,0.740303,0.732403,All
0.525371,0.733037,0.390015,0.733672,0.744768,0.733037,All
0.526728,0.733672,0.390192,0.734306,0.745936,0.733672,All
0.532118,0.734306,0.392786,0.73494,0.74924,0.734306,All
0.534662,0.73494,0.394095,0.735574,0.749931,0.73494,All
0.537113,0.735574,0.394606,0.736208,0.752083,0.735574,All
0.537836,0.736208,0.395463,0.736842,0.753149,0.736208,All
0.541545,0.736842,0.39551,0.737476,0.753157,0.736842,All
0.543401,0.737476,0.396388,0.73811,0.756779,0.737476,All
0.54792,0.73811,0.396958,0.738744,0.756791,0.73811,All
0.548769,0.738744,0.399586,0.739379,0.762535,0.738744,All
0.551784,0.739379,0.400103,0.740013,0.764383,0.739379,All
0.553161,0.740013,0.402685,0.740647,0.765832,0.740013,All
0.554032,0.740647,0.403915,0.741281,0.770061,0.740647,All
0.556664,0.741281,0.40607,0.741915,0.771806,0.741281,All
0.558312,0.741915,0.406211,0.742549,0.773811,0.741915,All
0.558943,0.742549,0.407102,0.743183,0.780851,0.742549,All
0.559024,0.743183,0.407872,0.743817,0.78337,0.743183,All
0.559839,0.743817,0.408105,0.744451,0.784453,0.743817,All
0.563629,0.744451,0.410469,0.745086,0.784807,0.744451,All
0.565267,0.745086,0.41061,0.74572,0.785489,0.745086,All
0.565628,0.74572,0.411746,0.746354,0.786138,0.74572,All
0.567224,0.746354,0.412509,0.746988,0.786152,0.746354,All
0.573609,0.746988,0.413198,0.747622,0.786218,0.746988,All
0.574605,0.747622,0.414054,0.748256,0.78655,0.747622,All
0.578111,0.748256,0.415498,0.74889,0.787844,0.748256,All
0.578988,0.74889,0.415606,0.749524,0.787896,0.74889,All
0.580531,0.749524,0.415787,0.750159,0.789325,0.749524,All
0.580581,0.750159,0.416107,0.750793,0.791713,0.750159,All
0.581542,0.750793,0.416327,0.751427,0.793478,0.750793,All
0.58166,0.751427,0.416403,0.752061,0.794197,0.751427,All
0.581704,0.752061,0.416942,0.752695,0.794724,0.752061,All
0.583834,0.752695,0.417135,0.753329,0.797307,0.752695,All
0.586067,0.753329,0.417349,0.753963,0.798384,0.753329,All
0.588498,0.753963,0.420201,0.754597,0.798691,0.753963,All
0.588557,0.754597,0.420757,0.755231,0.802132,0.754597,All
0.589621,0.755231,0.422054,0.755866,0.803985,0.755231,All
0.590454,0.755866,0.422727,0.7565,0.804339,0.755866,All
0.591014,0.7565,0.423642,0.757134,0.804673,0.7565,All
0.592526,0.757134,0.423855,0.757768,0.805855,0.757134,All
0.598276,0.757768,0.424237,0.758402,0.806328,0.757768,All
0.601201,0.758402,0.42435,0.759036,0.810047,0.758402,All
0.607888,0.759036,0.424433,0.75967,0.811498,0.759036,All
0.610231,0.75967,0.427222,0.760304,0.814718,0.75967,All
0.617039,0.760304,0.428531,0.760938,0.818098,0.760304,All
0.617611,0.760938,0.429011,0.761573,0.818214,0.760938,All
0.617691,0.761573,0.429586,0.762207,0.821516,0.761573,All
0.619131,0.762207,0.429949,0.762841,0.823195,0.762207,All
0.622088,0.762841,0.431027,0.763475,0.82445,0.762841,All
0.623663,0.763475,0.431444,0.764109,0.827062,0.763475,All
0.625318,0.764109,0.432146,0.764743,0.827356,0.764109,All
0.626304,0.764743,0.434459,0.765377,0.830966,0.764743,All
0.626831,0.765377,0.435861,0.766011,0.831595,0.765377,All
0.628359,0.766011,0.436307,0.766646,0.831991,0.766011,All
0.630375,0.766646,0.438958,0.76728,0.834519,0.766646,All
0.634494,0.76728,0.439248,0.767914,0.834934,0.76728,All
0.635155,0.767914,0.439309,0.768548,0.837107,0.767914,All
0.637097,0.768548,0.440007,0.769182,0.841766,0.768548,All
0.648711,0.769182,0.44002,0.769816,0.844939,0.769182,All
0.650636,0.769816,0.440194,0.77045,0.849641,0.769816,All
0.654479,0.77045,0.440806,0.771084,0.851165,0.77045,All
0.657299,0.771084,0.440958,0.771718,0.852024,0.771084,All
0.658051,0.771718,0.441903,0.772353,0.852198,0.771718,All
0.66411,0.772353,0.44203,0.772987,0.852302,0.772353,All
0.6711,0.772987,0.44301,0.773621,0.853909,0.772987,All
0.67516,0.773621,0.443625,0.774255,0.858868,0.773621,All
0.677471,0.774255,0.444001,0.774889,0.861804,0.774255,All
0.679766,0.774889,0.444817,0.775523,0.862026,0.774889,All
0.680696,0.775523,0.445247,0.776157,0.863721,0.775523,All
0.68136,0.776157,0.445333,0.776791,0.864206,0.776157,All
0.681852,0.776791,0.44622,0.777425,0.864722,0.776791,All
0.682327,0.777425,0.448129,0.77806,0.865481,0.777425,All
0.6941,0.77806,0.449308,0.778694,0.868814,0.77806,All
0.694369,0.778694,0.449872,0.779328,0.869903,0.778694,All
0.696946,0.779328,0.450844,0.779962,0.871937,0.779328,All
0.697985,0.779962,0.451625,0.780596,0.873166,0.779962,All
0.699356,0.780596,0.45304,0.78123,0.875213,0.780596,All
0.699445,0.78123,0.453281,0.781864,0.875926,0.78123,All
0.702814,0.781864,0.45362,0.782498,0.879843,0.781864,All
0.702939,0.782498,0.454508,0.783133,0.879863,0.782498,All
0.703668,0.783133,0.455657,0.783767,0.880154,0.783133,All
0.705861,0.783767,0.457051,0.784401,0.880409,0.783767,All
0.711144,0.784401,0.457991,0.785035,0.880494,0.784401,All
0.715119,0.785035,0.458272,0.785669,0.881785,0.785035,All
0.716101,0.785669,0.459059,0.786303,0.885354,0.785669,All
0.719554,0.786303,0.459066,0.786937,0.887928,0.786303,All
0.722886,0.786937,0.459649,0.787571,0.895762,0.786937,All
0.726827,0.787571,0.459849,0.788205,0.901263,0.787571,All
0.728729,0.788205,0.461477,0.78884,0.903493,0.788205,All
0.729704,0.78884,0.462667,0.789474,0.904446,0.78884,All
0.735913,0.789474,0.462837,0.790108,0.908659,0.789474,All
0.737657,0.790108,0.464387,0.790742,0.913333,0.790108,All
0.738152,0.790742,0.464698,0.791376,0.916719,0.790742,All
0.738612,0.791376,0.466506,0.79201,0.919628,0.791376,All
0.740564,0.79201,0.467236,0.792644,0.92093,0.79201,All
0.747531,0.792644,0.468245,0.793278,0.92095,0.792644,All
0.749265,0.793278,0.468852,0.793912,0.921815,0.793278,All
0.751965,0.793912,0.468941,0.794547,0.924592,0.793912,All
0.760638,0.794547,0.469609,0.795181,0.925198,0.794547,All
0.772819,0.795181,0.473445,0.795815,0.929739,0.795181,All
0.773027,0.795815,0.473559,0.796449,0.934479,0.795815,All
0.775308,0.796449,0.474235,0.797083,0.935189,0.796449,All
0.776937,0.797083,0.474616,0.797717,0.938407,0.797083,All
0.778091,0.797717,0.474844,0.798351,0.939375,0.797717,All
0.782236,0.798351,0.474971,0.798985,0.941556,0.798351,All
0.783865,0.798985,0.475984,0.79962,0.944513,0.798985,All
0.798146,0.79962,0.477568,0.800254,0.947261,0.79962,All
0.79855,0.800254,0.478969,0.800888,0.94877,0.800254,All
0.800526,0.800888,0.479008,0.801522,0.95004,0.800888,All
0.808096,0.801522,0.482296,0.802156,0.950173,0.801522,All
0.809809,0.802156,0.483588,0.80279,0.950461,0.802156,All
0.817425,0.80279,0.48369,0.803424,0.951511,0.80279,All
0.819554,0.803424,0.483854,0.804058,0.963529,0.803424,All
0.820815,0.804058,0.485231,0.804692,0.964489,0.804058,All
0.822043,0.804692,0.485484,0.805327,0.966812,0.804692,All
0.825666,0.805327,0.486699,0.805961,0.969089,0.805327,All
0.829773,0.805961,0.487253,0.806595,0.969667,0.805961,All
0.832728,0.806595,0.489638,0.807229,0.969724,0.806595,All
0.834293,0.807229,0.489658,0.807863,0.970766,0.807229,All
0.842078,0.807863,0.49162,0.808497,0.972522,0.807863,All
0.845887,0.808497,0.49188,0.809131,0.97658,0.808497,All
0.848931,0.809131,0.493066,0.809765,0.984574,0.809131,All
0.85319,0.809765,0.493164,0.810399,0.98612,0.809765,All
0.855286,0.810399,0.493782,0.811034,0.987768,0.810399,All
0.855893,0.811034,0.494349,0.811668,0.990572,0.811034,All
0.859046,0.811668,0.494995,0.812302,0.995324,0.811668,All
0.860125,0.812302,0.495396,0.812936,0.999671,0.812302,All
0.867339,0.812936,0.496978,0.81357,1.00028,0.812936,All
0.873533,0.81357,0.497211,0.814204,1.00118,0.81357,All
0.874317,0.814204,0.498093,0.814838,1.00189,0.814204,All
0.875784,0.814838,0.498118,0.815472,1.00617,0.814838,All
0.875826,0.815472,0.498228,0.816107,1.01113,0.815472,All
0.878569,0.816107,0.499872,0.816741,1.01666,0.816107,All
0.881007,0.816741,0.500642,0.817375,1.01679,0.816741,All
0.884569,0.817375,0.500848,0.818009,1.01881,0.817375,All
0.887476,0.818009,0.50117,0.818643,1.02055,0.818009,All
0.894609,0.818643,0.502325,0.819277,1.0222,0.818643,All
0.895895,0.819277,0.504056,0.819911,1.02452,0.819277,All
0.90235,0.819911,0.505616,0.820545,1.02769,0.819911,All
0.904573,0.820545,0.507661,0.821179,1.02774,0.820545,All
0.907442,0.821179,0.508525,0.821814,1.02858,0.821179,All
0.908927,0.821814,0.510593,0.822448,1.02863,0.821814,All
0.909762,0.822448,0.511215,0.823082,1.03281,0.822448,All
0.910414,0.823082,0.512168,0.823716,1.04197,0.823082,All
0.910727,0.823716,0.513726,0.82435,1.04541,0.823716,All
0.911053,0.82435,0.514442,0.824984,1.05078,0.82435,All
0.924867,0.824984,0.516575,0.825618,1.05887,0.824984,All
0.927915,0.825618,0.517838,0.826252,1.06213,0.825618,All
0.928434,0.826252,0.517975,0.826886,1.06224,0.826252,All
0.945141,0.826886,0.519913,0.827521,1.06883,0.826886,All
0.950492,0.827521,0.520288,0.828155,1.07397,0.827521,All
0.956511,0.828155,0.521209,0.828789,1.07614,0.828155,All
0.958984,0.828789,0.525023,0.829423,1.07786,0.828789,All
0.959179,0.829423,0.525831,0.830057,1.08035,0.829423,All
0.960096,0.830057,0.526228,0.830691,1.08293,0.830057,All
0.967988,0.830691,0.527108,0.831325,1.08325,0.830691,All
0.972384,0.831325,0.528079,0.831959,1.08716,0.831325,All
0.973011,0.831959,0.529366,0.832594,1.09217,0.831959,All
0.974576,0.832594,0.529879,0.833228,1.09807,0.832594,All
0.975749,0.833228,0.53154,0.833862,1.10537,0.833228,All
0.978884,0.833862,0.532399,0.834496,1.10673,0.833862,All
0.982693,0.834496,0.533269,0.83513,1.10727,0.834496,All
0.983074,0.83513,0.533619,0.835764,1.10761,0.83513,All
0.985001,0.835764,0.536012,0.836398,1.1093,0.835764,All
0.987062,0.836398,0.539208,0.837032,1.10969,0.836398,All
0.997114,0.837032,0.540611,0.837666,1.11087,0.837032,All
1.0029,0.837666,0.540812,0.838301,1.11387,0.837666,All
1.00524,0.838301,0.541546,0.838935,1.11426,0.838301,All
1.00639,0.838935,0.542418,0.839569,1.11552,0.838935,All
1.01102,0.839569,0.542875,0.840203,1.11702,0.839569,All
1.01134,0.840203,0.544364,0.840837,1.11824,0.840203,All
1.01765,0.840837,0.547175,0.841471,1.11858,0.840837,All
1.02168,0.841471,0.548637,0.842105,1.12096,0.841471,All
1.02176,0.842105,0.548668,0.842739,1.12192,0.842105,All
1.03057,0.842739,0.550023,0.843373,1.12264,0.842739,All
1.03956,0.843373,0.550936,0.844008,1.12778,0.843373,All
1.04181,0.844008,0.552231,0.844642,1.12779,0.844008,All
1.04277,0.844642,0.5524,0.845276,1.12882,0.844642,All
1.04702,0.845276,0.552648,0.84591,1.13058,0.845276,All
1.04961,0.84591,0.552657,0.846544,1.13096,0.84591,All
1.05189,0.846544,0.553636,0.847178,1.1323,0.846544,All
1.05225,0.847178,0.554365,0.847812,1.13236,0.847178,All
1.06435,0.847812,0.555226,0.848446,1.13433,0.847812,All
1.06753,0.848446,0.556651,0.849081,1.1354,0.848446,All
1.07664,0.849081,0.557022,0.849715,1.13555,0.849081,All
1.08002,0.849715,0.557295,0.850349,1.13846,0.849715,All
1.08623,0.850349,0.557587,0.850983,1.14098,0.850349,All
1.09257,0.850983,0.559613,0.851617,1.14619,0.850983,All
1.09413,0.851617,0.561393,0.852251,1.15073,0.851617,All
1.09835,0.852251,0.564812,0.852885,1.15233,0.852251,All
1.10144,0.852885,0.566808,0.853519,1.15465,0.852885,All
1.10327,0.853519,0.56858,0.854153,1.1583,0.853519,All
1.11135,0.854153,0.56858,0.854788,1.15943,0.854153,All
1.11398,0.854788,0.5686,0.855422,1.16931,0.854788,All
1.11863,0.855422,0.569039,0.856056,1.17233,0.855422,All
1.11869,0.856056,0.569736,0.85669,1.17236,0.856056,All
1.12067,0.85669,0.570517,0.857324,1.17522,0.85669,All
1.12257,0.857324,0.573052,0.857958,1.17624,0.857324,All
1.12296,0.857958,0.575552,0.858592,1.17931,0.857958,All
1.12655,0.858592,0.576704,0.859226,1.18045,0.858592,All
1.1299,0.859226,0.576754,0.85986,1.18286,0.859226,All
1.13316,0.85986,0.577947,0.860495,1.18675,0.85986,All
1.13465,0.860495,0.578153,0.861129,1.18787,0.860495,All
1.1406,0.861129,0.578682,0.861763,1.18844,0.861129,All
1.14419,0.861763,0.578757,0.862397,1.19094,0.861763,All
1.14441,0.862397,0.58081,0.863031,1.19143,0.862397,All
1.14502,0.863031,0.581827,0.863665,1.19178,0.863031,All
1.14968,0.863665,0.583826,0.864299,1.19454,0.863665,All
1.15047,0.864299,0.584022,0.864933,1.19688,0.864299,All
1.15356,0.864933,0.585976,0.865568,1.20081,0.864933,All
1.1552,0.865568,0.587869,0.866202,1.21123,0.865568,All
1.16477,0.866202,0.588529,0.866836,1.21179,0.866202,All
1.16605,0.866836,0.588616,0.86747,1.21241,0.866836,All
1.16612,0.86747,0.591845,0.868104,1.21284,0.86747,All
1.16811,0.868104,0.59215,0.868738,1.21813,0.868104,All
1.18623,0.868738,0.592742,0.869372,1.21928,0.868738,All
1.18779,0.869372,0.592818,0.870006,1.22073,0.869372,All
1.19136,0.870006,0.593785,0.87064,1.22693,0.870006,All
1.19932,0.87064,0.59497,0.871275,1.23407,0.87064,All
1.20381,0.871275,0.596744,0.871909,1.23448,0.871275,All
1.20422,0.871909,0.599015,0.872543,1.23664,0.871909,All
1.20634,0.872543,0.601435,0.873177,1.24236,0.872543,All
1.20785,0.873177,0.601484,0.873811,1.24302,0.873177,All
1.21171,0.873811,0.603178,0.874445,1.24408,0.873811,All
1.21796,0.874445,0.603577,0.875079,1.24424,0.874445,All
1.23442,0.875079,0.604276,0.875713,1.24846,0.875079,All
1.23509,0.875713,0.604313,0.876347,1.25045,0.875713,All
1.23579,0.876347,0.606244,0.876982,1.25469,0.876347,All
1.23781,0.876982,0.606904,0.877616,1.25488,0.876982,All
1.24617,0.877616,0.608955,0.87825,1.2649,0.877616,All
1.24876,0.87825,0.6093,0.878884,1.26595,0.87825,All
1.25227,0.878884,0.615303,0.879518,1.26867,0.878884,All
1.25953,0.879518,0.615727,0.880152,1.27239,0.879518,All
1.26615,0.880152,0.616457,0.880786,1.2848,0.880152,All
1.27885,0.880786,0.618039,0.88142,1.28779,0.880786,All
1.28141,0.88142,0.620962,0.882055,1.29971,0.88142,All
1.289,0.882055,0.621619,0.882689,1.30418,0.882055,All
1.29074,0.882689,0.627346,0.883323,1.30777,0.882689,All
1.29156,0.883323,0.6291,0.883957,1.30956,0.883323,All
1.30443,0.883957,0.630425,0.884591,1.30991,0.883957,All
1.30843,0.884591,0.631384,0.885225,1.31064,0.884591,All
1.31031,0.885225,0.632052,0.885859,1.32475,0.885225,All
1.31867,0.885859,0.632364,0.886493,1.32856,0.885859,All
1.31869,0.886493,0.638211,0.887127,1.32946,0.886493,All
1.32501,0.887127,0.638486,0.887762,1.33069,0.887127,All
1.34768,0.887762,0.640143,0.888396,1.3309,0.887762,All
1.34923,0.888396,0.641332,0.88903,1.33346,0.888396,All
1.37424,0.88903,0.642593,0.889664,1.33892,0.88903,All
1.3833,0.889664,0.643208,0.890298,1.34195,0.889664,All
1.39334,0.890298,0.643326,0.890932,1.34331,0.890298,All
1.39543,0.890932,0.643587,0.891566,1.35836,0.890932,All
1.3955,0.891566,0.6439,0.8922,1.3687,0.891566,All
1.39609,0.8922,0.645414,0.892834,1.37067,0.8922,All
1.40239,0.892834,0.647842,0.893469,1.37597,0.892834,All
1.41601,0.893469,0.648121,0.894103,1.37702,0.893469,All
1.41793,0.894103,0.650038,0.894737,1.37723,0.894103,All
1.43312,0.894737,0.651864,0.895371,1.37906,0.894737,All
1.44023,0.895371,0.652417,0.896005,1.38071,0.895371,All
1.45328,0.896005,0.654402,0.896639,1.39378,0.896005,All
1.47745,0.896639,0.655013,0.897273,1.39687,0.896639,All
1.4782,0.897273,0.655148,0.897907,1.39888,0.897273,All
1.48066,0.897907,0.658203,0.898542,1.39946,0.897907,All
1.49475,0.898542,0.658628,0.899176,1.39976,0.898542,All
1.50864,0.899176,0.659695,0.89981,1.40876,0.899176,All
1.51107,0.89981,0.660455,0.900444,1.40929,0.89981,All
1.52638,0.900444,0.662841,0.901078,1.41926,0.900444,All
1.53143,0.901078,0.664327,0.901712,1.42148,0.901078,All
1.53184,0.901712,0.665445,0.902346,1.43097,0.901712,All
1.54099,0.902346,0.666866,0.90298,1.43365,0.902346,All
1.55347,0.90298,0.667153,0.903614,1.43881,0.90298,All
1.55995,0.903614,0.668259,0.904249,1.43932,0.903614,All
1.56725,0.904249,0.668826,0.904883,1.44141,0.904249,All
1.57358,0.904883,0.66989,0.905517,1.44369,0.904883,All
1.58115,0.905517,0.671645,0.906151,1.44966,0.905517,All
1.58634,0.906151,0.673518,0.906785,1.45547,0.906151,All
1.59234,0.906785,0.673866,0.907419,1.46881,0.906785,All
1.59817,0.907419,0.675101,0.908053,1.47802,0.907419,All
1.61024,0.908053,0.67589,0.908687,1.47996,0.908053,All
1.6192,0.908687,0.6815,0.909321,1.48305,0.908687,All
1.6199,0.909321,0.681625,0.909956,1.48633,0.909321,All
1.62343,0.909956,0.687021,0.91059,1.48726,0.909956,All
1.62512,0.91059,0.688372,0.911224,1.48958,0.91059,All
1.63472,0.911224,0.691317,0.911858,1.49205,0.911224,All
1.63512,0.911858,0.69494,0.912492,1.50075,0.911858,All
1.64135,0.912492,0.695635,0.913126,1.50312,0.912492,All
1.64791,0.913126,0.696185,0.91376,1.50333,0.913126,All
1.64867,0.91376,0.697457,0.914394,1.50667,0.91376,All
1.64952,0.914394,0.697939,0.915029,1.5068,0.914394,All
1.66063,0.915029,0.699564,0.915663,1.50855,0.915029,All
1.66493,0.915663,0.700091,0.916297,1.51165,0.915663,All
1.66855,0.916297,0.7004,0.916931,1.52224,0.916297,All
1.66997,0.916931,0.705998,0.917565,1.52827,0.916931,All
1.72524,0.917565,0.708002,0.918199,1.5364,0.917565,All
1.72758,0.918199,0.711796,0.918833,1.54277,0.918199,All
1.73984,0.918833,0.717142,0.919467,1.55073,0.918833,All
1.77175,0.919467,0.718446,0.920101,1.55217,0.919467,All
1.78173,0.920101,0.719852,0.920736,1.56783,0.920101,All
1.79396,0.920736,0.726213,0.92137,1.57137,0.920736,All
1.79439,0.92137,0.731387,0.922004,1.57551,0.92137,All
1.83712,0.922004,0.731534,0.922638,1.58003,0.922004,All
1.84,0.922638,0.732769,0.923272,1.58087,0.922638,All
1.86447,0.923272,0.733836,0.923906,1.58649,0.923272,All
1.86527,0.923906,0.735325,0.92454,1.58974,0.923906,All
1.88586,0.92454,0.736543,0.925174,1.59053,0.92454,All
1.89228,0.925174,0.73655,0.925808,1.60316,0.925174,All
1.89981,0.925808,0.73833,0.926443,1.60721,0.925808,All
1.9056,0.926443,0.740179,0.927077,1.61021,0.926443,All
1.94442,0.927077,0.741145,0.927711,1.62078,0.927077,All
1.95295,0.927711,0.743552,0.928345,1.64037,0.927711,All
1.96717,0.928345,0.744535,0.928979,1.65294,0.928345,All
1.98417,0.928979,0.74483,0.929613,1.66067,0.928979,All
1.98499,0.929613,0.745059,0.930247,1.66197,0.929613,All
1.98745,0.930247,0.751085,0.930881,1.68342,0.930247,All
1.98821,0.930881,0.753125,0.931516,1.68426,0.930881,All
1.98826,0.931516,0.756101,0.93215,1.68506,0.931516,All
1.98898,0.93215,0.756139,0.932784,1.69004,0.93215,All
1.99069,0.932784,0.756625,0.933418,1.69272,0.932784,All
1.99639,0.933418,0.759246,0.934052,1.69628,0.933418,All
1.99651,0.934052,0.76124,0.934686,1.69664,0.934052,All
2.00604,0.934686,0.767849,0.93532,1.71191,0.934686,All
2.02649,0.93532,0.768372,0.935954,1.71529,0.93532,All
2.05942,0.935954,0.771598,0.936588,1.71563,0.935954,All
2.06238,0.936588,0.772188,0.937223,1.71638,0.936588,All
2.06338,0.937223,0.780276,0.937857,1.7223,0.937223,All
2.06353,0.937857,0.782111,0.938491,1.72381,0.937857,All
2.07385,0.938491,0.782404,0.939125,1.72661,0.938491,All
2.07461,0.939125,0.784597,0.939759,1.74088,0.939125,All
2.08262,0.939759,0.78717,0.940393,1.76903,0.939759,All
2.08609,0.940393,0.794725,0.941027,1.77195,0.940393,All
2.09115,0.941027,0.797041,0.941661,1.77275,0.941027,All
2.11402,0.941661,0.798221,0.942295,1.78592,0.941661,All
2.11563,0.942295,0.802114,0.94293,1.78617,0.942295,All
2.13179,0.94293,0.802995,0.943564,1.79344,0.94293,All
2.16446,0.943564,0.815558,0.944198,1.79473,0.943564,All
2.16474,0.944198,0.815913,0.944832,1.81228,0.944198,All
2.26347,0.944832,0.817461,0.945466,1.81661,0.944832,All
2.27869,0.945466,0.819612,0.9461,1.81963,0.945466,All
2.28341,0.9461,0.825102,0.946734,1.82883,0.9461,All
2.2878,0.946734,0.827851,0.947368,1.82992,0.946734,All
2.31492,0.947368,0.832455,0.948003,1.84404,0.947368,All
2.33421,0.948003,0.833531,0.948637,1.84554,0.948003,All
2.34623,0.948637,0.834681,0.949271,1.85053,0.948637,All
2.35553,0.949271,0.834941,0.949905,1.85251,0.949271,All
2.35682,0.949905,0.83531,0.950539,1.85442,0.949905,All
2.36261,0.950539,0.836365,0.951173,1.85604,0.950539,All
2.36661,0.951173,0.837292,0.951807,1.85762,0.951173,All
2.39963,0.951807,0.837711,0.952441,1.86107,0.951807,All
2.41421,0.952441,0.842958,0.953075,1.86533,0.952441,All
2.41585,0.953075,0.847768,0.95371,1.87396,0.953075,All
2.43289,0.95371,0.852154,0.954344,1.87702,0.95371,All
2.44147,0.954344,0.852901,0.954978,1.88135,0.954344,All
2.44148,0.954978,0.863068,0.955612,1.88872,0.954978,All
2.48441,0.955612,0.878929,0.956246,1.89842,0.955612,All
2.49154,0.956246,0.879995,0.95688,1.91027,0.956246,All
2.49362,0.95688,0.881465,0.957514,1.91197,0.95688,All
2.51018,0.957514,0.88788,0.958148,1.91799,0.957514,All
2.52201,0.958148,0.888964,0.958782,1.92336,0.958148,All
2.52441,0.958782,0.888985,0.959417,1.92697,0.958782,All
2.53681,0.959417,0.898837,0.960051,1.93883,0.959417,All
2.5427,0.960051,0.902279,0.960685,1.94311,0.960051,All
2.62191,0.960685,0.909436,0.961319,1.95991,0.960685,All
2.63717,0.961319,0.915759,0.961953,1.96105,0.961319,All
2.64394,0.961953,0.916466,0.962587,1.98806,0.961953,All
2.64977,0.962587,0.919944,0.963221,1.99027,0.962587,All
2.65241,0.963221,0.927463,0.963855,2.00001,0.963221,All
2.7077,0.963855,0.940118,0.96449,2.00112,0.963855,All
2.72281,0.96449,0.940422,0.965124,2.0038,0.96449,All
2.73398,0.965124,0.940954,0.965758,2.00436,0.965124,All
2.75671,0.965758,0.94722,0.966392,2.03094,0.965758,All
2.75861,0.966392,0.949618,0.967026,2.03525,0.966392,All
2.76244,0.967026,0.949888,0.96766,2.03693,0.967026,All
2.76534,0.96766,0.953931,0.968294,2.06774,0.96766,All
2.77653,0.968294,0.956722,0.968928,2.08378,0.968294,All
2.79387,0.968928,0.959928,0.969562,2.08871,0.968928,All
2.80423,0.969562,0.976815,0.970197,2.09762,0.969562,All
2.81298,0.970197,0.998744,0.970831,2.10674,0.970197,All
2.82615,0.970831,1.006,0.971465,2.11747,0.970831,All
2.83301,0.971465,1.01073,0.972099,2.12412,0.971465,All
2.98337,0.972099,1.02006,0.972733,2.13959,0.972099,All
2.99068,0.972733,1.02399,0.973367,2.14007,0.972733,All
2.99958,0.973367,1.04065,0.974001,2.1569,0.973367,All
3.00328,0.974001,1.05639,0.974635,2.16072,0.974001,All
3.01242,0.974635,1.06862,0.975269,2.16454,0.974635,All
3.08265,0.975269,1.07355,0.975904,2.16504,0.975269,All
3.08265,0.975904,1.07958,0.976538,2.19089,0.975904,All
3.10451,0.976538,1.08,0.977172,2.20062,0.976538,All
3.30125,0.977172,1.08817,0.977806,2.20141,0.977172,All
3.30223,0.977806,1.09363,0.97844,2.22272,0.977806,All
3.36531,0.97844,1.09959,0.979074,2.22735,0.97844,All
3.49496,0.979074,1.11304,0.979708,2.23499,0.979074,All
3.58062,0.979708,1.11882,0.980342,2.23612,0.979708,All
3.59049,0.980342,1.12603,0.980977,2.24743,0.980342,All
3.63585,0.980977,1.16687,0.981611,2.30354,0.980977,All
3.70255,0.981611,1.17488,0.982245,2.30537,0.981611,All
3.74393,0.982245,1.17664,0.982879,2.35627,0.982245,All
3.81707,0.982879,1.1879,0.983513,2.38023,0.982879,All
3.83413,0.983513,1.1982,0.984147,2.40321,0.983513,All
3.87662,0.984147,1.1996,0.984781,2.40393,0.984147,All
3.92844,0.984781,1.20957,0.985415,2.41581,0.984781,All
3.97863,0.985415,1.25008,0.986049,2.46828,0.985415,All
3.98134,0.986049,1.25526,0.986684,2.49191,0.986049,All
4.40155,0.986684,1.27214,0.987318,2.51812,0.986684,All
4.44361,0.987318,1.2833,0.987952,2.53469,0.987318,All
4.47991,0.987952,1.28561,0.988586,2.54327,0.987952,All
4.54769,0.988586,1.29339,0.98922,2.56817,0.988586,All
4.55706,0.98922,1.30191,0.989854,2.58869,0.98922,All
4.84329,0.989854,1.33795,0.990488,2.63086,0.989854,All
4.89595,0.990488,1.34146,0.991122,2.64392,0.990488,All
5.41968,0.991122,1.36647,0.991756,2.70819,0.991122,All
5.60212,0.991756,1.41097,0.992391,2.71371,0.991756,All
5.89028,0.992391,1.42602,0.993025,2.75019,0.992391,All
6.40273,0.993025,1.42978,0.993659,2.7613,0.993025,All
6.6965,0.993659,1.4588,0.994293,2.76231,0.993659,All
6.8258,0.994293,1.46828,0.994927,2.76622,0.994293,All
7.06231,0.994927,1.52001,0.995561,2.77121,0.994927,All
7.07166,0.995561,1.5371,0.996195,2.78055,0.995561,All
7.17682,0.996195,1.53921,0.996829,2.79062,0.996195,All
7.25422,0.996829,1.57825,0.997464,2.81193,0.996829,All
7.45902,0.997464,1.59453,0.998098,2.84271,0.997464,All
7.99738,0.998098,2.0332,0.998732,2.84662,0.998098,All
8.33483,0.998732,2.22443,0.999366,2.84963,0.998732,All
9.05963,0.999366,2.33123,1,2.8541,0.999366,All
9.69116,1,4,1,2.85768,1,All
,,,,4,1,All
