time_pwRes,time_pwRes_spline,time_iwRes,time_iwRes_spline,time_npde,time_npde_spline,prediction_pwRes,prediction_pwRes_spline,prediction_iwRes,prediction_iwRes_spline,prediction_npde,prediction_npde_spline,split
1.86667,0.869604,1.86667,0.189787,1.86667,0.752349,0.0240628,2.0963,0.0166074,0.631107,0.0240628,1.54312,All
2.0731,0.831638,2.0731,0.209287,2.0731,0.744733,0.0286498,2.08255,0.0195858,0.630206,0.0286498,1.53855,All
2.30237,0.789473,2.30237,0.230943,2.30237,0.736276,0.0341112,2.06835,0.0230982,0.629142,0.0341112,1.53379,All
2.55699,0.760628,2.55699,0.249883,2.55699,0.730794,0.0406137,2.0515,0.0272406,0.627888,0.0406137,1.52814,All
2.83976,0.742659,2.83976,0.266832,2.83976,0.727776,0.0483558,2.03144,0.0321258,0.626409,0.0483558,1.52141,All
3.15381,0.722703,3.15381,0.285655,3.15381,0.724423,0.0575737,2.00756,0.0378872,0.624665,0.0575737,1.5134,All
3.50259,0.734499,3.50259,0.296049,3.50259,0.728183,0.0685487,1.97913,0.0446817,0.622608,0.0685487,1.50386,All
3.88995,0.749042,3.88995,0.307147,3.88995,0.732677,0.0816159,1.94527,0.0526948,0.620182,0.0816159,1.49251,All
4.32014,0.776896,4.32014,0.315329,4.32014,0.740306,0.097174,1.90496,0.062145,0.617321,0.097174,1.47899,All
4.7979,0.830282,4.7979,0.316196,4.7979,0.75387,0.115698,1.86019,0.0732898,0.613947,0.115698,1.46389,All
5.3285,0.896685,5.3285,0.313554,5.3285,0.77066,0.137753,1.81507,0.0864334,0.609968,0.137753,1.44848,All
5.91778,0.977321,5.91778,0.304749,5.91778,0.79125,0.164012,1.76423,0.101934,0.605407,0.164012,1.43103,All
6.57223,1.05957,6.57223,0.292259,6.57223,0.81307,0.195277,1.71993,0.120215,0.60009,0.195277,1.41535,All
7.29905,1.12357,7.29905,0.278782,7.29905,0.832191,0.232502,1.67854,0.141774,0.594127,0.232502,1.40025,All
8.10626,1.13788,8.10626,0.269551,8.10626,0.842258,0.276823,1.62925,0.167199,0.587597,0.276823,1.38227,All
8.90533,1.06881,8.90533,0.271639,8.90533,0.835299,0.329593,1.57057,0.197184,0.579895,0.329593,1.36086,All
9.00273,1.05584,9.00273,0.272505,9.00273,0.833447,0.392422,1.54171,0.232546,0.570812,0.392422,1.34833,All
9.99834,0.898379,9.99834,0.280417,9.99834,0.802955,0.467228,1.53191,0.27425,0.5601,0.467228,1.34126,All
11.1041,0.801994,11.1041,0.260937,11.1041,0.761383,0.556294,1.54462,0.323433,0.547468,0.556294,1.34074,All
12.3321,0.787911,12.3321,0.216848,12.3321,0.71865,0.662339,1.58818,0.381437,0.532569,0.662339,1.3496,All
13.6959,0.73469,13.6959,0.182493,13.6959,0.670896,0.788598,1.6542,0.449843,0.515552,0.788598,1.36545,All
15.2105,0.641377,15.2105,0.140628,15.2105,0.599587,0.938925,1.71738,0.530516,0.500065,0.938925,1.38119,All
15.944,0.616038,15.944,0.126197,15.944,0.577825,1.11791,1.71903,0.625657,0.481801,1.11791,1.37954,All
16.8926,0.651503,16.8926,0.135498,16.8926,0.603596,1.33101,1.62677,0.737861,0.460262,1.33101,1.34999,All
18.7608,0.826322,18.7608,0.209852,18.7608,0.73836,1.58474,1.46594,0.870186,0.43486,1.58474,1.29678,All
20.8355,0.751807,20.8355,0.180031,20.8355,0.715904,1.88683,1.34258,1.02624,0.413651,1.88683,1.24383,All
22.9827,0.682425,22.9827,0.200544,22.9827,0.649736,2.24651,1.36689,1.21029,0.388986,2.24651,1.21907,All
23.1397,0.680454,23.1397,0.191426,23.1397,0.647729,2.67475,1.35379,1.28459,0.381969,2.67475,1.18902,All
25.6988,0.728809,25.6988,0.179239,25.6988,0.67992,2.98261,1.2987,1.42733,0.36849,2.98261,1.16696,All
28.5408,0.73425,28.5408,0.143577,28.5408,0.715217,3.18463,1.27074,1.68331,0.351297,3.18463,1.15738,All
30.0213,0.766097,30.0213,0.16195,30.0213,0.690453,3.7917,1.19397,1.98519,0.336489,3.7917,1.09925,All
31.6971,0.709395,31.6971,0.152602,31.6971,0.658442,4.5145,1.13975,2.34121,0.322628,4.5145,1.0749,All
35.2025,0.677573,35.2025,0.197368,35.2025,0.647578,5.37509,1.07262,2.55258,0.319494,5.37509,1.02632,All
37.06,0.680205,37.06,0.145089,37.06,0.648057,5.94115,1.02337,2.76107,0.316782,5.94115,0.953856,All
39.0956,0.676145,39.0956,0.13548,39.0956,0.65277,6.39972,1.08462,3.25623,0.31165,6.39972,0.941349,All
43.4192,0.791421,43.4192,0.187895,43.4192,0.752554,7.61967,0.887344,3.82056,0.298056,7.61967,0.842714,All
44.0987,0.742171,44.0987,0.194612,44.0987,0.709816,8.8997,0.8257,3.84019,0.297272,8.8997,0.787249,All
48.2209,0.678723,48.2209,0.182901,48.2209,0.658373,9.07218,0.812098,4.52888,0.251112,9.07218,0.784638,All
51.1373,0.710984,51.1373,0.175279,51.1373,0.681559,10.8016,0.753927,5.08854,0.212432,10.8016,0.727667,All
53.5536,0.745524,53.5536,0.203028,53.5536,0.71593,11.8582,0.61196,5.34108,0.210246,11.8582,0.618389,All
58.176,0.676794,58.176,0.166739,58.176,0.685296,12.8606,0.51217,6.29893,0.259412,12.8606,0.517756,All
59.4762,0.710618,59.4762,0.184329,59.4762,0.695102,14.8168,0.456983,6.35653,0.2583,14.8168,0.470459,All
65.2147,0.628839,65.2147,0.149665,65.2147,0.624315,15.3122,0.423629,7.42856,0.258572,15.3122,0.439185,All
66.0536,0.655251,66.0536,0.13966,66.0536,0.643373,17.7753,0.333762,7.62451,0.239968,17.7753,0.365876,All
72.2533,0.617205,72.2533,0.110519,72.2533,0.625744,18.2311,0.285361,8.76078,0.185177,18.2311,0.325891,All
73.3585,0.653919,73.3585,0.113853,73.3585,0.645195,20.7339,0.145265,8.89249,0.173828,20.7339,0.201573,All
79.292,0.713682,79.292,0.168399,79.292,0.683751,21.7065,0.0453271,10.1605,0.20068,21.7065,0.108889,All
81.4712,0.593923,81.4712,0.124923,81.4712,0.612664,23.6924,-0.0459931,10.3319,0.197661,23.6924,0.0238074,All
86.3307,0.573976,86.3307,0.099916,86.3307,0.609666,25.8443,-0.144628,11.4285,0.207464,25.8443,-0.0636322,All
90.4812,0.691368,90.4812,0.12524,90.4812,0.689721,26.651,-0.186433,12.1848,0.264592,26.651,-0.1011,All
93.3693,0.722913,93.3693,0.131828,93.3693,0.712262,29.6095,-0.344657,12.6964,0.18248,29.6095,-0.243613,All
100.408,0.6753,100.408,0.118296,100.408,0.686216,30.7709,-0.406362,13.9644,0.196822,30.7709,-0.299346,All
100.487,0.674659,100.487,0.118134,100.487,0.685857,32.5681,-0.501021,14.37,0.190076,32.5681,-0.385044,All
107.447,0.634238,107.447,0.109016,107.447,0.664712,35.5266,-0.655604,15.2324,0.20385,35.5266,-0.525299,All
111.6,0.62195,111.6,0.107436,111.6,0.659734,36.6366,-0.712929,16.5004,0.172221,36.6366,-0.577479,All
114.485,0.616765,114.485,0.107443,114.485,0.65835,38.4851,-0.807898,16.9471,0.199773,38.4851,-0.664051,All
121.524,0.609103,121.524,0.109173,121.524,0.657555,41.4437,-0.958171,17.7684,0.192782,41.4437,-0.801488,All
123.942,0.606308,123.942,0.109753,123.942,0.656876,43.6205,-1.06466,19.0364,0.146692,43.6205,-0.899994,All
128.563,0.599836,128.563,0.110536,128.563,0.654424,44.4022,-1.1029,19.9863,0.143244,44.4022,-0.935369,All
135.601,0.587375,135.601,0.110929,135.601,0.648033,47.3608,-1.24763,20.3043,0.160667,47.3608,-1.06925,All
137.649,0.583204,137.649,0.110864,137.649,0.645618,50.3193,-1.39235,21.5723,0.14451,50.3193,-1.20313,All
142.64,0.572201,142.64,0.110406,142.64,0.638878,51.9357,-1.47142,22.8403,0.133249,51.9357,-1.27627,All
149.679,0.554744,149.679,0.108984,149.679,0.627404,53.2779,-1.53708,23.5706,0.166885,53.2779,-1.33701,All
152.872,0.546314,152.872,0.108109,152.872,0.621681,56.2364,-1.68181,24.1083,0.142261,56.2364,-1.47089,All
156.717,0.535689,156.717,0.106803,156.717,0.614312,59.195,-1.82654,25.3763,0.100264,59.195,-1.60477,All
163.756,0.515383,163.756,0.103836,163.756,0.599966,61.836,-1.9506,26.6443,0.112503,61.836,-1.72116,All
169.778,0.497454,169.778,0.10064,169.778,0.587151,62.1535,-1.96519,27.7976,0.104909,62.1535,-1.73496,All
170.795,0.494406,170.795,0.10006,170.795,0.584967,65.1121,-2.10108,27.9123,0.10155,65.1121,-1.86354,All
177.833,0.473328,177.833,0.095897,177.833,0.569884,68.0706,-2.23697,29.1802,0.0763563,68.0706,-1.99213,All
184.872,0.452612,184.872,0.0910209,184.872,0.555215,71.0291,-2.37286,30.4482,0.0702725,71.0291,-2.12072,All
188.554,0.442086,188.554,0.0882611,188.554,0.547874,73.6236,-2.49203,31.7162,0.0594932,73.6236,-2.23348,All
191.911,0.432825,191.911,0.0856247,191.911,0.541537,73.9877,-2.50876,32.7828,0.0463276,73.9877,-2.2493,All
198.949,0.414371,198.949,0.079775,198.949,0.529264,76.9462,-2.64465,32.9842,0.0440706,76.9462,-2.37789,All
205.988,0.397565,205.988,0.0735762,205.988,0.518719,79.9048,-2.78054,34.2522,0.036366,79.9048,-2.50648,All
209.406,0.390206,209.406,0.0704252,209.406,0.514436,82.8633,-2.91643,35.5202,0.0397552,82.8633,-2.63506,All
213.027,0.382972,213.027,0.0670084,213.027,0.510479,85.8219,-3.05233,36.7881,0.0484398,85.8219,-2.76365,All
220.065,0.370749,220.065,0.0601714,220.065,0.504673,87.6582,-3.13598,38.0561,0.056797,87.6582,-2.84316,All
227.104,0.360343,227.104,0.0532375,227.104,0.5007,88.7804,-3.18639,38.662,0.0594485,88.7804,-2.89143,All
232.564,0.353576,232.564,0.04781,232.564,0.498929,91.739,-3.31927,39.3241,0.060972,91.739,-3.01871,All
234.143,0.351619,234.143,0.0462407,234.143,0.498417,94.6975,-3.45216,40.5921,0.0607084,94.6975,-3.14598,All
241.181,0.343671,241.181,0.0392638,241.181,0.496899,97.656,-3.585,41.8601,0.056701,97.656,-3.2733,All
248.22,0.338161,248.22,0.0324278,248.22,0.497759,100.615,-3.71881,43.1281,0.0499577,100.615,-3.40181,All
255.259,0.334163,255.259,0.0258168,255.259,0.500055,103.573,-3.85678,44.396,0.0402447,103.573,-3.53434,All
258.283,0.332816,258.283,0.0230482,258.283,0.501388,104.368,-3.89386,45.5955,0.03066,104.368,-3.56995,All
262.297,0.331606,262.297,0.0195295,262.297,0.503684,106.532,-3.99475,45.664,0.0300483,106.532,-3.66687,All
269.336,0.330417,269.336,0.0136521,269.336,0.508551,109.49,-4.13273,46.932,0.0183311,109.49,-3.7994,All
276.375,0.330716,276.375,0.00843674,276.375,0.514697,112.449,-4.2707,48.2,0.00638734,112.449,-3.93193,All
283.413,0.331584,283.413,0.00347466,283.413,0.521332,115.407,-4.40868,49.468,-0.00509252,115.407,-4.06445,All
286.847,0.332433,286.847,0.00133425,286.847,0.524908,118.366,-4.54665,50.736,-0.0151488,118.366,-4.19698,All
290.452,0.333849,290.452,-0.000568037,290.452,0.529081,121.324,-4.68463,52.0039,-0.0230895,121.324,-4.32951,All
297.491,0.336723,297.491,-0.00418519,297.491,0.537306,124.263,-4.82169,53.2719,-0.029257,124.263,-4.46117,All
304.529,0.340756,304.529,-0.00672337,304.529,0.54636,124.283,-4.8226,53.7724,-0.0316915,124.283,-4.46204,All
311.568,0.345579,311.568,-0.00830868,311.568,0.555913,127.241,-4.96058,54.5399,-0.0327535,127.241,-4.59457,All
318.569,0.351199,318.569,-0.00856429,318.569,0.565838,130.2,-5.09855,55.8079,-0.0318483,130.2,-4.7271,All
318.607,0.351232,318.607,-0.00855873,318.607,0.565893,133.159,-5.23653,57.0759,-0.025548,133.159,-4.85963,All
325.645,0.357538,325.645,-0.0075091,325.645,0.57613,136.117,-5.3745,58.3439,-0.0134197,136.117,-4.99216,All
332.684,0.363851,332.684,-0.00643729,332.684,0.58637,139.076,-5.51248,59.6118,0.00992693,139.076,-5.12469,All
339.723,0.370954,339.723,-0.00303561,339.723,0.596695,142.034,-5.65045,60.8798,0.0332735,142.034,-5.25722,All
346.761,0.378305,346.761,0.0014329,346.761,0.606949,144.993,-5.78843,62.1478,0.0566201,144.993,-5.38975,All
353.8,0.38587,353.8,0.00726552,353.8,0.617008,147.951,-5.9264,63.4158,0.0923772,147.951,-5.52228,All
