popPred_spline_abscissa,popPred_spline,popPred_ci_abscissa,popPred_piLower,popPred_piUpper,indivPred_spline_abscissa,indivPred_spline,indivPred_ci_abscissa,indivPred_piLower,indivPred_piUpper,split
2.31733,14.9648,2.31733,1.5249,3.10977,2.29279,2.34574,2.29279,1.50874,3.07683,All
2.48627,15.214,2.48627,1.63606,3.33648,2.44741,2.52412,2.44741,1.61049,3.28433,All
2.66752,15.4281,2.66752,1.75534,3.57971,2.61246,2.71453,2.61246,1.7191,3.50582,All
2.86199,15.6277,2.86199,1.8833,3.84067,2.78864,2.91188,2.78864,1.83503,3.74224,All
3.07063,15.7776,3.07063,2.0206,4.12066,2.9767,3.11065,2.9767,1.95879,3.99461,All
3.29448,15.8672,3.29448,2.1679,4.42107,3.17744,3.32282,3.17744,2.09088,4.264,All
3.53466,15.9375,3.53466,2.32594,4.74337,3.39173,3.53939,3.39173,2.23189,4.55156,All
3.79234,15.925,3.79234,2.49551,5.08917,3.44515,3.5925,3.44515,2.26705,4.62326,All
3.83416,15.9227,3.83416,2.52303,5.14529,3.62046,3.76488,3.62046,2.38241,4.85851,All
4.0688,15.8557,4.0688,2.67743,5.46017,3.86462,4.00219,3.86462,2.54307,5.18616,All
4.36542,15.7088,4.36542,2.87262,5.85823,4.12524,4.25451,4.12524,2.71457,5.53591,All
4.68367,15.4862,4.68367,3.08204,6.2853,4.40344,4.52542,4.40344,2.89764,5.90924,All
5.02511,15.1889,5.02511,3.30672,6.7435,4.59752,4.71774,4.59752,3.02535,6.16968,All
5.35098,14.8603,5.35098,3.52116,7.1808,4.7004,4.8214,4.7004,3.09305,6.30775,All
5.39145,14.8185,5.39145,3.54779,7.23511,5.01739,5.14868,5.01739,3.30164,6.73314,All
5.78449,14.4608,5.78449,3.80643,7.76256,5.35576,5.50649,5.35576,3.5243,7.18721,All
6.20619,14.3202,6.20619,4.08392,8.32846,5.71694,5.88626,5.71694,3.76197,7.67191,All
6.65863,14.6849,6.65863,4.38164,8.93562,5.74988,5.92062,5.74988,3.78365,7.71611,All
6.8678,15.0891,6.8678,4.51929,9.21632,6.10248,6.27684,6.10248,4.01568,8.18929,All
7.14405,15.6819,7.14405,4.70107,9.58704,6.51402,6.68541,6.51402,4.28649,8.74156,All
7.66486,15.8843,7.66486,5.04378,10.2859,6.90224,7.08808,6.90224,4.54195,9.26254,All
8.22364,15.0022,8.22364,5.41148,11.0358,6.95332,7.14235,6.95332,4.57556,9.33108,All
8.38463,15.2566,8.38463,5.51742,11.2518,7.42224,7.62539,7.42224,4.88413,9.96035,All
8.82315,15.8623,8.82315,5.80599,11.8403,7.92279,8.11766,7.92279,5.21351,10.6321,All
9.46637,15.497,9.46637,6.22925,12.7035,8.05461,8.26463,8.05461,5.30025,10.809,All
9.90145,15.3736,9.90145,6.51555,13.2874,8.45709,8.70174,8.45709,5.5651,11.3491,All
10.1565,15.4742,10.1565,6.68337,13.6296,9.02742,9.29718,9.02742,5.9404,12.1144,All
10.8969,17.4284,10.8969,7.1706,14.6232,9.20697,9.50648,9.20697,6.05855,12.3554,All
11.4183,16.5049,11.4183,7.51368,15.3229,9.63622,9.91027,9.63622,6.34101,12.9314,All
11.6913,16.0735,11.6913,7.69334,15.6893,10.2861,10.631,10.2861,6.76864,13.8035,All
12.5436,16.3499,12.5436,8.25419,16.833,10.3593,10.7059,10.3593,6.81685,13.9018,All
12.9351,16.3888,12.9351,8.51181,17.3584,10.9797,11.1896,10.9797,7.22511,14.7344,All
13.4581,15.9068,13.4581,8.85594,18.0602,11.5117,11.9578,11.5117,7.57516,15.4482,All
14.4392,17.6504,14.4392,9.50154,19.3768,11.7202,12.2137,11.7202,7.71236,15.728,All
14.4519,17.6366,14.4519,9.50994,19.3939,12.5106,12.7258,12.5106,8.23247,16.7887,All
15.4918,16.9085,15.4918,10.1942,20.7894,12.6641,12.9472,12.6641,8.33346,16.9947,All
15.9687,16.8868,15.9687,10.5081,21.4294,13.3543,13.777,13.3543,8.78765,17.9209,All
16.6212,17.2688,16.6212,10.9374,22.305,13.8164,14.2123,13.8164,9.09176,18.5411,All
17.4856,17.4257,17.4856,11.5062,23.4649,14.2549,14.716,14.2549,9.38028,19.1295,All
17.8329,16.9987,17.8329,11.7347,23.931,14.9688,15.3501,14.9688,9.85006,20.0875,All
19.0024,17.8086,19.0024,12.5043,25.5005,15.2162,15.5658,15.2162,10.0129,20.4196,All
19.1329,18.0796,19.1329,12.5902,25.6756,16.1212,16.5139,16.1212,10.6084,21.634,All
20.5192,18.1344,20.5192,13.5025,27.536,16.2424,16.6441,16.2424,10.6881,21.7966,All
20.5277,18.1381,20.5277,13.5081,27.5474,17.2735,17.5769,17.2735,11.3667,23.1804,All
22.0242,18.2256,22.0242,14.4928,29.5556,17.3377,17.6932,17.3377,11.4089,23.2665,All
22.036,18.2212,22.036,14.5006,29.5715,18.4259,18.9178,18.4259,12.125,24.7268,All
23.5529,17.9974,23.5529,15.4987,31.607,18.507,19.0193,18.507,12.1783,24.8356,All
23.6298,18.0117,23.6298,15.5494,31.7103,19.5782,19.8827,19.5782,12.8833,26.2732,All
25.0697,17.8018,25.0697,16.4968,33.6425,19.755,20.0754,19.755,12.9996,26.5105,All
25.3525,17.9604,25.3525,16.6829,34.022,20.7306,21.2683,20.7306,13.6416,27.8197,All
26.5865,18.8966,26.5865,17.495,35.678,21.0873,21.6324,21.0873,13.8763,28.2983,All
27.2007,20.0638,27.2007,17.8991,36.5022,21.883,22.3255,21.883,14.3999,29.3661,All
28.1033,18.1717,28.1033,18.4931,37.7136,22.5094,23.1123,22.5094,14.8121,30.2067,All
29.1837,18.9076,29.1837,19.204,39.1633,23.0353,23.5002,23.0353,15.1582,30.9125,All
29.6202,18.8882,29.6202,19.4912,39.7491,24.0274,24.7193,24.0274,15.811,32.2438,All
31.137,18.9469,31.137,20.4894,41.7846,24.1877,24.9482,24.1877,15.9165,32.4589,All
31.3112,19.147,31.3112,20.604,42.0184,25.3401,25.8842,25.3401,16.6748,34.0054,All
32.6538,19.4255,32.6538,21.4875,43.8201,25.6478,26.2238,25.6478,16.8772,34.4183,All
33.5938,19.4486,33.5938,22.1061,45.0816,26.4924,27.2156,26.4924,17.4331,35.5518,All
34.1706,19.6463,34.1706,22.4856,45.8556,27.3774,27.9616,27.3774,18.0154,36.7394,All
35.6874,19.4036,35.6874,23.4838,47.8911,27.6448,28.1335,27.6448,18.1914,37.0982,All
36.0428,19.2255,36.0428,23.7176,48.3681,28.7972,29.0413,28.7972,18.9497,38.6447,All
37.2043,19.4018,37.2043,24.4819,49.9267,29.2237,29.5563,29.2237,19.2303,39.217,All
38.6704,20.2409,38.6704,25.4467,51.8941,29.9495,30.5699,29.9495,19.708,40.1911,All
38.7211,20.2508,38.7211,25.48,51.9622,31.1019,32.0878,31.1019,20.4663,41.7375,All
40.2379,20.1202,40.2379,26.4781,53.9977,31.1945,32.1912,31.1945,20.5272,41.8618,All
41.4895,20.1001,41.4895,27.3018,55.6773,32.2543,33.2365,32.2543,21.2246,43.2839,All
41.7547,20.1322,41.7547,27.4763,56.0332,33.2982,34.1413,33.2982,21.9115,44.6849,All
43.2716,20.3627,43.2716,28.4744,58.0687,33.4066,34.2336,33.4066,21.9829,44.8304,All
44.5142,20.4158,44.5142,29.2921,59.7362,34.559,35.2113,34.559,22.7412,46.3768,All
44.7884,20.4151,44.7884,29.4725,60.1042,35.5438,36.0547,35.5438,23.3892,47.6984,All
46.3052,20.4749,46.3052,30.4707,62.1397,35.7113,36.2001,35.7113,23.4995,47.9232,All
47.7593,20.7499,47.7593,31.4275,64.0911,36.8637,37.2261,36.8637,24.2578,49.4696,All
47.822,20.7653,47.822,31.4688,64.1753,37.9408,38.2382,37.9408,24.9666,50.9151,All
49.3389,21.1881,49.3389,32.4669,66.2108,38.0161,38.3114,38.0161,25.0161,51.0161,All
50.8557,21.6081,50.8557,33.4651,68.2463,39.1684,39.4637,39.1684,25.7744,52.5625,All
51.241,21.6981,51.241,33.7186,68.7634,40.3208,40.6492,40.3208,26.5327,54.1089,All
52.3725,21.8972,52.3725,34.4632,70.2818,40.4995,40.8385,40.4995,26.6503,54.3487,All
53.8893,22.0454,53.8893,35.4613,72.3173,41.4732,41.8935,41.4732,27.291,55.6553,All
54.9765,22.0885,54.9765,36.1767,73.7763,42.6255,43.1691,42.6255,28.0493,57.2018,All
55.4061,22.0968,55.4061,36.4594,74.3528,43.2307,43.8546,43.2307,28.4475,58.0139,All
56.923,22.1028,56.923,37.4576,76.3884,43.7779,44.4806,43.7779,28.8076,58.7482,All
58.4398,22.1126,58.4398,38.4557,78.4239,44.9303,45.8149,44.9303,29.5659,60.2946,All
58.9844,22.1252,58.9844,38.8141,79.1547,46.0826,47.1684,46.0826,30.3242,61.8411,All
59.9566,22.1611,59.9566,39.4538,80.4594,46.1461,47.2435,46.1461,30.366,61.9263,All
61.4734,22.2515,61.4734,40.452,82.4949,47.235,48.5335,47.235,31.0825,63.3875,All
62.9903,22.3827,62.9903,41.4501,84.5304,48.3874,49.9022,48.3874,31.8408,64.9339,All
63.2844,22.4118,63.2844,41.6437,84.9252,49.2581,50.9342,49.2581,32.4138,66.1025,All
64.5071,22.558,64.5071,42.4482,86.5659,49.5397,51.2667,49.5397,32.5991,66.4803,All
66.0239,22.7612,66.0239,43.4463,88.6015,50.6921,52.6236,50.6921,33.3574,68.0268,All
67.5407,23.0242,67.5407,44.4445,90.637,51.8444,53.9642,51.8444,34.1157,69.5732,All
67.898,23.0862,67.898,44.6795,91.1164,52.58,54.8013,52.58,34.5997,70.5603,All
69.0576,23.2872,69.0576,45.4426,92.6725,52.9968,55.2709,52.9968,34.874,71.1196,All
70.5744,23.5744,70.5744,46.4407,94.708,54.1492,56.5694,54.1492,35.6323,72.666,All
72.0912,23.9088,72.0912,47.4389,96.7435,55.3015,57.752,55.3015,36.3906,74.2125,All
72.8478,24.0863,72.8478,47.9367,97.7589,56.1259,58.5897,56.1259,36.9331,75.3188,All
73.608,24.2708,73.608,48.437,98.779,56.4539,58.9229,56.4539,37.1489,75.7589,All
75.1248,24.6593,75.1248,49.4351,100.815,57.6063,60.0939,57.6063,37.9072,77.3053,All
76.6417,25.0747,76.6417,50.4333,102.85,58.7586,61.2649,58.7586,38.6655,78.8518,All
78.1585,25.5082,78.1585,51.4314,104.886,59.911,62.3212,59.911,39.4238,80.3982,All
