id,importanceSampling
1,6.027339
2,10.640960
3,6.805828
4,15.688251
5,15.115243
6,6.335435
7,7.048115
8,7.408777
9,5.374532
10,16.148313
11,14.479470
12,5.107647
13,6.059054
14,10.027536
15,13.031574
16,11.555441
17,12.602880
18,12.485852
19,11.938258
20,6.913727
21,13.626040
22,8.007516
23,6.129902
24,6.234993
25,6.569780
26,7.068204
27,7.142979
28,11.886381
29,5.283528
30,16.185456
31,6.143687
32,6.410669
33,5.240383
34,6.509007
35,10.937185
36,6.383388
37,15.267037
38,5.629977
39,5.724150
40,18.971099
41,16.482770
42,7.620007
43,24.242616
44,9.324981
45,5.687975
46,7.313198
47,5.724295
48,6.077466
49,12.124389
50,5.647633
51,13.341078
52,6.784853
53,24.634731
54,24.512217
55,6.516637
56,5.179015
57,14.715225
58,11.564319
59,7.571216
60,5.580604
61,11.605847
62,6.109092
63,15.290135
64,7.151042
65,6.580930
66,12.868185
67,9.464643
68,16.781336
69,12.355532
70,12.257566
71,6.477250
72,22.398196
73,6.184004
74,5.964547
75,20.096492
76,20.895547
77,6.876294
78,6.412507
79,7.275923
80,23.037386
81,13.093671
82,5.428125
83,5.862341
84,19.616520
85,6.616416
86,7.412739
87,12.781039
88,13.453381
89,8.821873
90,8.377553
91,12.782725
92,6.410804
93,11.374575
94,5.406581
95,6.242315
96,19.857092
97,5.501664
98,6.875327
99,5.514979
100,11.324254
101,11.038705
102,21.751712
103,22.682397
104,17.453087
105,14.901776
106,11.370601
107,12.838589
108,8.298611
109,7.103680
110,7.604080
111,12.421567
112,12.078162
113,11.908039
114,6.328367
115,17.507889
116,7.436066
117,7.847735
118,7.778632
119,11.532060
120,6.334423
121,11.718363
122,6.737546
123,17.619289
124,5.042751
125,11.936303
126,6.227495
127,8.216462
128,6.155099
129,12.342576
130,5.763102
131,19.095221
132,6.944589
133,7.440993
134,12.365759
135,11.862214
136,9.266469
137,6.044960
138,7.146082
139,18.223309
140,6.294422
141,14.445084
142,16.957852
143,17.203573
144,13.934398
145,7.190110
146,20.622190
147,19.295909
148,11.195865
149,7.092714
150,14.258973
151,16.296240
152,14.529504
153,14.953248
154,7.183876
155,7.047631
156,7.560567
157,14.250445
158,10.931111
159,7.672256
160,6.928992
161,13.529085
162,7.073837
163,7.028012
164,5.809835
165,6.682495
166,6.202631
167,10.755908
168,6.175120
169,5.615772
170,13.071209
171,5.814900
172,11.511435
173,7.355327
174,8.830300
175,5.797625
176,10.910627
177,5.043923
178,6.474435
179,11.469907
180,12.879628
181,7.885210
182,6.083535
183,8.014430
184,11.558135
185,7.021101
186,6.462483
187,6.037753
188,6.632567
189,6.266529
190,6.175403
191,17.500218
192,13.708146
193,6.031095
194,5.123328
195,8.584588
196,12.959236
197,5.186515
198,17.738258
199,5.735453
200,5.843602
201,6.701064
202,5.867740
203,5.867726
204,14.421542
205,13.698388
206,5.966755
207,13.209070
208,5.940887
209,6.144164
210,12.331477
211,17.203136
212,11.153101
213,8.855372
214,13.385798
215,6.612110
216,13.129809
217,13.065462
218,14.513021
219,7.018638
220,10.246559
221,12.900193
222,5.495406
223,6.324155
224,6.024160
225,18.514252
226,6.732830
227,9.118572
228,7.218487
229,5.287154
230,5.281221
231,6.642239
232,17.352134
233,15.166561
234,5.108457
235,7.094098
236,12.142225
237,18.515641
238,25.888194
239,15.888903
240,12.064488
241,6.902570
242,5.596677
243,7.065369
244,19.380739
245,6.664589
246,7.356084
247,5.709150
248,12.871347
249,16.936501
250,5.825663
251,7.051890
252,7.662571
253,6.366370
254,5.509978
255,12.579410
256,6.726891
257,18.645725
258,6.349809
259,17.984406
260,7.073187
261,17.911396
262,17.994839
263,6.588520
264,13.935811
265,6.002945
266,15.417527
267,5.052721
268,6.584462
269,6.146976
270,6.716904
271,9.803077
272,12.121725
273,18.526828
274,5.433466
275,6.304501
276,21.705076
277,12.446078
278,8.132856
279,7.659761
280,6.966839
281,5.486253
282,18.256982
283,17.234447
284,8.157210
285,6.853771
286,11.942977
287,5.414023
288,13.734500
289,17.487337
290,12.157223
291,25.234758
292,26.903507
293,5.718594
294,6.375768
295,8.613431
296,12.643542
297,5.084391
298,6.941529
299,7.408943
300,10.555086
301,19.524271
302,5.292790
303,12.059557
304,14.884702
305,33.110020
306,10.628434
307,6.567428
308,27.553739
309,21.616677
310,11.400171
311,12.478471
312,5.146273
313,12.217545
314,12.594287
315,6.134942
316,5.244909
317,15.978037
318,14.431902
319,13.676190
320,17.446786
321,23.211648
322,8.723493
323,12.848780
324,11.218337
325,27.229213
326,5.138515
327,5.137574
328,12.033222
329,11.733255
330,16.910447
331,14.162460
332,14.183385
333,5.902150
334,6.127317
335,8.169528
336,7.691621
337,9.834913
338,5.319741
339,6.864736
340,19.048964
341,11.905646
342,5.925283
343,6.829996
344,5.201263
345,5.115940
346,6.674292
347,7.981932
348,5.805753
349,21.724708
350,5.896472
351,5.016989
352,6.545710
353,6.292329
354,6.996164
355,5.633082
356,7.390877
357,7.136410
358,5.884652
359,15.239763
360,11.492390
361,23.507901
362,13.381273
363,6.505255
364,5.900499
365,30.233600
366,5.756385
367,12.769461
368,6.394126
369,7.466838
370,13.525578
371,12.512628
372,6.855767
373,13.092016
374,7.255366
375,6.977036
376,6.656989
377,6.755347
378,12.235369
379,7.305668
380,6.046620
381,14.734436
382,7.278063
383,6.257745
384,11.952787
385,13.316913
386,7.601258
387,6.576162
388,5.058486
389,11.547183
390,5.380937
391,6.167238
392,17.957199
393,19.754220
394,15.419806
395,13.012741
396,7.037024
397,6.120365
398,5.348843
399,6.422380
400,6.089542
401,6.553812
402,15.664999
403,6.424477
404,14.899183
405,14.488702
406,6.340806
407,18.702793
408,6.367817
409,5.464610
410,6.877997
411,6.389057
412,5.285075
413,6.967276
414,13.126197
415,7.334416
416,6.291416
417,6.300906
418,13.955102
419,16.007663
420,5.792043
421,5.151644
422,11.928789
423,17.938180
424,27.492677
425,18.236923
426,6.254002
427,21.537584
428,5.436477
429,6.067415
430,4.893767
431,6.378733
432,13.287708
433,13.502269
434,8.941423
435,11.531681
436,30.833472
437,5.501886
438,11.471312
439,11.086115
440,12.657159
441,13.602378
442,6.396247
443,12.835339
444,7.109590
445,11.676758
446,6.628835
447,7.414050
448,19.876756
449,5.678662
450,7.763616
451,26.239146
452,6.963952
453,12.035280
454,7.082130
455,13.880421
456,11.143446
457,16.964507
458,6.583902
459,7.301511
460,6.760655
461,10.345909
462,12.585312
463,21.228391
464,13.684971
465,6.721834
466,5.938617
467,11.682957
468,16.274425
469,15.614724
470,12.773328
471,5.528064
472,14.220990
473,17.518554
474,6.130064
475,18.861576
476,6.803758
477,6.309133
478,7.531259
479,10.108345
480,13.092777
481,7.960937
482,5.778022
483,13.773435
484,7.048256
485,6.036110
486,15.196200
487,7.039392
488,13.607346
489,5.891815
490,12.309291
491,7.364984
492,10.856020
493,12.490838
494,5.193648
495,13.672651
496,10.973226
497,5.346415
498,7.519606
499,11.958352
500,6.647545
501,25.507050
502,13.806443
503,21.911104
504,7.698973
505,6.392140
506,21.446369
507,6.359988
508,8.533430
509,6.738016
510,7.523199
511,16.405825
512,7.457609
513,34.459388
514,11.516133
515,6.633412
516,12.545508
517,12.396734
518,12.076995
519,12.786927
520,6.862998
521,7.157053
522,12.001064
523,10.781299
524,6.536143
525,6.910650
526,18.283779
527,7.046733
528,6.543031
529,5.763988
530,6.303235
531,6.132729
532,5.982953
533,16.208369
534,5.337644
535,12.045117
536,15.821998
537,5.113961
538,17.112645
539,16.591972
540,6.856054
541,7.431736
542,11.505309
543,6.978536
544,12.263652
545,16.771104
546,7.056464
547,73.699962
548,10.576183
549,18.765950
550,9.642439
551,12.473915
552,6.463829
553,19.324671
554,16.989609
555,14.465421
556,5.645340
557,8.204826
558,11.470929
559,50.274523
560,9.798542
561,6.902082
562,13.662783
563,6.889349
564,5.648676
565,14.169439
566,5.398269
567,14.224176
568,6.620843
569,5.026000
570,7.495115
571,17.209690
572,6.115644
573,14.751307
574,6.961265
575,7.775317
576,6.419777
577,17.584608
578,6.231921
579,9.078202
580,6.960498
581,5.069629
582,4.812206
583,20.940054
584,6.786530
585,15.062419
586,5.392245
587,5.940359
588,8.199014
589,5.785962
590,12.908757
591,6.549076
592,5.204576
593,6.303964
594,6.388274
595,5.131284
596,18.038041
597,13.073999
598,8.752934
599,5.926846
600,9.257008
601,6.336748
602,12.484056
603,6.112379
604,10.545617
605,5.895393
606,6.214600
607,26.395717
608,6.696458
609,16.277543
610,18.627793
611,6.010545
612,12.786441
613,9.253475
614,6.976675
615,7.203119
616,14.272965
617,7.216605
618,15.810414
619,13.709211
620,7.542330
621,17.436772
622,5.178701
623,13.169541
624,5.796552
625,28.801757
626,5.799140
627,7.260739
628,5.657703
629,13.213410
630,5.193533
631,5.736285
632,19.549281
633,11.913009
634,13.600953
635,5.748840
636,6.786711
637,10.560286
638,10.404996
639,6.238359
640,21.071036
641,7.529589
642,6.706367
643,6.947725
644,13.718841
645,15.255953
646,6.248681
647,12.010367
648,11.305561
649,6.478847
650,11.711566
651,5.992309
652,14.026404
653,6.603645
654,13.326405
655,7.802695
656,5.115854
657,6.213674
658,6.944798
659,6.039657
660,5.749746
661,19.064772
662,6.382069
663,6.547990
664,11.303813
665,7.977271
666,6.468229
667,5.025828
668,13.955644
669,12.099026
670,10.588467
671,7.581949
672,8.643548
673,12.354959
674,5.531018
675,11.762420
676,6.457353
677,6.993465
678,7.166209
679,7.887051
680,7.793343
681,12.834031
682,14.055898
683,12.264170
684,9.459096
685,5.856796
686,5.849492
687,13.853446
688,14.920846
689,20.653132
690,7.031907
691,6.878945
692,5.787845
693,6.297165
694,12.579300
695,18.751528
696,6.823532
697,6.137757
698,13.642795
699,7.199011
700,37.241108
701,13.945811
702,5.357901
703,4.882416
704,15.624677
705,8.837244
706,7.830355
707,12.566960
708,9.721585
709,7.039244
710,14.898841
711,6.848089
712,6.218894
713,18.896213
714,6.481723
715,35.608221
716,6.313249
717,5.689903
718,14.714425
719,6.078098
720,18.501211
721,10.497122
722,7.485459
723,5.976199
724,15.228429
725,6.731161
726,6.588338
727,8.387251
728,20.612361
729,6.607215
730,12.323753
731,5.067914
732,6.069469
733,5.921777
734,13.005744
735,17.163364
736,12.849776
737,7.215590
738,7.243458
739,5.306649
740,16.211977
741,5.441600
742,5.956651
743,32.940751
744,5.622373
745,14.819134
746,13.725087
747,5.232370
748,13.812772
749,5.989138
750,33.357182
751,10.312636
752,6.974027
753,12.873546
754,16.430681
755,40.506390
756,6.022298
757,7.487879
758,7.996104
759,5.364364
760,6.388846
761,6.254497
762,4.977773
763,6.229520
764,14.431551
765,16.008367
766,13.704680
767,15.102597
768,13.434772
769,20.489358
770,6.126252
771,13.927584
772,9.316802
773,18.288516
774,6.459894
775,7.809931
776,6.128237
777,7.800508
778,5.441884
779,5.863697
780,17.981551
781,6.279350
782,5.751704
783,6.491039
784,18.424344
785,12.346468
786,6.445387
787,8.022816
788,15.930899
789,8.145373
790,6.896873
791,27.174105
792,6.202593
793,6.528968
794,6.089073
795,28.070429
796,7.751944
797,6.455906
798,6.012603
799,8.851788
800,7.575161
801,14.759195
802,12.600749
803,12.942991
804,5.525772
805,41.086698
806,7.598045
807,6.389365
808,6.121969
809,6.339763
810,7.848704
811,5.187496
812,14.999530
813,6.565075
814,13.378475
815,6.999380
816,8.139987
817,6.382504
818,5.155163
819,11.239172
820,7.020807
821,11.722649
822,6.956806
823,49.278699
824,6.055440
825,5.425869
826,6.045040
827,13.504805
828,6.780814
829,7.296778
830,6.910094
831,19.475699
832,5.712065
833,5.052492
834,10.221922
835,6.667038
836,6.187561
837,9.107707
838,5.202115
839,5.529799
840,6.676121
841,6.766408
842,6.142586
843,18.767407
844,6.320050
845,10.794511
846,6.172950
847,5.484023
848,5.826421
849,15.867857
850,11.767666
851,6.448783
852,14.873391
853,6.138390
854,17.994360
855,27.245862
856,17.457708
857,13.414243
858,6.426736
859,27.667653
860,17.158723
861,5.122240
862,7.139892
863,6.111885
864,14.679142
865,6.679338
866,14.408372
867,10.928533
868,7.789777
869,6.360078
870,6.531340
871,7.270950
872,11.977579
873,15.255058
874,12.545676
875,13.322335
876,17.709633
877,14.421507
878,11.939835
879,7.189680
880,7.804486
881,5.401662
882,24.330374
883,14.171684
884,14.507257
885,23.605378
886,17.752733
887,21.934275
888,14.167229
889,5.869926
890,6.455871
891,6.506151
892,17.454596
893,16.668241
894,6.809307
895,12.824948
896,13.348728
897,7.270080
898,22.424346
899,6.511832
900,10.017102
901,12.354976
902,6.803954
903,6.595720
904,15.925670
905,6.809599
906,12.288281
907,5.112816
908,11.986569
909,18.770474
910,7.739234
911,6.098612
912,13.925173
913,6.972280
914,7.063187
915,11.691528
916,6.976734
917,6.023903
918,10.474912
919,7.359310
920,11.556516
921,5.002297
922,7.289482
923,6.641348
924,15.920723
925,5.336837
926,6.176771
927,6.380612
928,5.458707
929,12.753576
930,11.971074
931,12.710586
932,13.490088
933,10.805182
934,13.639117
935,6.299162
936,11.873707
937,6.074986
938,13.401362
939,12.776130
940,19.760806
941,27.736581
942,6.894860
943,6.062023
944,13.411238
945,6.715041
946,13.413416
947,8.356168
948,11.201374
949,7.813497
950,5.902962
951,5.855360
952,6.449585
953,13.979633
954,7.366260
955,11.342722
956,9.362163
957,6.791062
958,12.519568
959,6.511001
960,6.896259
961,13.440799
962,18.490382
963,12.050836
964,17.781130
965,5.096961
966,20.499011
967,12.499680
968,21.911306
969,5.848947
970,5.836431
971,15.167699
972,5.332371
973,12.374118
974,10.443027
975,6.385612
976,6.482322
977,15.337859
978,8.016569
979,6.505248
980,15.581724
981,7.145622
982,7.165337
983,13.922859
984,21.339677
985,12.150467
986,14.290696
987,8.464724
988,14.596374
989,11.909084
990,6.439444
991,12.548657
992,6.381654
993,14.428829
994,12.684071
995,6.580873
996,7.226737
997,13.155235
998,12.672840
999,11.203940
1000,5.177732
1001,12.546440
1002,12.373483
1003,10.339087
1004,6.451555
