standEta_V_abscissa,standEta_V_cdf,standEta_Cl_abscissa,standEta_Cl_cdf,split
-4,0,-4,0,All
-2.7541,0.000999001,-2.55907,0.000999001,All
-2.31747,0.001998,-2.33997,0.001998,All
-2.30589,0.002997,-2.3135,0.002997,All
-2.28327,0.003996,-2.28865,0.003996,All
-2.07659,0.004995,-2.1028,0.004995,All
-1.95641,0.00599401,-2.00654,0.00599401,All
-1.94889,0.00699301,-1.8153,0.00699301,All
-1.88126,0.00799201,-1.79234,0.00799201,All
-1.86074,0.00899101,-1.77367,0.00899101,All
-1.83174,0.00999001,-1.69982,0.00999001,All
-1.78843,0.010989,-1.66682,0.010989,All
-1.75958,0.011988,-1.60588,0.011988,All
-1.71301,0.012987,-1.57963,0.012987,All
-1.70927,0.013986,-1.55668,0.013986,All
-1.66837,0.014985,-1.5442,0.014985,All
-1.64658,0.015984,-1.48982,0.015984,All
-1.63687,0.016983,-1.40132,0.016983,All
-1.56833,0.017982,-1.38129,0.017982,All
-1.5489,0.018981,-1.38055,0.018981,All
-1.54467,0.01998,-1.37295,0.01998,All
-1.53737,0.020979,-1.35232,0.020979,All
-1.51499,0.021978,-1.3455,0.021978,All
-1.49056,0.022977,-1.34218,0.022977,All
-1.43084,0.023976,-1.31251,0.023976,All
-1.41782,0.024975,-1.29838,0.024975,All
-1.41454,0.025974,-1.2765,0.025974,All
-1.36429,0.026973,-1.27047,0.026973,All
-1.35363,0.027972,-1.26284,0.027972,All
-1.34376,0.028971,-1.26108,0.028971,All
-1.34235,0.02997,-1.25842,0.02997,All
-1.32663,0.030969,-1.22382,0.030969,All
-1.32428,0.031968,-1.16661,0.031968,All
-1.32056,0.032967,-1.15225,0.032967,All
-1.29965,0.033966,-1.13786,0.033966,All
-1.29177,0.034965,-1.1271,0.034965,All
-1.28477,0.035964,-1.12669,0.035964,All
-1.26297,0.036963,-1.11482,0.036963,All
-1.25812,0.037962,-1.09464,0.037962,All
-1.25647,0.038961,-1.02683,0.038961,All
-1.25218,0.03996,-1.02646,0.03996,All
-1.24877,0.040959,-1.02555,0.040959,All
-1.22594,0.041958,-0.985714,0.041958,All
-1.22263,0.042957,-0.976466,0.042957,All
-1.22177,0.043956,-0.975582,0.043956,All
-1.21061,0.044955,-0.972182,0.044955,All
-1.19538,0.045954,-0.970676,0.045954,All
-1.1928,0.046953,-0.969487,0.046953,All
-1.18546,0.047952,-0.966236,0.047952,All
-1.17821,0.048951,-0.964168,0.048951,All
-1.163,0.04995,-0.960237,0.04995,All
-1.15301,0.0509491,-0.951379,0.0509491,All
-1.14833,0.0519481,-0.941334,0.0519481,All
-1.14784,0.0529471,-0.933234,0.0529471,All
-1.14639,0.0539461,-0.93004,0.0539461,All
-1.1448,0.0549451,-0.9296,0.0549451,All
-1.14436,0.0559441,-0.924699,0.0559441,All
-1.14139,0.0569431,-0.91925,0.0569431,All
-1.13874,0.0579421,-0.905537,0.0579421,All
-1.13183,0.0589411,-0.895156,0.0589411,All
-1.12937,0.0599401,-0.879485,0.0599401,All
-1.12787,0.0609391,-0.877397,0.0609391,All
-1.12449,0.0619381,-0.83965,0.0619381,All
-1.12269,0.0629371,-0.83235,0.0629371,All
-1.11607,0.0639361,-0.832306,0.0639361,All
-1.0864,0.0649351,-0.830221,0.0649351,All
-1.07184,0.0659341,-0.829722,0.0659341,All
-1.06959,0.0669331,-0.827504,0.0669331,All
-1.05717,0.0679321,-0.816172,0.0679321,All
-1.05591,0.0689311,-0.80873,0.0689311,All
-1.04612,0.0699301,-0.793526,0.0699301,All
-1.04263,0.0709291,-0.780881,0.0709291,All
-1.03064,0.0719281,-0.775202,0.0719281,All
-1.02191,0.0729271,-0.774864,0.0729271,All
-1.01951,0.0739261,-0.772139,0.0739261,All
-1.0138,0.0749251,-0.745393,0.0749251,All
-1.01081,0.0759241,-0.736725,0.0759241,All
-1.00692,0.0769231,-0.728082,0.0769231,All
-1.00471,0.0779221,-0.718794,0.0779221,All
-1.00243,0.0789211,-0.716881,0.0789211,All
-0.996197,0.0799201,-0.709087,0.0799201,All
-0.992127,0.0809191,-0.708376,0.0809191,All
-0.980024,0.0819181,-0.704111,0.0819181,All
-0.975556,0.0829171,-0.702706,0.0829171,All
-0.969871,0.0839161,-0.697854,0.0839161,All
-0.967011,0.0849151,-0.694581,0.0849151,All
-0.966871,0.0859141,-0.694394,0.0859141,All
-0.956032,0.0869131,-0.694139,0.0869131,All
-0.955675,0.0879121,-0.694078,0.0879121,All
-0.944592,0.0889111,-0.690637,0.0889111,All
-0.939193,0.0899101,-0.688772,0.0899101,All
-0.936837,0.0909091,-0.681903,0.0909091,All
-0.932435,0.0919081,-0.680417,0.0919081,All
-0.919527,0.0929071,-0.676234,0.0929071,All
-0.913628,0.0939061,-0.673459,0.0939061,All
-0.912445,0.0949051,-0.670171,0.0949051,All
-0.910164,0.0959041,-0.669979,0.0959041,All
-0.893847,0.0969031,-0.662263,0.0969031,All
-0.887208,0.0979021,-0.654957,0.0979021,All
-0.885068,0.0989011,-0.654935,0.0989011,All
-0.874694,0.0999001,-0.652201,0.0999001,All
-0.865198,0.100899,-0.649925,0.100899,All
-0.862384,0.101898,-0.639824,0.101898,All
-0.862044,0.102897,-0.638959,0.102897,All
-0.84799,0.103896,-0.637095,0.103896,All
-0.840393,0.104895,-0.630016,0.104895,All
-0.839995,0.105894,-0.626987,0.105894,All
-0.837807,0.106893,-0.616583,0.106893,All
-0.835984,0.107892,-0.614578,0.107892,All
-0.835134,0.108891,-0.613694,0.108891,All
-0.833074,0.10989,-0.609535,0.10989,All
-0.824743,0.110889,-0.608834,0.110889,All
-0.812803,0.111888,-0.595056,0.111888,All
-0.808623,0.112887,-0.593421,0.112887,All
-0.807848,0.113886,-0.591379,0.113886,All
-0.806466,0.114885,-0.587107,0.114885,All
-0.802362,0.115884,-0.58659,0.115884,All
-0.801799,0.116883,-0.578047,0.116883,All
-0.798039,0.117882,-0.577514,0.117882,All
-0.796286,0.118881,-0.57023,0.118881,All
-0.795048,0.11988,-0.566484,0.11988,All
-0.767259,0.120879,-0.560287,0.120879,All
-0.765314,0.121878,-0.555786,0.121878,All
-0.764355,0.122877,-0.554045,0.122877,All
-0.757469,0.123876,-0.55385,0.123876,All
-0.755688,0.124875,-0.551695,0.124875,All
-0.739244,0.125874,-0.551129,0.125874,All
-0.737507,0.126873,-0.544075,0.126873,All
-0.735341,0.127872,-0.543959,0.127872,All
-0.732539,0.128871,-0.535026,0.128871,All
-0.727551,0.12987,-0.532582,0.12987,All
-0.725303,0.130869,-0.532388,0.130869,All
-0.70884,0.131868,-0.529692,0.131868,All
-0.706918,0.132867,-0.528559,0.132867,All
-0.704339,0.133866,-0.523905,0.133866,All
-0.700704,0.134865,-0.521113,0.134865,All
-0.690574,0.135864,-0.51768,0.135864,All
-0.689984,0.136863,-0.513086,0.136863,All
-0.689243,0.137862,-0.509479,0.137862,All
-0.687806,0.138861,-0.508388,0.138861,All
-0.686986,0.13986,-0.495541,0.13986,All
-0.680245,0.140859,-0.495232,0.140859,All
-0.678693,0.141858,-0.494075,0.141858,All
-0.677976,0.142857,-0.493971,0.142857,All
-0.677142,0.143856,-0.493642,0.143856,All
-0.676839,0.144855,-0.493052,0.144855,All
-0.676144,0.145854,-0.492541,0.145854,All
-0.674914,0.146853,-0.489694,0.146853,All
-0.674093,0.147852,-0.489427,0.147852,All
-0.663332,0.148851,-0.487326,0.148851,All
-0.661635,0.14985,-0.484232,0.14985,All
-0.66006,0.150849,-0.480625,0.150849,All
-0.6565,0.151848,-0.478707,0.151848,All
-0.655362,0.152847,-0.473874,0.152847,All
-0.651618,0.153846,-0.473694,0.153846,All
-0.643993,0.154845,-0.472301,0.154845,All
-0.639414,0.155844,-0.470519,0.155844,All
-0.6385,0.156843,-0.467835,0.156843,All
-0.637028,0.157842,-0.466132,0.157842,All
-0.636861,0.158841,-0.458897,0.158841,All
-0.634005,0.15984,-0.454727,0.15984,All
-0.631466,0.160839,-0.450195,0.160839,All
-0.629859,0.161838,-0.449227,0.161838,All
-0.629328,0.162837,-0.445566,0.162837,All
-0.622712,0.163836,-0.445222,0.163836,All
-0.622401,0.164835,-0.440358,0.164835,All
-0.61882,0.165834,-0.438674,0.165834,All
-0.616704,0.166833,-0.438565,0.166833,All
-0.613544,0.167832,-0.437156,0.167832,All
-0.612269,0.168831,-0.43169,0.168831,All
-0.612263,0.16983,-0.429809,0.16983,All
-0.604705,0.170829,-0.420754,0.170829,All
-0.602882,0.171828,-0.418432,0.171828,All
-0.601439,0.172827,-0.417216,0.172827,All
-0.597294,0.173826,-0.416654,0.173826,All
-0.596651,0.174825,-0.416012,0.174825,All
-0.595152,0.175824,-0.411245,0.175824,All
-0.593888,0.176823,-0.410721,0.176823,All
-0.59199,0.177822,-0.407031,0.177822,All
-0.589017,0.178821,-0.404577,0.178821,All
-0.58867,0.17982,-0.396895,0.17982,All
-0.587933,0.180819,-0.395007,0.180819,All
-0.584552,0.181818,-0.394675,0.181818,All
-0.58424,0.182817,-0.389881,0.182817,All
-0.579471,0.183816,-0.387641,0.183816,All
-0.573889,0.184815,-0.385648,0.184815,All
-0.566643,0.185814,-0.384506,0.185814,All
-0.566587,0.186813,-0.383413,0.186813,All
-0.566036,0.187812,-0.372681,0.187812,All
-0.565675,0.188811,-0.370991,0.188811,All
-0.564955,0.18981,-0.36911,0.18981,All
-0.562608,0.190809,-0.365575,0.190809,All
-0.561758,0.191808,-0.36215,0.191808,All
-0.560993,0.192807,-0.358036,0.192807,All
-0.559438,0.193806,-0.355568,0.193806,All
-0.559028,0.194805,-0.355521,0.194805,All
-0.55612,0.195804,-0.353753,0.195804,All
-0.555605,0.196803,-0.352588,0.196803,All
-0.555597,0.197802,-0.352161,0.197802,All
-0.555543,0.198801,-0.349816,0.198801,All
-0.55284,0.1998,-0.34941,0.1998,All
-0.552422,0.200799,-0.34745,0.200799,All
-0.549733,0.201798,-0.346076,0.201798,All
-0.548973,0.202797,-0.343358,0.202797,All
-0.546211,0.203796,-0.34066,0.203796,All
-0.545025,0.204795,-0.333596,0.204795,All
-0.539429,0.205794,-0.333279,0.205794,All
-0.537427,0.206793,-0.331852,0.206793,All
-0.536823,0.207792,-0.329693,0.207792,All
-0.532179,0.208791,-0.32404,0.208791,All
-0.527991,0.20979,-0.321978,0.20979,All
-0.527623,0.210789,-0.320965,0.210789,All
-0.526772,0.211788,-0.320946,0.211788,All
-0.526105,0.212787,-0.31976,0.212787,All
-0.523575,0.213786,-0.319636,0.213786,All
-0.5205,0.214785,-0.319447,0.214785,All
-0.51849,0.215784,-0.318839,0.215784,All
-0.512733,0.216783,-0.317011,0.216783,All
-0.512688,0.217782,-0.315051,0.217782,All
-0.508801,0.218781,-0.314385,0.218781,All
-0.503871,0.21978,-0.308284,0.21978,All
-0.503719,0.220779,-0.306158,0.220779,All
-0.501783,0.221778,-0.305452,0.221778,All
-0.500847,0.222777,-0.304771,0.222777,All
-0.500102,0.223776,-0.301286,0.223776,All
-0.499201,0.224775,-0.300223,0.224775,All
-0.497681,0.225774,-0.298379,0.225774,All
-0.495475,0.226773,-0.291862,0.226773,All
-0.494516,0.227772,-0.291303,0.227772,All
-0.49434,0.228771,-0.288524,0.228771,All
-0.493108,0.22977,-0.286415,0.22977,All
-0.490725,0.230769,-0.285851,0.230769,All
-0.477258,0.231768,-0.285139,0.231768,All
-0.476807,0.232767,-0.282934,0.232767,All
-0.473181,0.233766,-0.280702,0.233766,All
-0.467433,0.234765,-0.277224,0.234765,All
-0.459932,0.235764,-0.266646,0.235764,All
-0.457466,0.236763,-0.264599,0.236763,All
-0.456599,0.237762,-0.264321,0.237762,All
-0.453645,0.238761,-0.262416,0.238761,All
-0.453211,0.23976,-0.261539,0.23976,All
-0.452138,0.240759,-0.259665,0.240759,All
-0.449952,0.241758,-0.257733,0.241758,All
-0.445981,0.242757,-0.256262,0.242757,All
-0.444505,0.243756,-0.256209,0.243756,All
-0.442588,0.244755,-0.253551,0.244755,All
-0.439371,0.245754,-0.252544,0.245754,All
-0.437552,0.246753,-0.252054,0.246753,All
-0.436151,0.247752,-0.251443,0.247752,All
-0.436066,0.248751,-0.249044,0.248751,All
-0.435886,0.24975,-0.248422,0.24975,All
-0.430545,0.250749,-0.247775,0.250749,All
-0.428651,0.251748,-0.247576,0.251748,All
-0.427401,0.252747,-0.244789,0.252747,All
-0.426469,0.253746,-0.244666,0.253746,All
-0.425888,0.254745,-0.241974,0.254745,All
-0.422764,0.255744,-0.240016,0.255744,All
-0.419577,0.256743,-0.2374,0.256743,All
-0.41758,0.257742,-0.236719,0.257742,All
-0.416845,0.258741,-0.234623,0.258741,All
-0.416463,0.25974,-0.23021,0.25974,All
-0.414817,0.260739,-0.227039,0.260739,All
-0.413574,0.261738,-0.224672,0.261738,All
-0.413503,0.262737,-0.222759,0.262737,All
-0.412089,0.263736,-0.22219,0.263736,All
-0.410284,0.264735,-0.217689,0.264735,All
-0.408904,0.265734,-0.213878,0.265734,All
-0.407981,0.266733,-0.208713,0.266733,All
-0.407136,0.267732,-0.208113,0.267732,All
-0.401689,0.268731,-0.207331,0.268731,All
-0.40066,0.26973,-0.206568,0.26973,All
-0.400149,0.270729,-0.206298,0.270729,All
-0.399876,0.271728,-0.203162,0.271728,All
-0.388858,0.272727,-0.201012,0.272727,All
-0.388674,0.273726,-0.198644,0.273726,All
-0.388143,0.274725,-0.193597,0.274725,All
-0.386705,0.275724,-0.192794,0.275724,All
-0.384311,0.276723,-0.191455,0.276723,All
-0.383713,0.277722,-0.187937,0.277722,All
-0.380841,0.278721,-0.184508,0.278721,All
-0.380077,0.27972,-0.1804,0.27972,All
-0.378273,0.280719,-0.180255,0.280719,All
-0.374352,0.281718,-0.179385,0.281718,All
-0.371255,0.282717,-0.17405,0.282717,All
-0.368986,0.283716,-0.173326,0.283716,All
-0.368918,0.284715,-0.172942,0.284715,All
-0.367899,0.285714,-0.170363,0.285714,All
-0.366815,0.286713,-0.170259,0.286713,All
-0.353105,0.287712,-0.163989,0.287712,All
-0.352864,0.288711,-0.163745,0.288711,All
-0.352166,0.28971,-0.161624,0.28971,All
-0.351245,0.290709,-0.1616,0.290709,All
-0.350829,0.291708,-0.161483,0.291708,All
-0.350634,0.292707,-0.161372,0.292707,All
-0.350117,0.293706,-0.159265,0.293706,All
-0.349258,0.294705,-0.15897,0.294705,All
-0.348696,0.295704,-0.158858,0.295704,All
-0.347108,0.296703,-0.158637,0.296703,All
-0.345672,0.297702,-0.157636,0.297702,All
-0.342147,0.298701,-0.152772,0.298701,All
-0.341493,0.2997,-0.150906,0.2997,All
-0.339501,0.300699,-0.146591,0.300699,All
-0.336693,0.301698,-0.144229,0.301698,All
-0.336083,0.302697,-0.132763,0.302697,All
-0.335311,0.303696,-0.131999,0.303696,All
-0.330839,0.304695,-0.130983,0.304695,All
-0.329889,0.305694,-0.13019,0.305694,All
-0.327563,0.306693,-0.130128,0.306693,All
-0.326484,0.307692,-0.123809,0.307692,All
-0.324084,0.308691,-0.122348,0.308691,All
-0.32357,0.30969,-0.117264,0.30969,All
-0.322262,0.310689,-0.114467,0.310689,All
-0.321036,0.311688,-0.114013,0.311688,All
-0.314527,0.312687,-0.107627,0.312687,All
-0.311641,0.313686,-0.103233,0.313686,All
-0.309861,0.314685,-0.103178,0.314685,All
-0.309196,0.315684,-0.101807,0.315684,All
-0.308825,0.316683,-0.0989687,0.316683,All
-0.306922,0.317682,-0.0984339,0.317682,All
-0.306668,0.318681,-0.0948729,0.318681,All
-0.301145,0.31968,-0.0946467,0.31968,All
-0.296542,0.320679,-0.0838977,0.320679,All
-0.296524,0.321678,-0.08367,0.321678,All
-0.29177,0.322677,-0.0822516,0.322677,All
-0.291483,0.323676,-0.0799949,0.323676,All
-0.291,0.324675,-0.0767164,0.324675,All
-0.290006,0.325674,-0.0755946,0.325674,All
-0.289443,0.326673,-0.0754613,0.326673,All
-0.284036,0.327672,-0.0740016,0.327672,All
-0.282146,0.328671,-0.0731278,0.328671,All
-0.281273,0.32967,-0.0726027,0.32967,All
-0.281027,0.330669,-0.0645326,0.330669,All
-0.27818,0.331668,-0.0633156,0.331668,All
-0.27774,0.332667,-0.0628933,0.332667,All
-0.277703,0.333666,-0.0627641,0.333666,All
-0.276274,0.334665,-0.0626753,0.334665,All
-0.274896,0.335664,-0.0606008,0.335664,All
-0.273268,0.336663,-0.0600893,0.336663,All
-0.273044,0.337662,-0.055556,0.337662,All
-0.272982,0.338661,-0.0522866,0.338661,All
-0.272934,0.33966,-0.0512113,0.33966,All
-0.271481,0.340659,-0.0511194,0.340659,All
-0.270994,0.341658,-0.0506878,0.341658,All
-0.270062,0.342657,-0.0501233,0.342657,All
-0.269808,0.343656,-0.0492693,0.343656,All
-0.268805,0.344655,-0.0477631,0.344655,All
-0.268778,0.345654,-0.0455423,0.345654,All
-0.26844,0.346653,-0.0424859,0.346653,All
-0.268419,0.347652,-0.0419445,0.347652,All
-0.267914,0.348651,-0.0390825,0.348651,All
-0.264996,0.34965,-0.0335219,0.34965,All
-0.264491,0.350649,-0.0320759,0.350649,All
-0.263866,0.351648,-0.031279,0.351648,All
-0.263508,0.352647,-0.0260815,0.352647,All
-0.25873,0.353646,-0.0238468,0.353646,All
-0.257804,0.354645,-0.0231168,0.354645,All
-0.257036,0.355644,-0.0216206,0.355644,All
-0.256324,0.356643,-0.0202386,0.356643,All
-0.255441,0.357642,-0.0197464,0.357642,All
-0.254668,0.358641,-0.019097,0.358641,All
-0.254078,0.35964,-0.0186749,0.35964,All
-0.252911,0.360639,-0.0150623,0.360639,All
-0.252142,0.361638,-0.014492,0.361638,All
-0.251486,0.362637,-0.0109905,0.362637,All
-0.250226,0.363636,-0.00761937,0.363636,All
-0.244804,0.364635,-0.00732986,0.364635,All
-0.242389,0.365634,-0.0069885,0.365634,All
-0.23853,0.366633,-0.00446168,0.366633,All
-0.234152,0.367632,-0.000827614,0.367632,All
-0.233709,0.368631,0.00421012,0.368631,All
-0.233326,0.36963,0.00500694,0.36963,All
-0.231441,0.370629,0.00584739,0.370629,All
-0.231357,0.371628,0.00894892,0.371628,All
-0.231167,0.372627,0.0127924,0.372627,All
-0.230419,0.373626,0.01286,0.373626,All
-0.228424,0.374625,0.0148739,0.374625,All
-0.225665,0.375624,0.0151672,0.375624,All
-0.224366,0.376623,0.0163721,0.376623,All
-0.224052,0.377622,0.0226674,0.377622,All
-0.222553,0.378621,0.0245778,0.378621,All
-0.222245,0.37962,0.0253964,0.37962,All
-0.221231,0.380619,0.0258206,0.380619,All
-0.220271,0.381618,0.0258778,0.381618,All
-0.219505,0.382617,0.0328775,0.382617,All
-0.218425,0.383616,0.0386204,0.383616,All
-0.217649,0.384615,0.0434729,0.384615,All
-0.216478,0.385614,0.0490706,0.385614,All
-0.21155,0.386613,0.053319,0.386613,All
-0.211248,0.387612,0.0561566,0.387612,All
-0.207412,0.388611,0.0564984,0.388611,All
-0.206282,0.38961,0.0578227,0.38961,All
-0.204086,0.390609,0.0582873,0.390609,All
-0.201177,0.391608,0.0598927,0.391608,All
-0.200815,0.392607,0.0621786,0.392607,All
-0.199758,0.393606,0.0635841,0.393606,All
-0.196897,0.394605,0.0640183,0.394605,All
-0.196859,0.395604,0.0655303,0.395604,All
-0.194734,0.396603,0.0662043,0.396603,All
-0.194657,0.397602,0.067017,0.397602,All
-0.194087,0.398601,0.0718408,0.398601,All
-0.193206,0.3996,0.0725522,0.3996,All
-0.191139,0.400599,0.073896,0.400599,All
-0.189456,0.401598,0.0771848,0.401598,All
-0.189274,0.402597,0.0828178,0.402597,All
-0.188275,0.403596,0.0832224,0.403596,All
-0.188238,0.404595,0.0847227,0.404595,All
-0.186836,0.405594,0.0850582,0.405594,All
-0.185144,0.406593,0.0899247,0.406593,All
-0.183866,0.407592,0.093248,0.407592,All
-0.183128,0.408591,0.0935615,0.408591,All
-0.18164,0.40959,0.0959634,0.40959,All
-0.181316,0.410589,0.0960743,0.410589,All
-0.180523,0.411588,0.0965772,0.411588,All
-0.178423,0.412587,0.100218,0.412587,All
-0.178418,0.413586,0.102689,0.413586,All
-0.177999,0.414585,0.103253,0.414585,All
-0.177023,0.415584,0.108591,0.415584,All
-0.176883,0.416583,0.10882,0.416583,All
-0.176354,0.417582,0.109118,0.417582,All
-0.173069,0.418581,0.110575,0.418581,All
-0.173042,0.41958,0.112655,0.41958,All
-0.172981,0.420579,0.114763,0.420579,All
-0.171753,0.421578,0.114979,0.421578,All
-0.170194,0.422577,0.115158,0.422577,All
-0.168709,0.423576,0.117677,0.423576,All
-0.167603,0.424575,0.11823,0.424575,All
-0.166732,0.425574,0.122272,0.425574,All
-0.166415,0.426573,0.122596,0.426573,All
-0.165443,0.427572,0.128102,0.427572,All
-0.164,0.428571,0.131235,0.428571,All
-0.163173,0.42957,0.132139,0.42957,All
-0.159694,0.430569,0.132215,0.430569,All
-0.159521,0.431568,0.132998,0.431568,All
-0.157694,0.432567,0.133401,0.432567,All
-0.153771,0.433566,0.135576,0.433566,All
-0.153389,0.434565,0.142776,0.434565,All
-0.15155,0.435564,0.146006,0.435564,All
-0.151127,0.436563,0.149907,0.436563,All
-0.149664,0.437562,0.152499,0.437562,All
-0.146249,0.438561,0.153134,0.438561,All
-0.14419,0.43956,0.156865,0.43956,All
-0.143931,0.440559,0.157269,0.440559,All
-0.142459,0.441558,0.158802,0.441558,All
-0.142185,0.442557,0.16186,0.442557,All
-0.139606,0.443556,0.162286,0.443556,All
-0.137201,0.444555,0.170624,0.444555,All
-0.136877,0.445554,0.172642,0.445554,All
-0.136518,0.446553,0.175377,0.446553,All
-0.136467,0.447552,0.177494,0.447552,All
-0.136273,0.448551,0.178461,0.448551,All
-0.135476,0.44955,0.178868,0.44955,All
-0.135243,0.450549,0.179104,0.450549,All
-0.135001,0.451548,0.184171,0.451548,All
-0.134767,0.452547,0.184901,0.452547,All
-0.134421,0.453546,0.18696,0.453546,All
-0.133754,0.454545,0.1885,0.454545,All
-0.133524,0.455544,0.189704,0.455544,All
-0.131577,0.456543,0.190657,0.456543,All
-0.131472,0.457542,0.19136,0.457542,All
-0.131224,0.458541,0.191472,0.458541,All
-0.130972,0.45954,0.192308,0.45954,All
-0.130161,0.460539,0.196958,0.460539,All
-0.12987,0.461538,0.198517,0.461538,All
-0.129804,0.462537,0.198857,0.462537,All
-0.129443,0.463536,0.199117,0.463536,All
-0.12857,0.464535,0.201153,0.464535,All
-0.126606,0.465534,0.201362,0.465534,All
-0.126468,0.466533,0.202804,0.466533,All
-0.125872,0.467532,0.20668,0.467532,All
-0.125788,0.468531,0.20776,0.468531,All
-0.125718,0.46953,0.208442,0.46953,All
-0.125043,0.470529,0.208851,0.470529,All
-0.123933,0.471528,0.209761,0.471528,All
-0.11978,0.472527,0.211492,0.472527,All
-0.117678,0.473526,0.21339,0.473526,All
-0.117328,0.474525,0.214422,0.474525,All
-0.115485,0.475524,0.214491,0.475524,All
-0.113556,0.476523,0.216432,0.476523,All
-0.110817,0.477522,0.2188,0.477522,All
-0.109975,0.478521,0.218892,0.478521,All
-0.10931,0.47952,0.221488,0.47952,All
-0.106965,0.480519,0.223392,0.480519,All
-0.10632,0.481518,0.226547,0.481518,All
-0.105984,0.482517,0.22731,0.482517,All
-0.104088,0.483516,0.227375,0.483516,All
-0.102517,0.484515,0.227991,0.484515,All
-0.102031,0.485514,0.229331,0.485514,All
-0.101942,0.486513,0.230426,0.486513,All
-0.101472,0.487512,0.233374,0.487512,All
-0.100981,0.488511,0.237124,0.488511,All
-0.100146,0.48951,0.237311,0.48951,All
-0.0972454,0.490509,0.238581,0.490509,All
-0.0940556,0.491508,0.239056,0.491508,All
-0.0917884,0.492507,0.239461,0.492507,All
-0.0894322,0.493506,0.240903,0.493506,All
-0.0892924,0.494505,0.242886,0.494505,All
-0.086833,0.495504,0.243021,0.495504,All
-0.0845843,0.496503,0.248561,0.496503,All
-0.0840028,0.497502,0.24944,0.497502,All
-0.0837327,0.498501,0.250977,0.498501,All
-0.0805431,0.4995,0.25105,0.4995,All
-0.0799438,0.5005,0.252813,0.5005,All
-0.0790797,0.501499,0.255479,0.501499,All
-0.0786208,0.502498,0.257115,0.502498,All
-0.077733,0.503497,0.25716,0.503497,All
-0.0772558,0.504496,0.258399,0.504496,All
-0.0755148,0.505495,0.259526,0.505495,All
-0.0747465,0.506494,0.259543,0.506494,All
-0.0729611,0.507493,0.260336,0.507493,All
-0.0722436,0.508492,0.260593,0.508492,All
-0.0720827,0.509491,0.263382,0.509491,All
-0.0714216,0.51049,0.264579,0.51049,All
-0.0705457,0.511489,0.267989,0.511489,All
-0.0678388,0.512488,0.27001,0.512488,All
-0.0676221,0.513487,0.270867,0.513487,All
-0.0673864,0.514486,0.277521,0.514486,All
-0.0673067,0.515485,0.279602,0.515485,All
-0.0660466,0.516484,0.28314,0.516484,All
-0.0651883,0.517483,0.283175,0.517483,All
-0.0636445,0.518482,0.283913,0.518482,All
-0.0626474,0.519481,0.286401,0.519481,All
-0.0621069,0.52048,0.289495,0.52048,All
-0.0621066,0.521479,0.291175,0.521479,All
-0.0620119,0.522478,0.291601,0.522478,All
-0.0615515,0.523477,0.291876,0.523477,All
-0.0609716,0.524476,0.292309,0.524476,All
-0.0589705,0.525475,0.29301,0.525475,All
-0.0572888,0.526474,0.294341,0.526474,All
-0.0570274,0.527473,0.294424,0.527473,All
-0.0563896,0.528472,0.295721,0.528472,All
-0.055675,0.529471,0.297641,0.529471,All
-0.0552888,0.53047,0.299944,0.53047,All
-0.0539063,0.531469,0.300378,0.531469,All
-0.052928,0.532468,0.300747,0.532468,All
-0.0523627,0.533467,0.301949,0.533467,All
-0.052307,0.534466,0.302675,0.534466,All
-0.0522679,0.535465,0.303681,0.535465,All
-0.051772,0.536464,0.305315,0.536464,All
-0.0516959,0.537463,0.306015,0.537463,All
-0.0505112,0.538462,0.307272,0.538462,All
-0.049343,0.539461,0.307365,0.539461,All
-0.0491775,0.54046,0.312187,0.54046,All
-0.0488796,0.541459,0.315545,0.541459,All
-0.048754,0.542458,0.316054,0.542458,All
-0.0484796,0.543457,0.316132,0.543457,All
-0.0479254,0.544456,0.317483,0.544456,All
-0.0457548,0.545455,0.317676,0.545455,All
-0.0431578,0.546454,0.319223,0.546454,All
-0.0428665,0.547453,0.327512,0.547453,All
-0.0423986,0.548452,0.329349,0.548452,All
-0.0417943,0.549451,0.329689,0.549451,All
-0.041082,0.55045,0.330485,0.55045,All
-0.0405516,0.551449,0.33474,0.551449,All
-0.0404866,0.552448,0.335627,0.552448,All
-0.0398797,0.553447,0.337959,0.553447,All
-0.0382113,0.554446,0.341106,0.554446,All
-0.0364615,0.555445,0.341744,0.555445,All
-0.0343237,0.556444,0.344506,0.556444,All
-0.0341647,0.557443,0.344882,0.557443,All
-0.0324993,0.558442,0.348625,0.558442,All
-0.0313527,0.559441,0.348887,0.559441,All
-0.0308676,0.56044,0.349336,0.56044,All
-0.0268627,0.561439,0.350015,0.561439,All
-0.0256312,0.562438,0.350053,0.562438,All
-0.0247918,0.563437,0.352083,0.563437,All
-0.0245319,0.564436,0.352539,0.564436,All
-0.0227525,0.565435,0.352941,0.565435,All
-0.0227348,0.566434,0.354837,0.566434,All
-0.0226007,0.567433,0.355474,0.567433,All
-0.0223073,0.568432,0.357219,0.568432,All
-0.0214951,0.569431,0.357223,0.569431,All
-0.0213681,0.57043,0.357511,0.57043,All
-0.0203129,0.571429,0.358201,0.571429,All
-0.018518,0.572428,0.359281,0.572428,All
-0.0178453,0.573427,0.359667,0.573427,All
-0.0173905,0.574426,0.362116,0.574426,All
-0.0167151,0.575425,0.365594,0.575425,All
-0.0154236,0.576424,0.3683,0.576424,All
-0.0153746,0.577423,0.370661,0.577423,All
-0.0151875,0.578422,0.372144,0.578422,All
-0.0147779,0.579421,0.37344,0.579421,All
-0.014688,0.58042,0.374034,0.58042,All
-0.0140872,0.581419,0.374891,0.581419,All
-0.0129305,0.582418,0.377055,0.582418,All
-0.0121741,0.583417,0.377087,0.583417,All
-0.0110758,0.584416,0.377391,0.584416,All
-0.00982279,0.585415,0.378019,0.585415,All
-0.00875815,0.586414,0.378142,0.586414,All
-0.00597389,0.587413,0.378232,0.587413,All
-0.00504109,0.588412,0.379634,0.588412,All
-0.00423157,0.589411,0.381695,0.589411,All
-0.00401077,0.59041,0.385305,0.59041,All
-0.00394305,0.591409,0.385839,0.591409,All
-0.00357454,0.592408,0.388524,0.592408,All
-0.00318901,0.593407,0.388565,0.593407,All
-0.00193646,0.594406,0.390871,0.594406,All
-0.00172855,0.595405,0.392317,0.595405,All
-0.00131656,0.596404,0.393968,0.596404,All
-0.00110383,0.597403,0.394994,0.597403,All
-0.000780283,0.598402,0.39661,0.598402,All
-0.000472419,0.599401,0.399705,0.599401,All
0.000522779,0.6004,0.401256,0.6004,All
0.000765474,0.601399,0.405007,0.601399,All
0.00234307,0.602398,0.407007,0.602398,All
0.00256406,0.603397,0.409192,0.603397,All
0.0049108,0.604396,0.409446,0.604396,All
0.00595809,0.605395,0.409727,0.605395,All
0.00606062,0.606394,0.415859,0.606394,All
0.00904137,0.607393,0.417298,0.607393,All
0.00977298,0.608392,0.419954,0.608392,All
0.0114992,0.609391,0.422647,0.609391,All
0.0119569,0.61039,0.423447,0.61039,All
0.0121823,0.611389,0.433688,0.611389,All
0.0131988,0.612388,0.434547,0.612388,All
0.0138185,0.613387,0.435361,0.613387,All
0.0151286,0.614386,0.435737,0.614386,All
0.0158596,0.615385,0.438543,0.615385,All
0.0160917,0.616384,0.439999,0.616384,All
0.0164551,0.617383,0.44095,0.617383,All
0.0164909,0.618382,0.442286,0.618382,All
0.0173593,0.619381,0.447111,0.619381,All
0.0175323,0.62038,0.447828,0.62038,All
0.018092,0.621379,0.447917,0.621379,All
0.0186713,0.622378,0.447961,0.622378,All
0.0206155,0.623377,0.448736,0.623377,All
0.020717,0.624376,0.449577,0.624376,All
0.0220519,0.625375,0.449944,0.625375,All
0.0242093,0.626374,0.454066,0.626374,All
0.0272211,0.627373,0.458188,0.627373,All
0.0278418,0.628372,0.458468,0.628372,All
0.0284083,0.629371,0.465719,0.629371,All
0.0293693,0.63037,0.467135,0.63037,All
0.0304079,0.631369,0.475768,0.631369,All
0.0307403,0.632368,0.477398,0.632368,All
0.0311095,0.633367,0.482029,0.633367,All
0.0325212,0.634366,0.482479,0.634366,All
0.0337604,0.635365,0.482915,0.635365,All
0.0339285,0.636364,0.485407,0.636364,All
0.0355562,0.637363,0.487678,0.637363,All
0.0356993,0.638362,0.489306,0.638362,All
0.035949,0.639361,0.492032,0.639361,All
0.036347,0.64036,0.497033,0.64036,All
0.0376559,0.641359,0.497736,0.641359,All
0.0392166,0.642358,0.499356,0.642358,All
0.0403159,0.643357,0.50049,0.643357,All
0.0417844,0.644356,0.501781,0.644356,All
0.0441961,0.645355,0.501889,0.645355,All
0.045643,0.646354,0.505221,0.646354,All
0.0460579,0.647353,0.507278,0.647353,All
0.0487988,0.648352,0.511525,0.648352,All
0.0500761,0.649351,0.515839,0.649351,All
0.0502984,0.65035,0.516914,0.65035,All
0.0521316,0.651349,0.519994,0.651349,All
0.0532858,0.652348,0.525661,0.652348,All
0.0547748,0.653347,0.527539,0.653347,All
0.0578911,0.654346,0.529758,0.654346,All
0.0579353,0.655345,0.533196,0.655345,All
0.0597215,0.656344,0.534998,0.656344,All
0.0614215,0.657343,0.535488,0.657343,All
0.0615075,0.658342,0.537016,0.658342,All
0.0635862,0.659341,0.54573,0.659341,All
0.0655082,0.66034,0.549772,0.66034,All
0.0657678,0.661339,0.554301,0.661339,All
0.067294,0.662338,0.554722,0.662338,All
0.0674383,0.663337,0.555643,0.663337,All
0.0697091,0.664336,0.558902,0.664336,All
0.0699779,0.665335,0.566527,0.665335,All
0.0720289,0.666334,0.569922,0.666334,All
0.0734865,0.667333,0.570266,0.667333,All
0.0748426,0.668332,0.575549,0.668332,All
0.0749324,0.669331,0.576629,0.669331,All
0.0774703,0.67033,0.577642,0.67033,All
0.0776313,0.671329,0.581245,0.671329,All
0.078639,0.672328,0.583704,0.672328,All
0.0786663,0.673327,0.58451,0.673327,All
0.0787699,0.674326,0.590104,0.674326,All
0.0790849,0.675325,0.591246,0.675325,All
0.0791025,0.676324,0.592691,0.676324,All
0.0806399,0.677323,0.601141,0.677323,All
0.0812491,0.678322,0.606767,0.678322,All
0.0818562,0.679321,0.609188,0.679321,All
0.082193,0.68032,0.610561,0.68032,All
0.0839129,0.681319,0.614399,0.681319,All
0.0844766,0.682318,0.617846,0.682318,All
0.0848611,0.683317,0.621968,0.683317,All
0.0857427,0.684316,0.623108,0.684316,All
0.0858191,0.685315,0.62437,0.685315,All
0.0875478,0.686314,0.633858,0.686314,All
0.0918136,0.687313,0.635095,0.687313,All
0.094507,0.688312,0.635819,0.688312,All
0.0977605,0.689311,0.636038,0.689311,All
0.0993243,0.69031,0.638708,0.69031,All
0.101661,0.691309,0.647092,0.691309,All
0.101986,0.692308,0.649577,0.692308,All
0.105072,0.693307,0.651676,0.693307,All
0.10544,0.694306,0.655682,0.694306,All
0.10739,0.695305,0.65994,0.695305,All
0.110919,0.696304,0.664594,0.696304,All
0.11113,0.697303,0.665206,0.697303,All
0.111699,0.698302,0.669172,0.698302,All
0.111821,0.699301,0.670999,0.699301,All
0.112145,0.7003,0.671872,0.7003,All
0.114192,0.701299,0.674719,0.701299,All
0.114504,0.702298,0.678749,0.702298,All
0.114617,0.703297,0.683559,0.703297,All
0.11541,0.704296,0.68693,0.704296,All
0.116047,0.705295,0.693099,0.705295,All
0.117823,0.706294,0.697249,0.706294,All
0.119052,0.707293,0.703719,0.707293,All
0.125462,0.708292,0.705286,0.708292,All
0.127385,0.709291,0.712009,0.709291,All
0.128018,0.71029,0.716403,0.71029,All
0.130145,0.711289,0.719135,0.711289,All
0.133179,0.712288,0.724931,0.712288,All
0.135543,0.713287,0.725278,0.713287,All
0.13687,0.714286,0.740055,0.714286,All
0.137716,0.715285,0.740258,0.715285,All
0.144319,0.716284,0.741972,0.716284,All
0.145837,0.717283,0.749254,0.717283,All
0.151029,0.718282,0.749722,0.718282,All
0.151792,0.719281,0.749793,0.719281,All
0.151933,0.72028,0.751518,0.72028,All
0.152396,0.721279,0.754708,0.721279,All
0.154313,0.722278,0.755779,0.722278,All
0.154672,0.723277,0.760015,0.723277,All
0.155389,0.724276,0.761951,0.724276,All
0.156779,0.725275,0.762537,0.725275,All
0.15757,0.726274,0.763212,0.726274,All
0.157678,0.727273,0.763507,0.727273,All
0.16183,0.728272,0.765912,0.728272,All
0.162526,0.729271,0.773189,0.729271,All
0.163797,0.73027,0.777996,0.73027,All
0.16396,0.731269,0.778442,0.731269,All
0.168075,0.732268,0.778509,0.732268,All
0.168227,0.733267,0.783404,0.733267,All
0.171793,0.734266,0.78572,0.734266,All
0.172659,0.735265,0.786407,0.735265,All
0.173634,0.736264,0.786856,0.736264,All
0.176547,0.737263,0.791663,0.737263,All
0.177531,0.738262,0.792658,0.738262,All
0.177939,0.739261,0.796398,0.739261,All
0.180058,0.74026,0.799697,0.74026,All
0.180103,0.741259,0.80355,0.741259,All
0.181156,0.742258,0.809415,0.742258,All
0.181672,0.743257,0.809438,0.743257,All
0.184032,0.744256,0.809611,0.744256,All
0.184238,0.745255,0.814171,0.745255,All
0.186244,0.746254,0.816534,0.746254,All
0.188217,0.747253,0.820746,0.747253,All
0.188335,0.748252,0.826326,0.748252,All
0.189185,0.749251,0.828443,0.749251,All
0.189186,0.75025,0.830159,0.75025,All
0.192048,0.751249,0.833387,0.751249,All
0.192321,0.752248,0.83706,0.752248,All
0.192563,0.753247,0.840182,0.753247,All
0.200423,0.754246,0.840966,0.754246,All
0.201769,0.755245,0.842309,0.755245,All
0.202067,0.756244,0.843681,0.756244,All
0.202175,0.757243,0.846687,0.757243,All
0.20248,0.758242,0.852824,0.758242,All
0.202626,0.759241,0.863065,0.759241,All
0.204194,0.76024,0.864312,0.76024,All
0.205864,0.761239,0.871886,0.761239,All
0.213808,0.762238,0.872951,0.762238,All
0.215068,0.763237,0.87444,0.763237,All
0.216055,0.764236,0.874487,0.764236,All
0.218109,0.765235,0.875335,0.765235,All
0.219349,0.766234,0.876289,0.766234,All
0.22367,0.767233,0.877635,0.767233,All
0.230383,0.768232,0.884845,0.768232,All
0.231932,0.769231,0.890439,0.769231,All
0.232646,0.77023,0.891614,0.77023,All
0.235413,0.771229,0.895409,0.771229,All
0.236665,0.772228,0.898344,0.772228,All
0.238904,0.773227,0.906355,0.773227,All
0.238994,0.774226,0.913765,0.774226,All
0.239803,0.775225,0.928731,0.775225,All
0.244419,0.776224,0.929973,0.776224,All
0.245242,0.777223,0.930811,0.777223,All
0.247969,0.778222,0.933882,0.778222,All
0.249148,0.779221,0.941846,0.779221,All
0.249763,0.78022,0.942279,0.78022,All
0.253126,0.781219,0.94633,0.781219,All
0.256542,0.782218,0.951782,0.782218,All
0.258092,0.783217,0.961285,0.783217,All
0.258924,0.784216,0.965149,0.784216,All
0.259352,0.785215,0.965863,0.785215,All
0.262986,0.786214,0.966422,0.786214,All
0.264885,0.787213,0.969969,0.787213,All
0.266304,0.788212,0.971868,0.788212,All
0.270776,0.789211,0.97225,0.789211,All
0.272531,0.79021,0.973839,0.79021,All
0.278704,0.791209,0.9765,0.791209,All
0.284011,0.792208,0.992157,0.792208,All
0.284841,0.793207,0.992234,0.793207,All
0.286222,0.794206,0.992506,0.794206,All
0.289219,0.795205,0.994226,0.795205,All
0.289326,0.796204,1.00328,0.796204,All
0.294991,0.797203,1.00441,0.797203,All
0.297682,0.798202,1.00515,0.798202,All
0.299017,0.799201,1.00613,0.799201,All
0.299249,0.8002,1.0104,0.8002,All
0.299683,0.801199,1.01834,0.801199,All
0.301032,0.802198,1.01884,0.802198,All
0.304764,0.803197,1.02171,0.803197,All
0.305259,0.804196,1.02737,0.804196,All
0.306771,0.805195,1.03202,0.805195,All
0.309276,0.806194,1.03288,0.806194,All
0.310794,0.807193,1.0346,0.807193,All
0.311523,0.808192,1.03514,0.808192,All
0.317445,0.809191,1.03544,0.809191,All
0.318427,0.81019,1.03641,0.81019,All
0.319709,0.811189,1.04566,0.811189,All
0.323592,0.812188,1.04667,0.812188,All
0.325545,0.813187,1.04935,0.813187,All
0.325756,0.814186,1.05042,0.814186,All
0.327006,0.815185,1.05168,0.815185,All
0.329224,0.816184,1.05514,0.816184,All
0.331646,0.817183,1.05546,0.817183,All
0.33493,0.818182,1.05615,0.818182,All
0.338241,0.819181,1.05874,0.819181,All
0.33841,0.82018,1.07135,0.82018,All
0.339266,0.821179,1.07228,0.821179,All
0.340041,0.822178,1.07333,0.822178,All
0.347745,0.823177,1.0858,0.823177,All
0.349247,0.824176,1.08834,0.824176,All
0.356326,0.825175,1.09935,0.825175,All
0.357243,0.826174,1.10456,0.826174,All
0.357417,0.827173,1.12597,0.827173,All
0.361813,0.828172,1.12649,0.828172,All
0.362409,0.829171,1.13278,0.829171,All
0.368765,0.83017,1.13411,0.83017,All
0.368782,0.831169,1.13457,0.831169,All
0.369114,0.832168,1.13653,0.832168,All
0.377295,0.833167,1.14044,0.833167,All
0.388592,0.834166,1.15248,0.834166,All
0.38887,0.835165,1.15913,0.835165,All
0.390204,0.836164,1.16316,0.836164,All
0.390266,0.837163,1.16677,0.837163,All
0.393813,0.838162,1.1683,0.838162,All
0.394944,0.839161,1.16998,0.839161,All
0.395146,0.84016,1.17086,0.84016,All
0.397232,0.841159,1.17178,0.841159,All
0.40162,0.842158,1.17897,0.842158,All
0.405443,0.843157,1.18457,0.843157,All
0.408965,0.844156,1.1913,0.844156,All
0.416602,0.845155,1.19192,0.845155,All
0.417099,0.846154,1.1982,0.846154,All
0.418055,0.847153,1.20182,0.847153,All
0.420266,0.848152,1.20234,0.848152,All
0.425991,0.849151,1.21128,0.849151,All
0.429419,0.85015,1.21528,0.85015,All
0.437196,0.851149,1.21566,0.851149,All
0.445576,0.852148,1.21685,0.852148,All
0.449789,0.853147,1.22139,0.853147,All
0.452065,0.854146,1.22567,0.854146,All
0.45311,0.855145,1.23703,0.855145,All
0.453656,0.856144,1.24537,0.856144,All
0.45956,0.857143,1.24545,0.857143,All
0.463769,0.858142,1.24606,0.858142,All
0.464135,0.859141,1.25059,0.859141,All
0.46488,0.86014,1.26262,0.86014,All
0.465367,0.861139,1.2733,0.861139,All
0.46543,0.862138,1.27355,0.862138,All
0.469259,0.863137,1.28407,0.863137,All
0.470573,0.864136,1.28658,0.864136,All
0.471626,0.865135,1.2911,0.865135,All
0.474992,0.866134,1.29176,0.866134,All
0.477378,0.867133,1.29273,0.867133,All
0.478184,0.868132,1.2973,0.868132,All
0.484418,0.869131,1.29828,0.869131,All
0.488112,0.87013,1.29854,0.87013,All
0.499313,0.871129,1.30165,0.871129,All
0.502837,0.872128,1.30776,0.872128,All
0.507151,0.873127,1.30857,0.873127,All
0.508203,0.874126,1.31712,0.874126,All
0.508539,0.875125,1.32159,0.875125,All
0.510602,0.876124,1.32331,0.876124,All
0.511764,0.877123,1.32794,0.877123,All
0.514241,0.878122,1.33065,0.878122,All
0.515108,0.879121,1.33084,0.879121,All
0.518723,0.88012,1.33238,0.88012,All
0.519456,0.881119,1.35546,0.881119,All
0.522157,0.882118,1.35656,0.882118,All
0.522421,0.883117,1.35843,0.883117,All
0.52729,0.884116,1.37352,0.884116,All
0.530723,0.885115,1.38653,0.885115,All
0.537989,0.886114,1.38787,0.886114,All
0.556538,0.887113,1.38837,0.887113,All
0.562142,0.888112,1.38915,0.888112,All
0.565273,0.889111,1.39233,0.889111,All
0.568313,0.89011,1.3943,0.89011,All
0.570764,0.891109,1.39872,0.891109,All
0.581028,0.892108,1.40071,0.892108,All
0.585129,0.893107,1.40211,0.893107,All
0.594578,0.894106,1.4041,0.894106,All
0.602387,0.895105,1.40925,0.895105,All
0.603806,0.896104,1.41077,0.896104,All
0.605968,0.897103,1.41234,0.897103,All
0.607925,0.898102,1.41307,0.898102,All
0.612171,0.899101,1.41365,0.899101,All
0.616465,0.9001,1.43173,0.9001,All
0.619155,0.901099,1.4318,0.901099,All
0.624358,0.902098,1.44297,0.902098,All
0.627724,0.903097,1.44528,0.903097,All
0.636554,0.904096,1.45042,0.904096,All
0.638932,0.905095,1.45641,0.905095,All
0.639521,0.906094,1.46436,0.906094,All
0.6418,0.907093,1.47026,0.907093,All
0.664325,0.908092,1.47163,0.908092,All
0.665192,0.909091,1.47417,0.909091,All
0.673582,0.91009,1.47891,0.91009,All
0.680157,0.911089,1.48477,0.911089,All
0.682887,0.912088,1.48856,0.912088,All
0.695918,0.913087,1.49826,0.913087,All
0.696551,0.914086,1.51053,0.914086,All
0.698179,0.915085,1.511,0.915085,All
0.725643,0.916084,1.51342,0.916084,All
0.735821,0.917083,1.51627,0.917083,All
0.736458,0.918082,1.5201,0.918082,All
0.740798,0.919081,1.52843,0.919081,All
0.745887,0.92008,1.54353,0.92008,All
0.747945,0.921079,1.5464,0.921079,All
0.751449,0.922078,1.5504,0.922078,All
0.769011,0.923077,1.55131,0.923077,All
0.769703,0.924076,1.55502,0.924076,All
0.787698,0.925075,1.55736,0.925075,All
0.78835,0.926074,1.56859,0.926074,All
0.790979,0.927073,1.57276,0.927073,All
0.792307,0.928072,1.57622,0.928072,All
0.809332,0.929071,1.58953,0.929071,All
0.816759,0.93007,1.59216,0.93007,All
0.826273,0.931069,1.59575,0.931069,All
0.833962,0.932068,1.60378,0.932068,All
0.837669,0.933067,1.60807,0.933067,All
0.85817,0.934066,1.61255,0.934066,All
0.887347,0.935065,1.61815,0.935065,All
0.895759,0.936064,1.62575,0.936064,All
0.901477,0.937063,1.62625,0.937063,All
0.903665,0.938062,1.63137,0.938062,All
0.908002,0.939061,1.63338,0.939061,All
0.911205,0.94006,1.63758,0.94006,All
0.93792,0.941059,1.64393,0.941059,All
0.941041,0.942058,1.64711,0.942058,All
0.944806,0.943057,1.65297,0.943057,All
0.945198,0.944056,1.67324,0.944056,All
0.95941,0.945055,1.67567,0.945055,All
0.965292,0.946054,1.67747,0.946054,All
1.00222,0.947053,1.68079,0.947053,All
1.00381,0.948052,1.6812,0.948052,All
1.02054,0.949051,1.68728,0.949051,All
1.02685,0.95005,1.69002,0.95005,All
1.04603,0.951049,1.70448,0.951049,All
1.05218,0.952048,1.70905,0.952048,All
1.0546,0.953047,1.73219,0.953047,All
1.06785,0.954046,1.73536,0.954046,All
1.07393,0.955045,1.74607,0.955045,All
1.07657,0.956044,1.75381,0.956044,All
1.08638,0.957043,1.75701,0.957043,All
1.09705,0.958042,1.76505,0.958042,All
1.11161,0.959041,1.77397,0.959041,All
1.1398,0.96004,1.78272,0.96004,All
1.1591,0.961039,1.7885,0.961039,All
1.18116,0.962038,1.79266,0.962038,All
1.18364,0.963037,1.80792,0.963037,All
1.18735,0.964036,1.81799,0.964036,All
1.22994,0.965035,1.82759,0.965035,All
1.24223,0.966034,1.82787,0.966034,All
1.30098,0.967033,1.82958,0.967033,All
1.30324,0.968032,1.83022,0.968032,All
1.32844,0.969031,1.83086,0.969031,All
1.38875,0.97003,1.83309,0.97003,All
1.39501,0.971029,1.83429,0.971029,All
1.41665,0.972028,1.83564,0.972028,All
1.45032,0.973027,1.83643,0.973027,All
1.45126,0.974026,1.84264,0.974026,All
1.46814,0.975025,1.86548,0.975025,All
1.49258,0.976024,1.86836,0.976024,All
1.49266,0.977023,1.87717,0.977023,All
1.50465,0.978022,1.90017,0.978022,All
1.51313,0.979021,1.91654,0.979021,All
1.51687,0.98002,1.92415,0.98002,All
1.53106,0.981019,1.92965,0.981019,All
1.53916,0.982018,1.93465,0.982018,All
1.59608,0.983017,1.96779,0.983017,All
1.63486,0.984016,1.98072,0.984016,All
1.66902,0.985015,1.98139,0.985015,All
1.69478,0.986014,1.98957,0.986014,All
1.71895,0.987013,1.98975,0.987013,All
1.72686,0.988012,1.99297,0.988012,All
1.75029,0.989011,1.99909,0.989011,All
1.75478,0.99001,2.01461,0.99001,All
1.80137,0.991009,2.01525,0.991009,All
1.93889,0.992008,2.03418,0.992008,All
1.94952,0.993007,2.05442,0.993007,All
2.09085,0.994006,2.06791,0.994006,All
2.22739,0.995005,2.093,0.995005,All
2.29717,0.996004,2.10125,0.996004,All
2.36323,0.997003,2.17081,0.997003,All
2.48121,0.998002,2.1793,0.998002,All
2.61314,0.999001,2.36188,0.999001,All
2.6581,1,2.48086,1,All
4,1,4,1,All
