iteration,convergenceIndicator,phase,Vpop_pop,Clpop_pop,thetaAge_pop,thetaCr_pop,omega_V,omega_Cl,a
1,65126.6,1,0.82,0.67,-0.24,2.49,0.2283,0.3013,1
2,13713.5,1,0.826399,0.651055,-0.24525,2.10333,0.592523,0.85568,4.6228
3,14336.4,1,0.848185,0.625879,-0.243019,1.84185,0.630823,0.903754,5.22326
4,14409.1,1,0.864245,0.581843,-0.243915,1.66089,0.625148,0.914239,5.33399
5,14447.8,1,0.854761,0.567626,-0.244789,1.53721,0.624414,0.929008,5.34726
6,14348.9,1,0.861047,0.55629,-0.244871,1.45108,0.614156,0.92966,5.2335
7,14210.8,1,0.851014,0.539265,-0.244687,1.41631,0.598605,0.913139,5.20634
8,14197.5,1,0.852327,0.535456,-0.24498,1.3308,0.583448,0.952859,5.07584
9,13903.7,1,0.895756,0.535339,-0.244622,1.20385,0.568675,0.934684,4.94732
10,13835.3,1,0.874818,0.540496,-0.244911,1.19089,0.554276,0.927885,4.82205
11,13557.5,1,0.871689,0.529268,-0.245501,1.15241,0.540241,0.90439,4.69995
12,13479.4,1,0.855881,0.530046,-0.245915,1.12306,0.526562,0.90213,4.58095
13,13412.7,1,0.84005,0.524968,-0.245375,1.10687,0.514385,0.902106,4.46495
14,13254.5,1,0.831165,0.526373,-0.245715,1.09676,0.50136,0.906357,4.3519
15,13184.5,1,0.828587,0.522795,-0.246161,1.0596,0.490869,0.92119,4.24171
16,13077.4,1,0.837144,0.516556,-0.245843,1.0527,0.47994,0.897865,4.19353
17,13015.3,1,0.861216,0.511844,-0.246438,1.02298,0.476624,0.908213,4.0881
18,13025.4,1,0.865542,0.519766,-0.245459,0.994997,0.476876,0.923524,4.05602
19,13009.7,1,0.864808,0.523523,-0.246818,0.98479,0.472384,0.911139,4.09552
20,12897.9,1,0.846182,0.525651,-0.246385,0.985274,0.460423,0.912742,4.05726
21,12929.1,1,0.850754,0.522412,-0.246017,0.99849,0.450556,0.920961,4.08774
22,12863.4,1,0.865718,0.523236,-0.246885,0.973886,0.439148,0.93954,4.05634
23,12856.2,1,0.876149,0.517985,-0.245943,0.955485,0.434043,0.930245,4.06453
24,12734.3,1,0.872593,0.524146,-0.246334,0.943591,0.424621,0.924993,3.98057
25,12839.9,1,0.85017,0.519759,-0.246197,0.960108,0.437239,0.913312,4.07224
26,12833.3,1,0.840202,0.520012,-0.246215,0.978663,0.428274,0.919926,4.0997
27,12850.2,1,0.854026,0.524886,-0.246338,0.939874,0.425909,0.904032,4.18222
28,12783,1,0.868976,0.520892,-0.246708,0.925448,0.426742,0.895957,4.112
29,12761.4,1,0.886215,0.524194,-0.246713,0.89104,0.428806,0.896309,4.06968
30,12650.2,1,0.888168,0.519915,-0.246162,0.870515,0.417948,0.883797,4.04376
31,12614.8,1,0.890853,0.52072,-0.246378,0.847725,0.407366,0.88312,4.06741
32,12639.7,1,0.884828,0.526516,-0.246635,0.845854,0.406048,0.883794,4.09176
33,12600.2,1,0.903778,0.515115,-0.246701,0.840277,0.395767,0.880812,4.1445
34,12463.7,1,0.906962,0.506441,-0.24615,0.830433,0.385822,0.872025,4.03956
35,12465.9,1,0.89691,0.498414,-0.247603,0.832707,0.400393,0.859808,3.97589
36,12411.1,1,0.891524,0.505257,-0.246257,0.826852,0.40037,0.853363,3.92658
37,12401.6,1,0.888983,0.50654,-0.245807,0.828181,0.393466,0.85322,3.95952
38,12452.2,1,0.890188,0.50802,-0.246332,0.839,0.389903,0.884926,3.95427
39,12432,1,0.904596,0.503949,-0.247265,0.829878,0.380031,0.882724,4.01866
40,12464.2,1,0.913277,0.501578,-0.247138,0.835618,0.38037,0.873531,4.06653
41,12300.5,1,0.890153,0.499272,-0.247276,0.857065,0.370739,0.851689,3.99705
42,12357.9,1,0.895207,0.492544,-0.246981,0.836118,0.368759,0.859915,4.05182
43,12548.5,1,0.883839,0.499503,-0.246486,0.861442,0.376209,0.861855,4.24351
44,12485.6,1,0.893672,0.49592,-0.246217,0.848913,0.366683,0.874645,4.19082
45,12545.6,1,0.883348,0.504491,-0.247089,0.868238,0.373071,0.87418,4.22433
46,12537.5,1,0.881618,0.50982,-0.246705,0.872459,0.372203,0.880585,4.20049
47,12500.9,1,0.877539,0.50737,-0.246027,0.867529,0.372192,0.868298,4.18948
48,12448.1,1,0.890129,0.509462,-0.246798,0.854518,0.370787,0.868185,4.13009
49,12484,1,0.901282,0.50362,-0.24714,0.838868,0.378222,0.86752,4.12545
50,12518,1,0.908658,0.502588,-0.246854,0.823635,0.374363,0.892292,4.12284
51,12468.9,1,0.895807,0.509996,-0.245506,0.83902,0.371421,0.893719,4.07633
52,12512.5,1,0.902124,0.511627,-0.246842,0.831913,0.371561,0.908701,4.08826
53,12474.7,1,0.890212,0.511243,-0.24692,0.835236,0.373331,0.885693,4.10927
54,12461.8,1,0.878494,0.517308,-0.246766,0.858587,0.377531,0.865331,4.1089
55,12443.5,1,0.886477,0.51454,-0.246056,0.832716,0.367972,0.8942,4.08776
56,12472.6,1,0.880893,0.519431,-0.246321,0.831435,0.371559,0.883654,4.11002
57,12479.3,1,0.87824,0.514423,-0.246234,0.840838,0.373362,0.874651,4.13282
58,12484.3,1,0.890163,0.512599,-0.246347,0.823765,0.380802,0.867127,4.10903
59,12491.7,1,0.874097,0.506305,-0.246276,0.84252,0.382059,0.886314,4.05307
60,12502.8,1,0.895049,0.504571,-0.246956,0.837594,0.386309,0.867494,4.09391
61,12459.6,1,0.879408,0.495038,-0.246792,0.831392,0.387175,0.862032,4.04841
62,12381.9,1,0.85026,0.497224,-0.247094,0.862045,0.38702,0.852005,3.98124
63,12312.6,1,0.857011,0.498924,-0.246652,0.847488,0.383054,0.830432,4.00455
64,12285.1,1,0.857428,0.502813,-0.246534,0.872887,0.387598,0.851151,3.90315
65,12299.3,1,0.873572,0.5052,-0.246435,0.844456,0.377784,0.871865,3.91432
66,12350.9,1,0.869966,0.502531,-0.247,0.848262,0.378982,0.873821,3.93205
67,12388.1,1,0.879506,0.506201,-0.24711,0.834304,0.376768,0.872359,3.9978
68,12536.5,1,0.886444,0.513469,-0.245311,0.814886,0.381047,0.889217,4.10919
69,12576,1,0.88875,0.508668,-0.245602,0.8174,0.390979,0.882741,4.11135
70,12636.1,1,0.892249,0.511119,-0.246461,0.806506,0.397204,0.880907,4.15321
71,12596.5,1,0.887473,0.51208,-0.246114,0.815465,0.393985,0.89305,4.08736
72,12421,1,0.870036,0.516178,-0.246807,0.827075,0.389581,0.870438,3.98387
73,12466.3,1,0.874636,0.516142,-0.246387,0.826377,0.38275,0.871588,4.0591
74,12439.1,1,0.881895,0.511049,-0.24659,0.829197,0.383267,0.86153,4.05049
75,12388.6,1,0.888477,0.514433,-0.246768,0.813676,0.377363,0.855344,4.04485
76,12290.7,1,0.883289,0.50991,-0.246641,0.803863,0.367808,0.866772,3.95564
77,12336.4,1,0.876181,0.5083,-0.246607,0.798747,0.369075,0.869607,3.99328
78,12294.6,1,0.866101,0.504598,-0.246989,0.80215,0.35973,0.870749,4.03532
79,12274.6,1,0.879205,0.496528,-0.24754,0.768391,0.352721,0.848701,4.12538
80,12337.9,1,0.886606,0.489913,-0.24727,0.773786,0.371167,0.858887,4.02092
81,12392.6,1,0.893631,0.483552,-0.247807,0.787633,0.374424,0.866549,4.03545
82,12307.2,1,0.896994,0.491454,-0.247174,0.788698,0.371182,0.844607,4.02589
83,12487.2,1,0.889607,0.493693,-0.248056,0.799951,0.379044,0.85892,4.14941
84,12499,1,0.902934,0.498948,-0.247422,0.771175,0.382845,0.858247,4.13967
85,12488.3,1,0.871186,0.503974,-0.247416,0.789245,0.377351,0.847035,4.20031
86,12440.5,1,0.883711,0.514151,-0.246912,0.763092,0.368097,0.825587,4.31528
87,12462.8,1,0.879271,0.523445,-0.246345,0.7615,0.378683,0.824096,4.23055
88,12557.3,1,0.871728,0.527556,-0.246866,0.774095,0.376244,0.842776,4.31557
89,12557.8,1,0.879268,0.522153,-0.246635,0.778963,0.383356,0.846412,4.25243
90,12556.5,1,0.896965,0.516933,-0.246993,0.768665,0.388026,0.853843,4.19361
91,12499.3,1,0.904015,0.511972,-0.246302,0.766369,0.388,0.84446,4.14731
92,12338.8,1,0.905036,0.506868,-0.24601,0.762074,0.378176,0.842641,4.0423
93,12419.8,1,0.919605,0.500851,-0.246757,0.749631,0.376658,0.85496,4.08932
94,12399.7,1,0.89543,0.501584,-0.246962,0.767326,0.380093,0.833312,4.11275
95,12419,1,0.888514,0.5073,-0.247149,0.770547,0.381474,0.84998,4.07084
96,12386.5,1,0.893015,0.505945,-0.246565,0.760186,0.374309,0.853275,4.0685
97,12323.5,1,0.891587,0.500521,-0.246702,0.763368,0.37621,0.838883,4.01842
98,12347.9,1,0.88923,0.49625,-0.24672,0.774612,0.378437,0.845216,4.01496
99,12378.1,1,0.863744,0.498398,-0.2464,0.798407,0.386791,0.848798,3.98642
100,12358.4,1,0.862628,0.497195,-0.24715,0.801844,0.383984,0.85322,3.96722
101,12445.6,1,0.847538,0.498036,-0.246348,0.82242,0.385627,0.860116,4.04678
102,12467.2,1,0.860178,0.486996,-0.2475,0.81949,0.392553,0.863169,4.01831
103,12362.3,1,0.877739,0.482013,-0.247522,0.793531,0.382613,0.841313,4.0219
104,12313.1,1,0.867274,0.486539,-0.247853,0.796581,0.375859,0.820011,4.07852
105,12298.8,1,0.861403,0.487102,-0.247798,0.825398,0.366342,0.826386,4.11446
106,12344.9,1,0.86613,0.488451,-0.248032,0.813742,0.367428,0.825493,4.15137
107,12319.7,1,0.870515,0.487441,-0.246837,0.815576,0.358125,0.837869,4.15376
108,12294.4,1,0.866175,0.480423,-0.246878,0.819528,0.364895,0.826953,4.09895
109,12349.1,1,0.866308,0.482646,-0.246781,0.807994,0.356312,0.836867,4.20333
110,12336.2,1,0.869541,0.480763,-0.248038,0.800524,0.35205,0.830955,4.23798
111,12387.7,1,0.8672,0.484987,-0.248179,0.811542,0.363454,0.825566,4.23748
112,12448.2,1,0.865757,0.487087,-0.247683,0.803747,0.368005,0.824054,4.28975
113,12309.9,1,0.889054,0.484605,-0.247642,0.780539,0.360153,0.834057,4.18113
114,12299.3,1,0.885844,0.483797,-0.246611,0.781818,0.35759,0.821573,4.17625
115,12266,1,0.907044,0.492938,-0.246697,0.769784,0.358095,0.813607,4.15437
116,12275.2,1,0.904948,0.485169,-0.247524,0.747584,0.349055,0.817474,4.22273
117,12255.2,1,0.88853,0.482325,-0.247673,0.766602,0.343715,0.814326,4.24918
118,12204.9,1,0.89063,0.484412,-0.246649,0.743758,0.344,0.808057,4.2
119,12194.4,1,0.891704,0.486894,-0.247236,0.755666,0.341171,0.807811,4.20969
120,12218.9,1,0.891892,0.483548,-0.247409,0.761214,0.343133,0.812466,4.2112
121,12351.4,1,0.905282,0.492769,-0.247512,0.753924,0.359816,0.814965,4.25029
122,12430.6,1,0.887799,0.496719,-0.247778,0.757993,0.366718,0.816421,4.30044
123,12411.6,1,0.89092,0.504796,-0.247732,0.750532,0.36165,0.829161,4.2709
124,12392.2,1,0.888274,0.494966,-0.247105,0.764897,0.361586,0.839491,4.21167
125,12429.8,1,0.887821,0.494635,-0.247115,0.773326,0.363874,0.834736,4.26035
126,12527.4,1,0.897103,0.481366,-0.247315,0.778073,0.376532,0.823092,4.33639
127,12530.2,1,0.8804,0.479274,-0.247448,0.792719,0.372132,0.831236,4.34629
128,12462.9,1,0.862495,0.493648,-0.247003,0.810693,0.37184,0.839816,4.23624
129,12331.6,1,0.855586,0.500161,-0.247703,0.825804,0.368865,0.834697,4.12898
130,12286.7,1,0.865062,0.49552,-0.247083,0.834172,0.367512,0.851371,4.02443
131,12266.3,1,0.858685,0.495347,-0.246712,0.847397,0.365967,0.830896,4.04349
132,12361.4,1,0.868469,0.489414,-0.247381,0.831238,0.36628,0.854815,4.08968
133,12481.1,1,0.861836,0.489797,-0.246213,0.841725,0.379558,0.86291,4.12621
134,12457.9,1,0.854286,0.491339,-0.247121,0.859365,0.388429,0.841324,4.10149
135,12470.2,1,0.84764,0.496373,-0.247538,0.855481,0.388149,0.820021,4.18912
136,12429.1,1,0.866969,0.501216,-0.246786,0.823885,0.378321,0.82024,4.22002
137,12439.2,1,0.88814,0.49416,-0.245993,0.80913,0.372397,0.832939,4.216
138,12432.8,1,0.873075,0.489121,-0.246769,0.815665,0.374387,0.840617,4.16843
139,12413.7,1,0.875156,0.491496,-0.246436,0.814637,0.366956,0.834769,4.21628
140,12423.5,1,0.884216,0.494415,-0.246727,0.809391,0.364237,0.840927,4.22988
141,12389.6,1,0.898533,0.489013,-0.246568,0.810162,0.365545,0.824152,4.22883
142,12431.2,1,0.883282,0.500169,-0.246851,0.799169,0.366908,0.83169,4.25005
143,12389.7,1,0.870431,0.501203,-0.247082,0.807454,0.370919,0.828642,4.17497
144,12366.7,1,0.87711,0.496978,-0.247072,0.808193,0.379625,0.817976,4.11672
145,12337.5,1,0.877284,0.496643,-0.247051,0.806573,0.375846,0.826244,4.07898
146,12199.6,1,0.87983,0.489683,-0.246202,0.802675,0.370021,0.833891,3.97569
147,12214.9,1,0.893338,0.488281,-0.246733,0.784394,0.368782,0.841531,3.92501
148,12294.7,1,0.883193,0.493307,-0.247258,0.79347,0.373143,0.841631,3.99503
149,12361.2,1,0.875217,0.48924,-0.246014,0.796358,0.380668,0.82926,4.06603
150,12346,1,0.901333,0.49113,-0.247811,0.764782,0.380956,0.818137,4.07886
151,12238.8,1,0.887124,0.487139,-0.24712,0.766286,0.374239,0.818082,3.98842
152,12192.4,1,0.889012,0.488199,-0.247618,0.767926,0.364874,0.833781,3.94713
153,12204.4,1,0.879078,0.48563,-0.247383,0.783706,0.360145,0.817142,4.04791
154,12192.1,1,0.885349,0.488051,-0.247557,0.775956,0.351026,0.828754,4.07221
155,12229.2,1,0.875857,0.484554,-0.247926,0.793764,0.356752,0.828257,4.06989
156,12276.4,1,0.884973,0.486676,-0.247812,0.790549,0.364274,0.829243,4.07255
157,12262.3,1,0.899832,0.492767,-0.248598,0.75548,0.370647,0.818522,4.04199
158,12262.1,1,0.892488,0.495257,-0.247378,0.762688,0.36728,0.835126,4.01405
159,12212.6,1,0.882165,0.490801,-0.246638,0.777541,0.35798,0.838451,4.02455
160,12366.2,1,0.89322,0.483894,-0.246663,0.773301,0.372982,0.862967,4.02228
161,12412.3,1,0.867281,0.484063,-0.247621,0.776303,0.380171,0.853983,4.05855
162,12176,1,0.849055,0.479097,-0.247364,0.793499,0.370545,0.832359,3.96948
163,12171.3,1,0.839108,0.478397,-0.24816,0.817746,0.363725,0.8303,3.94015
164,12263.3,1,0.85866,0.4861,-0.248901,0.792324,0.364187,0.838405,4.02805
165,12212.7,1,0.840475,0.48236,-0.24726,0.80958,0.367637,0.825434,3.97943
166,12143.1,1,0.849103,0.488756,-0.246741,0.793316,0.358329,0.804533,4.02941
167,12166,1,0.866178,0.483269,-0.248047,0.784051,0.354799,0.800755,4.09057
168,12217.7,1,0.870819,0.485011,-0.248923,0.775806,0.357773,0.816874,4.08319
169,12194.6,1,0.886612,0.47353,-0.249283,0.774097,0.362398,0.810074,4.04083
170,12275.5,1,0.919246,0.471478,-0.249167,0.760367,0.355087,0.825483,4.15014
171,12299.2,1,0.902246,0.464881,-0.247291,0.772259,0.372231,0.814521,4.09045
172,12263.2,1,0.871867,0.469585,-0.248118,0.795421,0.368363,0.82025,4.05409
173,12201.1,1,0.862129,0.475168,-0.24792,0.797446,0.373695,0.79948,4.00358
174,12263.4,1,0.85643,0.471718,-0.248973,0.809279,0.380173,0.821356,3.96919
175,12277.9,1,0.855859,0.475959,-0.248424,0.801425,0.380824,0.818651,3.99152
176,12206.8,1,0.848902,0.475229,-0.248117,0.811063,0.382885,0.831112,3.89045
177,12180.5,1,0.855619,0.473385,-0.248066,0.800382,0.37319,0.815506,3.95084
178,12316.4,1,0.865921,0.473429,-0.247627,0.79895,0.377907,0.834507,4.01113
179,12223.2,1,0.861728,0.473061,-0.247823,0.802011,0.38543,0.819116,3.90956
180,12173.3,1,0.864662,0.478603,-0.24837,0.798686,0.379974,0.814922,3.87819
181,12301.1,1,0.85567,0.471227,-0.247583,0.806657,0.389835,0.819317,3.95848
182,12279.8,1,0.858255,0.468725,-0.248349,0.813129,0.394559,0.811439,3.92558
183,12277.1,1,0.860459,0.46778,-0.248225,0.800141,0.384674,0.827664,3.93662
184,12234.3,1,0.860068,0.467852,-0.249014,0.806055,0.381646,0.831008,3.89358
185,12175.9,1,0.870698,0.47435,-0.249177,0.79078,0.39101,0.809967,3.82572
186,12371.8,1,0.870498,0.468422,-0.247232,0.79619,0.410919,0.826182,3.89163
187,12317.5,1,0.865193,0.470033,-0.247107,0.797597,0.400515,0.809376,3.97284
188,12372.8,1,0.871978,0.462185,-0.247275,0.79067,0.402503,0.82215,3.95732
189,12383.7,1,0.857902,0.461386,-0.247554,0.806248,0.400687,0.826745,3.96877
190,12378.7,1,0.867408,0.459044,-0.247751,0.80896,0.39923,0.816178,4.00451
191,12337.4,1,0.858354,0.470876,-0.247613,0.804628,0.393601,0.814129,3.99563
192,12397.5,1,0.872666,0.47758,-0.247977,0.791091,0.389114,0.820772,4.08152
193,12220,1,0.86498,0.473034,-0.246684,0.781744,0.379261,0.802446,4.10297
194,12292,1,0.875455,0.468352,-0.247327,0.779233,0.38146,0.820627,3.99908
195,12208.4,1,0.87412,0.480949,-0.247338,0.781208,0.371801,0.818481,3.96929
196,12167.4,1,0.888593,0.475212,-0.248203,0.75485,0.373519,0.801315,3.95555
197,12286.7,1,0.871875,0.469179,-0.248225,0.784966,0.380775,0.810219,4.02908
198,12470,1,0.861116,0.476564,-0.24791,0.786829,0.400201,0.823762,4.09163
199,12393.6,1,0.854334,0.487018,-0.246798,0.786001,0.399885,0.802904,4.06289
200,12369.7,1,0.852438,0.486638,-0.247231,0.775941,0.38976,0.826888,4.02269
201,12395.3,1,0.864623,0.491295,-0.247369,0.773899,0.392581,0.825211,4.04144
202,12320,1,0.872025,0.476444,-0.247912,0.764802,0.387404,0.807189,4.03615
203,12413.1,1,0.9002,0.479512,-0.247911,0.74398,0.388464,0.821855,4.10172
204,12389.9,1,0.889742,0.480539,-0.247163,0.75648,0.394539,0.825109,4.02116
205,12323.5,1,0.880971,0.479049,-0.246288,0.768057,0.399853,0.812543,3.94225
206,12355.6,1,0.885231,0.481476,-0.248061,0.759093,0.397592,0.833148,3.93357
207,12298,1,0.896192,0.481029,-0.2471,0.760848,0.397573,0.838537,3.84652
208,12379.7,1,0.892736,0.481389,-0.247232,0.759333,0.393894,0.849679,3.93786
209,12229.6,1,0.891982,0.488986,-0.247506,0.762322,0.38392,0.848098,3.83815
210,12225.4,1,0.891138,0.492691,-0.247198,0.761859,0.377858,0.863537,3.81281
211,12330.3,1,0.887317,0.496911,-0.247141,0.750251,0.399605,0.854156,3.82827
212,12210.3,1,0.884096,0.499091,-0.24736,0.764602,0.389487,0.832529,3.85343
213,12306.2,1,0.872713,0.496519,-0.247224,0.781052,0.392684,0.833458,3.9036
214,12245.1,1,0.870697,0.494794,-0.247282,0.779912,0.393356,0.818159,3.86999
215,12247.2,1,0.879543,0.490542,-0.247195,0.788582,0.387452,0.828083,3.88049
216,12280.1,1,0.865117,0.482219,-0.24741,0.806577,0.394244,0.850502,3.81186
217,12195.4,1,0.877946,0.485989,-0.247159,0.78782,0.393499,0.845385,3.72954
218,12178.5,1,0.876446,0.490247,-0.247103,0.782411,0.389799,0.82398,3.81069
219,12277.7,1,0.878147,0.489043,-0.2468,0.77354,0.389505,0.842293,3.8623
220,12346.7,1,0.868831,0.496063,-0.246104,0.779309,0.403003,0.849682,3.84069
221,12336.7,1,0.865891,0.50044,-0.247476,0.780609,0.401743,0.850648,3.83357
222,12332.1,1,0.868164,0.499731,-0.247111,0.786268,0.400764,0.853793,3.82508
223,12342.3,1,0.845329,0.508417,-0.24657,0.796225,0.410418,0.841469,3.81464
224,12246.4,1,0.842989,0.504338,-0.246595,0.794981,0.400026,0.841013,3.77877
225,12260.2,1,0.863829,0.505141,-0.246725,0.785471,0.39134,0.829651,3.86716
226,12324,1,0.866324,0.506005,-0.245913,0.794512,0.393848,0.847539,3.87692
227,12211,1,0.870934,0.50407,-0.246685,0.784415,0.383875,0.843407,3.93629
228,12190.9,1,0.864594,0.499367,-0.245988,0.790709,0.374155,0.842004,3.93903
229,12261.1,1,0.852391,0.509113,-0.246677,0.808295,0.373609,0.838261,3.96046
230,12275.2,1,0.879944,0.502081,-0.247696,0.783123,0.364149,0.843685,4.04344
231,12286.4,1,0.881648,0.503199,-0.247267,0.775135,0.368719,0.837019,4.02954
232,12257.1,1,0.888124,0.504176,-0.246417,0.753746,0.376946,0.830397,3.95529
233,12293.3,1,0.88986,0.507192,-0.24649,0.760492,0.368113,0.835528,4.04709
234,12254,1,0.888987,0.493853,-0.24648,0.768692,0.370699,0.825721,4.00886
235,12341,1,0.885043,0.491461,-0.24587,0.771363,0.371494,0.848813,4.04333
236,12297.7,1,0.877989,0.501498,-0.247118,0.788067,0.362087,0.847362,4.07538
237,12497.3,1,0.873139,0.503842,-0.247705,0.796811,0.37814,0.854719,4.18245
238,12424.2,1,0.88774,0.496589,-0.24714,0.798811,0.368565,0.851447,4.21328
239,12423.3,1,0.904887,0.503706,-0.247752,0.784553,0.365987,0.853442,4.17649
240,12392.5,1,0.900611,0.503931,-0.247298,0.775838,0.365695,0.848303,4.15385
241,12238.4,1,0.889594,0.506546,-0.246852,0.773101,0.367741,0.826824,4.04867
242,12345.5,1,0.891456,0.508451,-0.247311,0.77745,0.374106,0.840792,4.05577
243,12411.3,1,0.887154,0.510122,-0.24766,0.780914,0.38132,0.819502,4.18835
244,12444.4,1,0.864911,0.512131,-0.246652,0.801959,0.383581,0.823066,4.17498
245,12460.8,1,0.869193,0.512425,-0.246285,0.799028,0.381471,0.814109,4.24128
246,12471.4,1,0.875632,0.505791,-0.246229,0.809485,0.380191,0.828902,4.21594
247,12466.9,1,0.887945,0.500192,-0.247524,0.796934,0.386075,0.819716,4.19768
248,12360,1,0.894823,0.509691,-0.246991,0.775654,0.386064,0.812415,4.09139
249,12353.2,1,0.878177,0.501296,-0.246172,0.793022,0.395336,0.826087,3.98779
250,12420.7,1,0.86243,0.500267,-0.247547,0.816658,0.403201,0.830529,3.98903
251,12366.2,1,0.873575,0.499526,-0.247355,0.806226,0.405393,0.8095,3.98261
252,12392.7,1,0.881636,0.50005,-0.246767,0.802853,0.40686,0.826217,3.9436
253,12395,1,0.875685,0.504062,-0.247266,0.817258,0.40512,0.833592,3.93535
254,12467.3,1,0.878869,0.485391,-0.247234,0.821736,0.414237,0.850632,3.91769
255,12430.5,1,0.877154,0.490139,-0.24787,0.822571,0.407878,0.860913,3.88139
256,12351.5,1,0.878167,0.484963,-0.24842,0.814834,0.397551,0.859451,3.87147
257,12302.8,1,0.883552,0.479521,-0.247391,0.806825,0.398207,0.84626,3.82679
258,12305.3,1,0.900185,0.46928,-0.248918,0.778482,0.397966,0.836516,3.85886
259,12401,1,0.903738,0.466439,-0.248266,0.778419,0.408735,0.851741,3.86477
260,12325,1,0.898397,0.466882,-0.249301,0.791052,0.398385,0.830174,3.9368
261,12292.5,1,0.905193,0.459746,-0.247764,0.804229,0.388298,0.811267,4.03692
262,12419.4,1,0.912262,0.458089,-0.2479,0.800771,0.393314,0.819084,4.08614
263,12426.8,1,0.910025,0.461865,-0.247925,0.803271,0.391939,0.830743,4.0683
264,12326,1,0.888778,0.463691,-0.248042,0.806976,0.382183,0.814508,4.05627
265,12234.4,1,0.892903,0.454396,-0.247822,0.808051,0.376658,0.820112,3.95973
266,12294.3,1,0.893508,0.467577,-0.248406,0.791864,0.375804,0.820515,4.04048
267,12403.3,1,0.902443,0.467315,-0.248605,0.806991,0.378545,0.83979,4.10176
268,12346.2,1,0.911979,0.47714,-0.247294,0.796483,0.36896,0.847499,4.09556
269,12337.7,1,0.909854,0.486427,-0.247654,0.791514,0.364104,0.842063,4.11293
270,12367,1,0.913495,0.491651,-0.246656,0.789951,0.366696,0.844308,4.12543
271,12321.7,1,0.8825,0.490163,-0.246997,0.808223,0.369571,0.822959,4.11335
272,12338.5,1,0.886325,0.493443,-0.24775,0.797504,0.370066,0.82606,4.12166
273,12382.7,1,0.898564,0.497335,-0.247846,0.770359,0.369946,0.832929,4.15811
274,12450.3,1,0.889027,0.490591,-0.2468,0.775979,0.373423,0.831812,4.22624
275,12458.4,2,0.877898,0.491729,-0.247032,0.795957,0.372192,0.83558,4.23435
276,12377.9,2,0.881982,0.502443,-0.24623,0.777198,0.372013,0.828759,4.15059
277,12323.2,2,0.898272,0.498011,-0.245831,0.753025,0.372707,0.828689,4.07391
278,12483.4,2,0.895402,0.506192,-0.247236,0.76478,0.376337,0.836199,4.23125
279,12468.8,2,0.878452,0.509154,-0.247358,0.780031,0.382806,0.837839,4.16534
280,12400,2,0.877758,0.505049,-0.246524,0.773741,0.36978,0.84067,4.16538
281,12381.6,2,0.879295,0.503669,-0.245981,0.768445,0.36286,0.837125,4.19977
282,12320.6,2,0.887201,0.510069,-0.246622,0.766741,0.357189,0.828139,4.19907
283,12331.7,2,0.872432,0.508364,-0.247063,0.779721,0.3583,0.827757,4.19408
284,12347.2,2,0.861191,0.507518,-0.246839,0.790308,0.352355,0.849098,4.18847
285,12332.8,2,0.876073,0.50017,-0.246559,0.771949,0.353978,0.842341,4.18579
286,12336.8,2,0.884088,0.499202,-0.247047,0.773408,0.359293,0.84256,4.1457
287,12387.5,2,0.885228,0.500245,-0.246918,0.77376,0.362508,0.847105,4.15352
288,12227.1,2,0.890222,0.502237,-0.247048,0.773197,0.355168,0.829272,4.14232
289,12246.1,2,0.886617,0.502212,-0.246886,0.774792,0.35692,0.822547,4.12462
290,12278.1,2,0.893129,0.501638,-0.246874,0.763679,0.357409,0.826274,4.12406
291,12321.4,2,0.895479,0.501993,-0.247015,0.763331,0.362538,0.82747,4.11983
292,12280.6,2,0.891937,0.50497,-0.246753,0.76307,0.36107,0.834571,4.09537
293,12328.3,2,0.889262,0.50482,-0.246967,0.762251,0.361431,0.837281,4.11009
294,12282.9,2,0.894839,0.505046,-0.247174,0.754593,0.362395,0.843329,4.06763
295,12348.9,2,0.89406,0.505014,-0.247355,0.759397,0.36219,0.839431,4.11318
296,12356.8,2,0.892496,0.504992,-0.24759,0.761199,0.36335,0.836053,4.13594
297,12334.4,2,0.889042,0.501127,-0.247575,0.759052,0.367544,0.833825,4.11104
298,12379.6,2,0.888027,0.501474,-0.247243,0.758385,0.370026,0.831323,4.12314
299,12321.3,2,0.885982,0.498663,-0.247039,0.75521,0.37134,0.82968,4.10402
300,12319.2,2,0.880919,0.497922,-0.246797,0.763749,0.370322,0.832876,4.09136
301,12344,2,0.881793,0.50015,-0.246568,0.760595,0.372538,0.831035,4.08563
302,12362.2,2,0.879067,0.502316,-0.246804,0.760133,0.372151,0.830557,4.10012
303,12320.6,2,0.876148,0.501498,-0.246908,0.769657,0.373222,0.828595,4.08981
304,12248.8,2,0.872971,0.499145,-0.246893,0.774557,0.366196,0.828981,4.10978
305,12300.1,2,0.873223,0.497042,-0.246947,0.775853,0.36514,0.828526,4.11416
306,12334.9,2,0.876837,0.496879,-0.24712,0.775594,0.36195,0.835098,4.12426
307,12276.4,2,0.877557,0.496882,-0.247061,0.774256,0.360619,0.841306,4.10236
308,12357,2,0.878017,0.496017,-0.247103,0.772415,0.360236,0.840889,4.12023
309,12369.3,2,0.879424,0.49601,-0.247105,0.771729,0.36142,0.840095,4.12707
310,12228.2,2,0.879402,0.496171,-0.247068,0.77198,0.362455,0.838026,4.1017
311,12321,2,0.878873,0.494531,-0.247021,0.772276,0.361022,0.839361,4.11077
312,12386.4,2,0.874995,0.49502,-0.246972,0.775835,0.360987,0.839322,4.12719
313,12230.5,2,0.873163,0.494909,-0.24699,0.777045,0.36201,0.839324,4.10076
314,12269.2,2,0.870757,0.495473,-0.247019,0.779057,0.361253,0.837883,4.10358
315,12335.6,2,0.870638,0.495402,-0.246917,0.778728,0.362583,0.837471,4.10045
316,12340.7,2,0.870202,0.495707,-0.246901,0.777712,0.361476,0.839186,4.10862
317,12218.3,2,0.871215,0.495235,-0.246917,0.776956,0.360315,0.83858,4.1049
318,12265.3,2,0.870368,0.494929,-0.246878,0.776655,0.360567,0.836045,4.10605
319,12189,2,0.871017,0.494888,-0.246832,0.775163,0.359716,0.835006,4.10123
320,12265.2,2,0.872561,0.495123,-0.246929,0.773523,0.359867,0.834633,4.09859
321,12326.3,2,0.873354,0.495485,-0.246909,0.771138,0.360046,0.834933,4.10116
322,12302.1,2,0.874097,0.495604,-0.246851,0.770431,0.359892,0.835537,4.10186
323,12311.4,2,0.874168,0.494841,-0.24696,0.770558,0.35969,0.834953,4.10758
324,12238.5,2,0.874394,0.494806,-0.246941,0.771292,0.359679,0.835303,4.10142
325,12294.7,2,0.875137,0.49476,-0.246902,0.771974,0.359538,0.835421,4.10277
326,12354.9,2,0.875092,0.494744,-0.246889,0.772277,0.359631,0.835625,4.10312
327,12400.3,2,0.874954,0.494849,-0.246892,0.772587,0.359502,0.835967,4.10583
328,12382.2,2,0.874731,0.49485,-0.246911,0.772854,0.359623,0.836063,4.10685
329,12477.4,2,0.874472,0.49486,-0.246913,0.773023,0.359849,0.836237,4.10909
330,12357.5,2,0.874547,0.49501,-0.24691,0.772938,0.359815,0.836306,4.11059
331,12420.3,2,0.874654,0.495104,-0.246916,0.772892,0.359887,0.836606,4.11196
332,12306.7,2,0.874652,0.495104,-0.246926,0.772734,0.359929,0.836373,4.11257
333,12342.5,2,0.874398,0.49513,-0.246948,0.773014,0.360236,0.836112,4.11206
334,12315.7,2,0.87473,0.495184,-0.24694,0.772478,0.360321,0.835957,4.11225
335,12273.9,2,0.874805,0.495282,-0.246926,0.771997,0.36032,0.835658,4.11265
336,12289.3,2,0.87511,0.495279,-0.246931,0.771574,0.360266,0.835527,4.11325
337,12330.4,2,0.875404,0.495398,-0.246924,0.771489,0.360418,0.835329,4.11338
338,12414.5,2,0.875368,0.495349,-0.246912,0.771632,0.360504,0.83516,4.11567
339,12288.9,2,0.875536,0.495241,-0.246921,0.771523,0.360624,0.835033,4.11488
340,12148.9,2,0.875481,0.4952,-0.246927,0.771466,0.360477,0.834644,4.11416
341,12222.8,2,0.875434,0.495224,-0.246929,0.771465,0.360469,0.834383,4.11353
342,12289.6,2,0.875519,0.495157,-0.246924,0.771513,0.360349,0.83415,4.11503
343,12415.2,2,0.875514,0.495123,-0.246924,0.771682,0.36039,0.834117,4.1171
344,12333.6,2,0.875702,0.495163,-0.246921,0.771505,0.360423,0.834137,4.11741
345,12271.2,2,0.875616,0.495241,-0.24692,0.771771,0.360413,0.834138,4.11692
346,12323.1,2,0.875629,0.495223,-0.246899,0.771591,0.360456,0.834261,4.1166
347,12276.7,2,0.875602,0.495337,-0.246899,0.771375,0.360488,0.834128,4.11635
348,12173,2,0.875453,0.495447,-0.246895,0.771465,0.360276,0.83419,4.11545
349,12247.9,2,0.87541,0.495513,-0.246898,0.771411,0.360341,0.834126,4.11425
350,12387.3,2,0.875492,0.49548,-0.246895,0.771578,0.360542,0.833748,4.11554
351,12394.2,2,0.875728,0.495418,-0.246899,0.771501,0.360608,0.833895,4.1162
352,12330.5,2,0.875568,0.495405,-0.246922,0.771698,0.360783,0.833899,4.11536
353,12214.7,2,0.875458,0.495459,-0.246931,0.771762,0.360797,0.833601,4.11477
354,12242.8,2,0.875583,0.495447,-0.246927,0.771749,0.360756,0.833534,4.11436
355,12286.1,2,0.875688,0.495374,-0.24693,0.771774,0.360804,0.833457,4.11402
356,12270.6,2,0.875713,0.495254,-0.246932,0.771773,0.36083,0.833127,4.11446
357,12243.9,2,0.875855,0.495231,-0.246924,0.771729,0.360711,0.833071,4.11467
358,12297.2,2,0.875888,0.495247,-0.246917,0.771713,0.360737,0.833197,4.11404
359,12476.9,2,0.876029,0.495205,-0.246915,0.771731,0.360911,0.833452,4.11467
360,12259.1,2,0.876139,0.495116,-0.246914,0.771813,0.360897,0.833329,4.11455
361,12145.2,2,0.876092,0.495076,-0.246916,0.772139,0.360745,0.83307,4.1142
362,12303.6,2,0.876203,0.495028,-0.246927,0.772109,0.360701,0.833077,4.1146
363,12246,2,0.876055,0.494979,-0.246929,0.772246,0.360654,0.83287,4.11486
364,12313.2,2,0.876192,0.494932,-0.246925,0.77229,0.360606,0.832826,4.11561
365,12299.2,2,0.876125,0.494846,-0.246923,0.772466,0.360651,0.832627,4.11595
366,12361.6,2,0.876122,0.494735,-0.246921,0.772475,0.360727,0.832594,4.11641
