standEta_V_abscissa,standEta_V_cdf,standEta_Cl_abscissa,standEta_Cl_cdf,split
-4.26872,0.000999001,-4.67426,0.000999001,All
-2.91642,0.001998,-3.7348,0.001998,All
-2.82959,0.002997,-2.72179,0.002997,All
-2.81697,0.003996,-2.62244,0.003996,All
-2.40706,0.004995,-2.56978,0.004995,All
-2.3243,0.00599401,-2.43444,0.00599401,All
-2.31089,0.00699301,-2.41642,0.00699301,All
-2.25256,0.00799201,-2.39714,0.00799201,All
-2.23126,0.00899101,-2.38155,0.00899101,All
-1.98097,0.00999001,-2.36939,0.00999001,All
-1.86973,0.010989,-2.0741,0.010989,All
-1.86942,0.011988,-2.00384,0.011988,All
-1.83778,0.012987,-1.99857,0.012987,All
-1.83604,0.013986,-1.97053,0.013986,All
-1.79868,0.014985,-1.94193,0.014985,All
-1.77891,0.015984,-1.91597,0.015984,All
-1.76739,0.016983,-1.76502,0.016983,All
-1.75267,0.017982,-1.72481,0.017982,All
-1.72175,0.018981,-1.70503,0.018981,All
-1.71915,0.01998,-1.67502,0.01998,All
-1.62369,0.020979,-1.65367,0.020979,All
-1.61303,0.021978,-1.6488,0.021978,All
-1.58811,0.022977,-1.62275,0.022977,All
-1.58307,0.023976,-1.60796,0.023976,All
-1.56356,0.024975,-1.57272,0.024975,All
-1.52074,0.025974,-1.55548,0.025974,All
-1.52039,0.026973,-1.53295,0.026973,All
-1.5091,0.027972,-1.52932,0.027972,All
-1.48563,0.028971,-1.48707,0.028971,All
-1.4525,0.02997,-1.48646,0.02997,All
-1.44438,0.030969,-1.47655,0.030969,All
-1.43398,0.031968,-1.4517,0.031968,All
-1.40803,0.032967,-1.4099,0.032967,All
-1.40474,0.033966,-1.361,0.033966,All
-1.38959,0.034965,-1.35647,0.034965,All
-1.35611,0.035964,-1.32177,0.035964,All
-1.34917,0.036963,-1.29475,0.036963,All
-1.33654,0.037962,-1.28488,0.037962,All
-1.33245,0.038961,-1.26562,0.038961,All
-1.31845,0.03996,-1.26238,0.03996,All
-1.31045,0.040959,-1.25808,0.040959,All
-1.30611,0.041958,-1.25338,0.041958,All
-1.30219,0.042957,-1.2501,0.042957,All
-1.30175,0.043956,-1.23234,0.043956,All
-1.30089,0.044955,-1.22354,0.044955,All
-1.28017,0.045954,-1.21736,0.045954,All
-1.27542,0.046953,-1.2132,0.046953,All
-1.26119,0.047952,-1.20255,0.047952,All
-1.25767,0.048951,-1.1961,0.048951,All
-1.24062,0.04995,-1.19274,0.04995,All
-1.23411,0.0509491,-1.18549,0.0509491,All
-1.21772,0.0519481,-1.17109,0.0519481,All
-1.21536,0.0529471,-1.13986,0.0529471,All
-1.19147,0.0539461,-1.13246,0.0539461,All
-1.16799,0.0549451,-1.12916,0.0549451,All
-1.16518,0.0559441,-1.12796,0.0559441,All
-1.15554,0.0569431,-1.12017,0.0569431,All
-1.15316,0.0579421,-1.1179,0.0579421,All
-1.13846,0.0589411,-1.11694,0.0589411,All
-1.13535,0.0599401,-1.10173,0.0599401,All
-1.12264,0.0609391,-1.09776,0.0609391,All
-1.11163,0.0619381,-1.09174,0.0619381,All
-1.10688,0.0629371,-1.07807,0.0629371,All
-1.1028,0.0639361,-1.05365,0.0639361,All
-1.09466,0.0649351,-1.05012,0.0649351,All
-1.09422,0.0659341,-1.04729,0.0659341,All
-1.09317,0.0669331,-1.04595,0.0669331,All
-1.0892,0.0679321,-1.04177,0.0679321,All
-1.08738,0.0689311,-1.0353,0.0689311,All
-1.08618,0.0699301,-1.01799,0.0699301,All
-1.08455,0.0709291,-1.01388,0.0709291,All
-1.07436,0.0719281,-1.00126,0.0719281,All
-1.0692,0.0729271,-0.997205,0.0729271,All
-1.06837,0.0739261,-0.993384,0.0739261,All
-1.05888,0.0749251,-0.987541,0.0749251,All
-1.05765,0.0759241,-0.98372,0.0759241,All
-1.03536,0.0769231,-0.980821,0.0769231,All
-1.01668,0.0779221,-0.975058,0.0779221,All
-1.00887,0.0789211,-0.972024,0.0789211,All
-1.00798,0.0799201,-0.970957,0.0799201,All
-0.991452,0.0809191,-0.965791,0.0809191,All
-0.990545,0.0819181,-0.965262,0.0819181,All
-0.986647,0.0829171,-0.95643,0.0829171,All
-0.98543,0.0839161,-0.953645,0.0839161,All
-0.968809,0.0849151,-0.948708,0.0849151,All
-0.96791,0.0859141,-0.948182,0.0859141,All
-0.966709,0.0869131,-0.929082,0.0869131,All
-0.961278,0.0879121,-0.928569,0.0879121,All
-0.949487,0.0889111,-0.926253,0.0889111,All
-0.947432,0.0899101,-0.924692,0.0899101,All
-0.946261,0.0909091,-0.914723,0.0909091,All
-0.9455,0.0919081,-0.902999,0.0919081,All
-0.928227,0.0929071,-0.896979,0.0929071,All
-0.924796,0.0939061,-0.89443,0.0939061,All
-0.91498,0.0949051,-0.881599,0.0949051,All
-0.913534,0.0959041,-0.880554,0.0959041,All
-0.908479,0.0969031,-0.877168,0.0969031,All
-0.906725,0.0979021,-0.876019,0.0979021,All
-0.904797,0.0989011,-0.873551,0.0989011,All
-0.903868,0.0999001,-0.869569,0.0999001,All
-0.899906,0.100899,-0.867011,0.100899,All
-0.899485,0.101898,-0.863684,0.101898,All
-0.896591,0.102897,-0.857342,0.102897,All
-0.891379,0.103896,-0.846114,0.103896,All
-0.890872,0.104895,-0.843947,0.104895,All
-0.889253,0.105894,-0.840074,0.105894,All
-0.884437,0.106893,-0.834094,0.106893,All
-0.881128,0.107892,-0.832236,0.107892,All
-0.870513,0.108891,-0.830552,0.108891,All
-0.86821,0.10989,-0.820449,0.10989,All
-0.860902,0.110889,-0.81962,0.110889,All
-0.851506,0.111888,-0.81933,0.111888,All
-0.846285,0.112887,-0.81211,0.112887,All
-0.845642,0.113886,-0.7971,0.113886,All
-0.841312,0.114885,-0.796179,0.114885,All
-0.840667,0.115884,-0.781576,0.115884,All
-0.82009,0.116883,-0.773846,0.116883,All
-0.819865,0.117882,-0.771105,0.117882,All
-0.817623,0.118881,-0.770295,0.118881,All
-0.812317,0.11988,-0.761435,0.11988,All
-0.807083,0.120879,-0.758228,0.120879,All
-0.794352,0.121878,-0.740433,0.121878,All
-0.793041,0.122877,-0.734886,0.122877,All
-0.787573,0.123876,-0.733951,0.123876,All
-0.781641,0.124875,-0.723361,0.124875,All
-0.767831,0.125874,-0.720612,0.125874,All
-0.766224,0.126873,-0.718052,0.126873,All
-0.752455,0.127872,-0.71013,0.127872,All
-0.750204,0.128871,-0.697658,0.128871,All
-0.747613,0.12987,-0.696627,0.12987,All
-0.747132,0.130869,-0.695732,0.130869,All
-0.747012,0.131868,-0.687795,0.131868,All
-0.746853,0.132867,-0.686359,0.132867,All
-0.745836,0.133866,-0.684666,0.133866,All
-0.744523,0.134865,-0.684555,0.134865,All
-0.736803,0.135864,-0.683508,0.135864,All
-0.734875,0.136863,-0.676936,0.136863,All
-0.728719,0.137862,-0.67667,0.137862,All
-0.727229,0.138861,-0.664233,0.138861,All
-0.726976,0.13986,-0.664078,0.13986,All
-0.725484,0.140859,-0.663049,0.140859,All
-0.72424,0.141858,-0.657268,0.141858,All
-0.718392,0.142857,-0.656192,0.142857,All
-0.715967,0.143856,-0.640542,0.143856,All
-0.711769,0.144855,-0.63932,0.144855,All
-0.706067,0.145854,-0.636672,0.145854,All
-0.705677,0.146853,-0.636381,0.146853,All
-0.702876,0.147852,-0.635029,0.147852,All
-0.702048,0.148851,-0.632174,0.148851,All
-0.695912,0.14985,-0.620588,0.14985,All
-0.687208,0.150849,-0.619114,0.150849,All
-0.677984,0.151848,-0.61676,0.151848,All
-0.677279,0.152847,-0.616716,0.152847,All
-0.671919,0.153846,-0.614122,0.153846,All
-0.67119,0.154845,-0.613007,0.154845,All
-0.669449,0.155844,-0.612557,0.155844,All
-0.668918,0.156843,-0.608148,0.156843,All
-0.666655,0.157842,-0.602152,0.157842,All
-0.665857,0.158841,-0.599592,0.158841,All
-0.663007,0.15984,-0.597144,0.15984,All
-0.657423,0.160839,-0.596204,0.160839,All
-0.657039,0.161838,-0.595887,0.161838,All
-0.654036,0.162837,-0.593528,0.162837,All
-0.650575,0.163836,-0.592389,0.163836,All
-0.649918,0.164835,-0.590307,0.164835,All
-0.644264,0.165834,-0.589272,0.165834,All
-0.641603,0.166833,-0.585905,0.166833,All
-0.637532,0.167832,-0.583308,0.167832,All
-0.633711,0.168831,-0.581557,0.168831,All
-0.627833,0.16983,-0.578564,0.16983,All
-0.611657,0.170829,-0.577909,0.170829,All
-0.61105,0.171828,-0.572918,0.171828,All
-0.610327,0.172827,-0.572704,0.172827,All
-0.599262,0.173826,-0.569181,0.173826,All
-0.595955,0.174825,-0.562773,0.174825,All
-0.583118,0.175824,-0.562197,0.175824,All
-0.582827,0.176823,-0.558629,0.176823,All
-0.578353,0.177822,-0.552167,0.177822,All
-0.577145,0.178821,-0.544643,0.178821,All
-0.573986,0.17982,-0.538813,0.17982,All
-0.573959,0.180819,-0.535372,0.180819,All
-0.570759,0.181818,-0.526478,0.181818,All
-0.565011,0.182817,-0.512822,0.182817,All
-0.564179,0.183816,-0.511656,0.183816,All
-0.558119,0.184815,-0.504181,0.184815,All
-0.557976,0.185814,-0.487877,0.185814,All
-0.556905,0.186813,-0.487194,0.186813,All
-0.554904,0.187812,-0.482633,0.187812,All
-0.541753,0.188811,-0.482396,0.188811,All
-0.541044,0.18981,-0.478471,0.18981,All
-0.53901,0.190809,-0.474659,0.190809,All
-0.538318,0.191808,-0.472367,0.191808,All
-0.537458,0.192807,-0.470817,0.192807,All
-0.535073,0.193806,-0.469068,0.193806,All
-0.529725,0.194805,-0.467941,0.194805,All
-0.52874,0.195804,-0.466494,0.195804,All
-0.527498,0.196803,-0.466487,0.196803,All
-0.521376,0.197802,-0.464121,0.197802,All
-0.517344,0.198801,-0.458331,0.198801,All
-0.516311,0.1998,-0.454711,0.1998,All
-0.511948,0.200799,-0.451455,0.200799,All
-0.508977,0.201798,-0.44794,0.201798,All
-0.506627,0.202797,-0.441797,0.202797,All
-0.501491,0.203796,-0.438409,0.203796,All
-0.499836,0.204795,-0.431426,0.204795,All
-0.495773,0.205794,-0.427886,0.205794,All
-0.491719,0.206793,-0.426832,0.206793,All
-0.488532,0.207792,-0.417541,0.207792,All
-0.485612,0.208791,-0.416392,0.208791,All
-0.482719,0.20979,-0.415089,0.20979,All
-0.476924,0.210789,-0.41424,0.210789,All
-0.47511,0.211788,-0.41353,0.211788,All
-0.472714,0.212787,-0.411504,0.212787,All
-0.472172,0.213786,-0.41128,0.213786,All
-0.466936,0.214785,-0.408133,0.214785,All
-0.466438,0.215784,-0.406236,0.215784,All
-0.465817,0.216783,-0.40503,0.216783,All
-0.46405,0.217782,-0.402846,0.217782,All
-0.463357,0.218781,-0.399071,0.218781,All
-0.456603,0.21978,-0.3965,0.21978,All
-0.448872,0.220779,-0.396459,0.220779,All
-0.444366,0.221778,-0.396394,0.221778,All
-0.441812,0.222777,-0.394629,0.222777,All
-0.439523,0.223776,-0.393285,0.223776,All
-0.437519,0.224775,-0.39241,0.224775,All
-0.436284,0.225774,-0.390252,0.225774,All
-0.435675,0.226773,-0.389739,0.226773,All
-0.434794,0.227772,-0.387656,0.227772,All
-0.432585,0.228771,-0.386633,0.228771,All
-0.424724,0.22977,-0.384728,0.22977,All
-0.422351,0.230769,-0.382476,0.230769,All
-0.418375,0.231768,-0.380199,0.231768,All
-0.416584,0.232767,-0.378978,0.232767,All
-0.410848,0.233766,-0.376375,0.233766,All
-0.410701,0.234765,-0.374384,0.234765,All
-0.41027,0.235764,-0.371333,0.235764,All
-0.408517,0.236763,-0.368033,0.236763,All
-0.403781,0.237762,-0.361044,0.237762,All
-0.400606,0.238761,-0.358375,0.238761,All
-0.399217,0.23976,-0.349655,0.23976,All
-0.394806,0.240759,-0.338122,0.240759,All
-0.394594,0.241758,-0.33658,0.241758,All
-0.392536,0.242757,-0.333475,0.242757,All
-0.389983,0.243756,-0.332655,0.243756,All
-0.389477,0.244755,-0.331142,0.244755,All
-0.386805,0.245754,-0.33027,0.245754,All
-0.385799,0.246753,-0.330045,0.246753,All
-0.383307,0.247752,-0.329278,0.247752,All
-0.381867,0.248751,-0.327616,0.248751,All
-0.381484,0.24975,-0.325603,0.24975,All
-0.380325,0.250749,-0.325538,0.250749,All
-0.379117,0.251748,-0.325405,0.251748,All
-0.378822,0.252747,-0.323523,0.252747,All
-0.374854,0.253746,-0.31582,0.253746,All
-0.373189,0.254745,-0.314944,0.254745,All
-0.368673,0.255744,-0.313826,0.255744,All
-0.367056,0.256743,-0.313154,0.256743,All
-0.366247,0.257742,-0.311705,0.257742,All
-0.366097,0.258741,-0.310639,0.258741,All
-0.3633,0.25974,-0.307171,0.25974,All
-0.35925,0.260739,-0.306953,0.260739,All
-0.352801,0.261738,-0.303883,0.261738,All
-0.349179,0.262737,-0.302967,0.262737,All
-0.347168,0.263736,-0.30164,0.263736,All
-0.34676,0.264735,-0.298666,0.264735,All
-0.344244,0.265734,-0.293297,0.265734,All
-0.341567,0.266733,-0.291691,0.266733,All
-0.339223,0.267732,-0.290689,0.267732,All
-0.337454,0.268731,-0.288027,0.268731,All
-0.333286,0.26973,-0.287347,0.26973,All
-0.331585,0.270729,-0.28636,0.270729,All
-0.331418,0.271728,-0.283467,0.271728,All
-0.327349,0.272727,-0.280913,0.272727,All
-0.323675,0.273726,-0.279717,0.273726,All
-0.322925,0.274725,-0.277338,0.274725,All
-0.322605,0.275724,-0.275592,0.275724,All
-0.322149,0.276723,-0.274566,0.276723,All
-0.317731,0.277722,-0.269955,0.277722,All
-0.317242,0.278721,-0.264877,0.278721,All
-0.316447,0.27972,-0.264009,0.27972,All
-0.315719,0.280719,-0.261032,0.280719,All
-0.315493,0.281718,-0.259173,0.281718,All
-0.310886,0.282717,-0.256219,0.282717,All
-0.310733,0.283716,-0.254112,0.283716,All
-0.309709,0.284715,-0.248999,0.284715,All
-0.309515,0.285714,-0.248431,0.285714,All
-0.305864,0.286713,-0.244914,0.286713,All
-0.304613,0.287712,-0.24433,0.287712,All
-0.302515,0.288711,-0.238901,0.288711,All
-0.301926,0.28971,-0.23639,0.28971,All
-0.295965,0.290709,-0.234306,0.290709,All
-0.295652,0.291708,-0.234159,0.291708,All
-0.293949,0.292707,-0.23172,0.292707,All
-0.293263,0.293706,-0.230231,0.293706,All
-0.292292,0.294705,-0.222114,0.294705,All
-0.289706,0.295704,-0.219974,0.295704,All
-0.289319,0.296703,-0.219046,0.296703,All
-0.284296,0.297702,-0.215516,0.297702,All
-0.283088,0.298701,-0.212224,0.298701,All
-0.282404,0.2997,-0.211334,0.2997,All
-0.281298,0.300699,-0.21046,0.300699,All
-0.281085,0.301698,-0.208014,0.301698,All
-0.281071,0.302697,-0.203326,0.302697,All
-0.28016,0.303696,-0.201779,0.303696,All
-0.278717,0.304695,-0.200596,0.304695,All
-0.27818,0.305694,-0.200063,0.305694,All
-0.273841,0.306693,-0.199967,0.306693,All
-0.268098,0.307692,-0.195426,0.307692,All
-0.266608,0.308691,-0.195385,0.308691,All
-0.265605,0.30969,-0.19343,0.30969,All
-0.263886,0.310689,-0.192796,0.310689,All
-0.261372,0.311688,-0.191849,0.311688,All
-0.259976,0.312687,-0.190479,0.312687,All
-0.258489,0.313686,-0.190225,0.313686,All
-0.25528,0.314685,-0.18801,0.314685,All
-0.254939,0.315684,-0.182967,0.315684,All
-0.253598,0.316683,-0.179486,0.316683,All
-0.252404,0.317682,-0.175645,0.317682,All
-0.251372,0.318681,-0.175338,0.318681,All
-0.25074,0.31968,-0.174921,0.31968,All
-0.250681,0.320679,-0.174036,0.320679,All
-0.248648,0.321678,-0.169698,0.321678,All
-0.248613,0.322677,-0.168357,0.322677,All
-0.24699,0.323676,-0.168196,0.323676,All
-0.245575,0.324675,-0.1671,0.324675,All
-0.244536,0.325674,-0.1636,0.325674,All
-0.242142,0.326673,-0.160439,0.326673,All
-0.241455,0.327672,-0.159944,0.327672,All
-0.240954,0.328671,-0.159773,0.328671,All
-0.239756,0.32967,-0.156733,0.32967,All
-0.23021,0.330669,-0.154233,0.330669,All
-0.229821,0.331668,-0.152855,0.331668,All
-0.229637,0.332667,-0.150781,0.332667,All
-0.226484,0.333666,-0.148023,0.333666,All
-0.225746,0.334665,-0.135407,0.334665,All
-0.222019,0.335664,-0.134693,0.335664,All
-0.221982,0.336663,-0.1346,0.336663,All
-0.21621,0.337662,-0.13449,0.337662,All
-0.215712,0.338661,-0.132775,0.338661,All
-0.213803,0.33966,-0.130858,0.33966,All
-0.21287,0.340659,-0.129203,0.340659,All
-0.212771,0.341658,-0.128242,0.341658,All
-0.212756,0.342657,-0.127488,0.342657,All
-0.212184,0.343656,-0.126187,0.343656,All
-0.210779,0.344655,-0.12557,0.344655,All
-0.209206,0.345654,-0.123277,0.345654,All
-0.208622,0.346653,-0.122523,0.346653,All
-0.208348,0.347652,-0.119281,0.347652,All
-0.205693,0.348651,-0.118668,0.348651,All
-0.205625,0.34965,-0.116917,0.34965,All
-0.204452,0.350649,-0.11578,0.350649,All
-0.204296,0.351648,-0.115264,0.351648,All
-0.202668,0.352647,-0.11295,0.352647,All
-0.201021,0.353646,-0.111353,0.353646,All
-0.19972,0.354645,-0.109575,0.354645,All
-0.199567,0.355644,-0.107883,0.355644,All
-0.198617,0.356643,-0.10583,0.356643,All
-0.198234,0.357642,-0.104366,0.357642,All
-0.197567,0.358641,-0.103877,0.358641,All
-0.194374,0.35964,-0.102113,0.35964,All
-0.192516,0.360639,-0.101303,0.360639,All
-0.192116,0.361638,-0.0986822,0.361638,All
-0.19019,0.362637,-0.0980751,0.362637,All
-0.188337,0.363636,-0.0970528,0.363636,All
-0.187733,0.364635,-0.0923441,0.364635,All
-0.187466,0.365634,-0.0917217,0.365634,All
-0.187378,0.366633,-0.0897889,0.366633,All
-0.186128,0.367632,-0.087829,0.367632,All
-0.185076,0.368631,-0.0783568,0.368631,All
-0.181526,0.36963,-0.0782562,0.36963,All
-0.181261,0.370629,-0.077491,0.370629,All
-0.179911,0.371628,-0.0763232,0.371628,All
-0.179476,0.372627,-0.0716253,0.372627,All
-0.178042,0.373626,-0.0710667,0.373626,All
-0.176773,0.374625,-0.0668097,0.374625,All
-0.176388,0.375624,-0.0663101,0.375624,All
-0.173782,0.376623,-0.0658906,0.376623,All
-0.173269,0.377622,-0.0639659,0.377622,All
-0.171112,0.378621,-0.0637936,0.378621,All
-0.170329,0.37962,-0.0629781,0.37962,All
-0.170028,0.380619,-0.0608156,0.380619,All
-0.169811,0.381618,-0.0569384,0.381618,All
-0.169772,0.382617,-0.0568493,0.382617,All
-0.167289,0.383616,-0.0551013,0.383616,All
-0.167187,0.384615,-0.0540057,0.384615,All
-0.166752,0.385614,-0.0539411,0.385614,All
-0.165902,0.386613,-0.0519462,0.386613,All
-0.165833,0.387612,-0.050752,0.387612,All
-0.16514,0.388611,-0.0505525,0.388611,All
-0.163896,0.38961,-0.049803,0.38961,All
-0.163895,0.390609,-0.0473837,0.390609,All
-0.162366,0.391608,-0.0460897,0.391608,All
-0.159817,0.392607,-0.0425345,0.392607,All
-0.158905,0.393606,-0.039603,0.393606,All
-0.158445,0.394605,-0.0349439,0.394605,All
-0.158207,0.395604,-0.0327438,0.395604,All
-0.157916,0.396603,-0.0302955,0.396603,All
-0.157898,0.397602,-0.0295164,0.397602,All
-0.157224,0.398601,-0.0258657,0.398601,All
-0.149828,0.3996,-0.0228192,0.3996,All
-0.149191,0.400599,-0.0217514,0.400599,All
-0.14852,0.401598,-0.0206034,0.401598,All
-0.148297,0.402597,-0.0201725,0.402597,All
-0.145875,0.403596,-0.0182769,0.403596,All
-0.142885,0.404595,-0.0171419,0.404595,All
-0.142499,0.405594,-0.0166855,0.405594,All
-0.13868,0.406593,-0.0152222,0.406593,All
-0.137468,0.407592,-0.0144855,0.407592,All
-0.136994,0.408591,-0.0126378,0.408591,All
-0.136698,0.40959,-0.0111681,0.40959,All
-0.135592,0.410589,-0.00604008,0.410589,All
-0.133714,0.411588,-0.00589519,0.411588,All
-0.133675,0.412587,-0.00492403,0.412587,All
-0.133305,0.413586,0.000475397,0.413586,All
-0.131628,0.414585,0.000591336,0.414585,All
-0.130414,0.415584,0.000977122,0.415584,All
-0.130075,0.416583,0.00193286,0.416583,All
-0.129808,0.417582,0.00326634,0.417582,All
-0.129785,0.418581,0.00409918,0.418581,All
-0.129356,0.41958,0.00471185,0.41958,All
-0.128023,0.420579,0.00502069,0.420579,All
-0.124122,0.421578,0.0071858,0.421578,All
-0.121916,0.422577,0.00895922,0.422577,All
-0.121225,0.423576,0.0104218,0.423576,All
-0.120195,0.424575,0.0122718,0.424575,All
-0.120175,0.425574,0.0154374,0.425574,All
-0.119681,0.426573,0.0156613,0.426573,All
-0.117459,0.427572,0.0159576,0.427572,All
-0.115456,0.428571,0.0187047,0.428571,All
-0.113625,0.42957,0.019943,0.42957,All
-0.112882,0.430569,0.0203677,0.430569,All
-0.112857,0.431568,0.0215647,0.431568,All
-0.112033,0.432567,0.0240187,0.432567,All
-0.111675,0.433566,0.0240857,0.433566,All
-0.111645,0.434565,0.0244328,0.434565,All
-0.111323,0.435564,0.026852,0.435564,All
-0.110366,0.436563,0.0271588,0.436563,All
-0.110034,0.437562,0.028738,0.437562,All
-0.108634,0.438561,0.0300444,0.438561,All
-0.107091,0.43956,0.0307203,0.43956,All
-0.106676,0.440559,0.0320938,0.440559,All
-0.1064,0.441558,0.0322217,0.441558,All
-0.105702,0.442557,0.0365962,0.442557,All
-0.104992,0.443556,0.0375278,0.443556,All
-0.103874,0.444555,0.0389182,0.444555,All
-0.102013,0.445554,0.0391633,0.445554,All
-0.101859,0.446553,0.0416706,0.446553,All
-0.101559,0.447552,0.0417482,0.447552,All
-0.0987607,0.448551,0.0421387,0.448551,All
-0.0984072,0.44955,0.0440348,0.44955,All
-0.0980098,0.450549,0.0495242,0.450549,All
-0.0978541,0.451548,0.0505947,0.451548,All
-0.0965721,0.452547,0.0514255,0.452547,All
-0.0963057,0.453546,0.0526458,0.453546,All
-0.0959238,0.454545,0.0530249,0.454545,All
-0.0950198,0.455544,0.0569168,0.455544,All
-0.0950063,0.456543,0.0578979,0.456543,All
-0.0920559,0.457542,0.0582078,0.457542,All
-0.090458,0.458541,0.0612129,0.458541,All
-0.0903708,0.45954,0.0613776,0.45954,All
-0.090111,0.460539,0.0644086,0.460539,All
-0.0897843,0.461538,0.0650287,0.461538,All
-0.0895017,0.462537,0.0655037,0.462537,All
-0.0887125,0.463536,0.0656908,0.463536,All
-0.0880137,0.464535,0.0679858,0.464535,All
-0.0875168,0.465534,0.072156,0.465534,All
-0.0869283,0.466533,0.0731657,0.466533,All
-0.0868595,0.467532,0.0749819,0.467532,All
-0.0865283,0.468531,0.0790721,0.468531,All
-0.0864913,0.46953,0.0793517,0.46953,All
-0.0859145,0.470529,0.0804669,0.470529,All
-0.0845097,0.471528,0.0822075,0.471528,All
-0.0842421,0.472527,0.0823894,0.472527,All
-0.0838222,0.473526,0.0824923,0.473526,All
-0.0835391,0.474525,0.08292,0.474525,All
-0.0831478,0.475524,0.0838041,0.475524,All
-0.0803893,0.476523,0.0855023,0.476523,All
-0.0802599,0.477522,0.0907075,0.477522,All
-0.0800405,0.478521,0.092245,0.478521,All
-0.0752469,0.47952,0.0928168,0.47952,All
-0.0746161,0.480519,0.0931213,0.480519,All
-0.0736063,0.481518,0.0940438,0.481518,All
-0.0715044,0.482517,0.0955613,0.482517,All
-0.0708651,0.483516,0.0961294,0.483516,All
-0.069728,0.484515,0.0964422,0.484515,All
-0.0696364,0.485514,0.099843,0.485514,All
-0.0671104,0.486513,0.101698,0.486513,All
-0.067104,0.487512,0.101743,0.487512,All
-0.0668982,0.488511,0.102013,0.488511,All
-0.0653463,0.48951,0.104992,0.48951,All
-0.065069,0.490509,0.105137,0.490509,All
-0.0645835,0.491508,0.106768,0.491508,All
-0.0644484,0.492507,0.111686,0.492507,All
-0.0628384,0.493506,0.113377,0.493506,All
-0.0625202,0.494505,0.114333,0.494505,All
-0.0605538,0.495504,0.115103,0.495504,All
-0.0596101,0.496503,0.115599,0.496503,All
-0.0577055,0.497502,0.115944,0.497502,All
-0.0577034,0.498501,0.116976,0.498501,All
-0.0568896,0.4995,0.118183,0.4995,All
-0.0553239,0.5005,0.118273,0.5005,All
-0.0551508,0.501499,0.118915,0.501499,All
-0.054538,0.502498,0.12041,0.502498,All
-0.053949,0.503497,0.123628,0.503497,All
-0.0538444,0.504496,0.127928,0.504496,All
-0.0533711,0.505495,0.128723,0.505495,All
-0.052985,0.506494,0.129809,0.506494,All
-0.0523096,0.507493,0.130014,0.507493,All
-0.0522717,0.508492,0.130274,0.508492,All
-0.0509912,0.509491,0.132437,0.509491,All
-0.0503847,0.51049,0.135069,0.51049,All
-0.0487849,0.511489,0.135374,0.511489,All
-0.0469449,0.512488,0.13728,0.512488,All
-0.046902,0.513487,0.144463,0.513487,All
-0.0439919,0.514486,0.144718,0.514486,All
-0.0433474,0.515485,0.145164,0.515485,All
-0.0425938,0.516484,0.146531,0.516484,All
-0.0416874,0.517483,0.147751,0.517483,All
-0.0410063,0.518482,0.148003,0.518482,All
-0.0395868,0.519481,0.148643,0.519481,All
-0.0385417,0.52048,0.149839,0.52048,All
-0.037459,0.521479,0.151001,0.521479,All
-0.0361006,0.522478,0.152568,0.522478,All
-0.0330886,0.523477,0.153694,0.523477,All
-0.0330562,0.524476,0.156055,0.524476,All
-0.0326395,0.525475,0.15733,0.525475,All
-0.032615,0.526474,0.157496,0.526474,All
-0.0301561,0.527473,0.160061,0.527473,All
-0.0300303,0.528472,0.160507,0.528472,All
-0.0294962,0.529471,0.161201,0.529471,All
-0.0289461,0.53047,0.162158,0.53047,All
-0.0288499,0.531469,0.166766,0.531469,All
-0.0287475,0.532468,0.168254,0.532468,All
-0.0281881,0.533467,0.16983,0.533467,All
-0.0281748,0.534466,0.170067,0.534466,All
-0.0281331,0.535465,0.17162,0.535465,All
-0.0279138,0.536464,0.173059,0.536464,All
-0.0268525,0.537463,0.17481,0.537463,All
-0.0268259,0.538462,0.175338,0.538462,All
-0.0263302,0.539461,0.17643,0.539461,All
-0.0253017,0.54046,0.18503,0.54046,All
-0.0252159,0.541459,0.187486,0.541459,All
-0.0248876,0.542458,0.187643,0.542458,All
-0.0240678,0.543457,0.188885,0.543457,All
-0.0238849,0.544456,0.190323,0.544456,All
-0.0230988,0.545455,0.190456,0.545455,All
-0.0227696,0.546454,0.1927,0.546454,All
-0.0217286,0.547453,0.193166,0.547453,All
-0.021674,0.548452,0.19517,0.548452,All
-0.0214741,0.549451,0.197962,0.549451,All
-0.0193678,0.55045,0.199106,0.55045,All
-0.0188172,0.551449,0.199278,0.551449,All
-0.018631,0.552448,0.200312,0.552448,All
-0.0183781,0.553447,0.201809,0.553447,All
-0.0182605,0.554446,0.201902,0.554446,All
-0.0168477,0.555445,0.204417,0.555445,All
-0.0157046,0.556444,0.204791,0.556444,All
-0.0156211,0.557443,0.20756,0.557443,All
-0.0149389,0.558442,0.209647,0.558442,All
-0.0145484,0.559441,0.210159,0.559441,All
-0.0139907,0.56044,0.211321,0.56044,All
-0.0131344,0.561439,0.21425,0.561439,All
-0.012776,0.562438,0.215617,0.562438,All
-0.0107173,0.563437,0.216151,0.563437,All
-0.00813157,0.564436,0.217423,0.564436,All
-0.00690467,0.565435,0.218263,0.565435,All
-0.00643913,0.566434,0.21977,0.566434,All
-0.00592556,0.567433,0.221998,0.567433,All
-0.00400521,0.568432,0.223978,0.568432,All
-0.00303202,0.569431,0.224188,0.569431,All
-0.00288353,0.57043,0.224499,0.57043,All
-0.0021872,0.571429,0.22745,0.571429,All
-0.00196877,0.572428,0.228343,0.572428,All
-0.0017869,0.573427,0.230963,0.573427,All
-0.00146121,0.574426,0.235572,0.574426,All
-0.000573477,0.575425,0.239284,0.575425,All
0.000580009,0.576424,0.240755,0.576424,All
0.000977615,0.577423,0.243221,0.577423,All
0.00109458,0.578422,0.243997,0.578422,All
0.00149558,0.579421,0.246067,0.579421,All
0.00217498,0.58042,0.247266,0.58042,All
0.00226368,0.581419,0.247757,0.581419,All
0.00355679,0.582418,0.250191,0.582418,All
0.00359129,0.583417,0.250477,0.583417,All
0.00395273,0.584416,0.251639,0.584416,All
0.00446894,0.585415,0.252313,0.585415,All
0.00458069,0.586414,0.253642,0.586414,All
0.00538559,0.587413,0.254585,0.587413,All
0.00638929,0.588412,0.254998,0.588412,All
0.00661505,0.589411,0.259832,0.589411,All
0.00782394,0.59041,0.260906,0.59041,All
0.00811172,0.591409,0.261648,0.591409,All
0.00826797,0.592408,0.262818,0.592408,All
0.00969705,0.593407,0.268231,0.593407,All
0.0100466,0.594406,0.268362,0.594406,All
0.0107269,0.595405,0.271185,0.595405,All
0.0109637,0.596404,0.27309,0.596404,All
0.0115946,0.597403,0.273458,0.597403,All
0.0116467,0.598402,0.275862,0.598402,All
0.0134184,0.599401,0.276858,0.599401,All
0.0137045,0.6004,0.277016,0.6004,All
0.013893,0.601399,0.279396,0.601399,All
0.0156908,0.602398,0.279718,0.602398,All
0.016234,0.603397,0.280224,0.603397,All
0.0165044,0.604396,0.28267,0.604396,All
0.018445,0.605395,0.283424,0.605395,All
0.0188384,0.606394,0.286415,0.606394,All
0.0195604,0.607393,0.28661,0.607393,All
0.0196559,0.608392,0.286809,0.608392,All
0.0201633,0.609391,0.290205,0.609391,All
0.0203036,0.61039,0.290775,0.61039,All
0.0204089,0.611389,0.294912,0.611389,All
0.0208863,0.612388,0.296423,0.612388,All
0.0212223,0.613387,0.298053,0.613387,All
0.0212421,0.614386,0.299715,0.614386,All
0.0216323,0.615385,0.301534,0.615385,All
0.0219477,0.616384,0.304869,0.616384,All
0.0238801,0.617383,0.305902,0.617383,All
0.0240277,0.618382,0.306614,0.618382,All
0.0244342,0.619381,0.306927,0.619381,All
0.0262542,0.62038,0.30779,0.62038,All
0.0267908,0.621379,0.307815,0.621379,All
0.0277004,0.622378,0.309921,0.622378,All
0.0283942,0.623377,0.311136,0.623377,All
0.0306639,0.624376,0.312777,0.624376,All
0.032351,0.625375,0.313105,0.625375,All
0.0326099,0.626374,0.314606,0.626374,All
0.0335472,0.627373,0.316499,0.627373,All
0.0344434,0.628372,0.316987,0.628372,All
0.0350711,0.629371,0.319466,0.629371,All
0.0369303,0.63037,0.319729,0.63037,All
0.0391676,0.631369,0.319845,0.631369,All
0.041244,0.632368,0.320271,0.632368,All
0.0443152,0.633367,0.321145,0.633367,All
0.0445648,0.634366,0.321978,0.634366,All
0.045599,0.635365,0.32356,0.635365,All
0.049765,0.636364,0.323953,0.636364,All
0.0502408,0.637363,0.324043,0.637363,All
0.0504458,0.638362,0.325448,0.638362,All
0.0513584,0.639361,0.3281,0.639361,All
0.0515673,0.64036,0.331273,0.64036,All
0.052075,0.641359,0.331817,0.641359,All
0.0522374,0.642358,0.335327,0.642358,All
0.0537667,0.643357,0.33603,0.643357,All
0.0544542,0.644356,0.343473,0.644356,All
0.0578164,0.645355,0.343582,0.645355,All
0.0581004,0.646354,0.345107,0.646354,All
0.0582048,0.647353,0.346876,0.647353,All
0.0585144,0.648352,0.351923,0.648352,All
0.0587711,0.649351,0.352475,0.649351,All
0.0592417,0.65035,0.352999,0.65035,All
0.0640687,0.651349,0.35308,0.651349,All
0.0641615,0.652348,0.353346,0.652348,All
0.0648909,0.653347,0.355414,0.653347,All
0.0651402,0.654346,0.355966,0.654346,All
0.0665959,0.655345,0.358383,0.655345,All
0.0704125,0.656344,0.360028,0.656344,All
0.0726927,0.657343,0.360778,0.657343,All
0.0739635,0.658342,0.366146,0.658342,All
0.0772985,0.659341,0.370359,0.659341,All
0.0775264,0.66034,0.370781,0.66034,All
0.077843,0.661339,0.37212,0.661339,All
0.0783671,0.662338,0.373181,0.662338,All
0.0783845,0.663337,0.373864,0.663337,All
0.0791789,0.664336,0.377546,0.664336,All
0.0803854,0.665335,0.383018,0.665335,All
0.0804168,0.666334,0.388032,0.666334,All
0.0813828,0.667333,0.388106,0.667333,All
0.0816842,0.668332,0.389622,0.668332,All
0.0828023,0.669331,0.390522,0.669331,All
0.0845348,0.67033,0.394443,0.67033,All
0.0852728,0.671329,0.396288,0.671329,All
0.0859957,0.672328,0.399132,0.672328,All
0.0867091,0.673327,0.399414,0.673327,All
0.08741,0.674326,0.402595,0.674326,All
0.0878417,0.675325,0.405837,0.675325,All
0.0886587,0.676324,0.405878,0.676324,All
0.0921736,0.677323,0.408405,0.677323,All
0.0929042,0.678322,0.408824,0.678322,All
0.0945336,0.679321,0.409278,0.679321,All
0.0968506,0.68032,0.411463,0.68032,All
0.0976372,0.681319,0.41219,0.681319,All
0.0979977,0.682318,0.4149,0.682318,All
0.098813,0.683317,0.417246,0.683317,All
0.0989713,0.684316,0.420813,0.684316,All
0.102152,0.685315,0.421031,0.685315,All
0.103627,0.686314,0.421169,0.686314,All
0.106265,0.687313,0.421733,0.687313,All
0.106889,0.688312,0.422691,0.688312,All
0.110029,0.689311,0.42368,0.689311,All
0.112679,0.69031,0.429066,0.69031,All
0.113169,0.691309,0.429747,0.691309,All
0.114271,0.692308,0.431069,0.692308,All
0.114743,0.693307,0.431345,0.693307,All
0.114776,0.694306,0.43214,0.694306,All
0.116968,0.695305,0.433535,0.695305,All
0.117957,0.696304,0.435258,0.696304,All
0.11821,0.697303,0.435323,0.697303,All
0.120264,0.698302,0.43633,0.698302,All
0.120835,0.699301,0.438623,0.699301,All
0.124553,0.7003,0.440793,0.7003,All
0.124985,0.701299,0.440801,0.701299,All
0.125233,0.702298,0.44318,0.702298,All
0.128529,0.703297,0.443594,0.703297,All
0.129743,0.704296,0.44459,0.704296,All
0.130849,0.705295,0.445355,0.705295,All
0.132293,0.706294,0.445706,0.706294,All
0.133055,0.707293,0.451691,0.707293,All
0.134066,0.708292,0.45228,0.708292,All
0.134591,0.709291,0.453911,0.709291,All
0.13515,0.71029,0.455017,0.71029,All
0.135678,0.711289,0.457202,0.711289,All
0.136306,0.712288,0.457431,0.712288,All
0.136314,0.713287,0.457679,0.713287,All
0.138191,0.714286,0.465002,0.714286,All
0.138894,0.715285,0.469823,0.715285,All
0.139722,0.716284,0.471522,0.716284,All
0.140539,0.717283,0.47192,0.717283,All
0.141236,0.718282,0.472999,0.718282,All
0.142221,0.719281,0.473845,0.719281,All
0.142408,0.72028,0.474006,0.72028,All
0.143447,0.721279,0.47915,0.721279,All
0.145604,0.722278,0.479832,0.722278,All
0.145784,0.723277,0.482264,0.723277,All
0.146097,0.724276,0.4837,0.724276,All
0.146655,0.725275,0.48456,0.725275,All
0.146842,0.726274,0.485514,0.726274,All
0.149895,0.727273,0.486673,0.727273,All
0.150155,0.728272,0.494545,0.728272,All
0.1505,0.729271,0.497976,0.729271,All
0.152436,0.73027,0.501422,0.73027,All
0.153154,0.731269,0.504523,0.731269,All
0.154131,0.732268,0.505534,0.732268,All
0.154268,0.733267,0.507114,0.733267,All
0.155074,0.734266,0.507117,0.734266,All
0.156889,0.735265,0.507321,0.735265,All
0.1594,0.736264,0.50968,0.736264,All
0.164318,0.737263,0.510859,0.737263,All
0.16635,0.738262,0.5118,0.738262,All
0.169586,0.739261,0.512789,0.739261,All
0.169994,0.74026,0.515674,0.74026,All
0.170696,0.741259,0.52092,0.741259,All
0.172012,0.742258,0.521058,0.742258,All
0.17533,0.743257,0.526871,0.743257,All
0.176365,0.744256,0.532684,0.744256,All
0.176527,0.745255,0.533177,0.745255,All
0.176909,0.746254,0.539139,0.746254,All
0.179451,0.747253,0.540762,0.747253,All
0.181124,0.748252,0.545039,0.748252,All
0.182063,0.749251,0.545308,0.749251,All
0.184029,0.75025,0.546408,0.75025,All
0.184987,0.751249,0.548688,0.751249,All
0.187848,0.752248,0.549121,0.752248,All
0.189663,0.753247,0.55009,0.753247,All
0.191184,0.754246,0.554896,0.754246,All
0.191796,0.755245,0.557207,0.755245,All
0.192243,0.756244,0.557853,0.756244,All
0.192315,0.757243,0.557879,0.757243,All
0.192829,0.758242,0.561252,0.758242,All
0.192948,0.759241,0.561631,0.759241,All
0.193583,0.76024,0.563257,0.76024,All
0.19735,0.761239,0.56495,0.761239,All
0.19843,0.762238,0.568592,0.762238,All
0.20024,0.763237,0.569101,0.763237,All
0.200495,0.764236,0.56945,0.764236,All
0.200964,0.765235,0.571493,0.765235,All
0.202282,0.766234,0.571871,0.766234,All
0.202726,0.767233,0.576266,0.767233,All
0.203944,0.768232,0.58391,0.768232,All
0.207889,0.769231,0.585644,0.769231,All
0.210562,0.77023,0.592324,0.77023,All
0.213077,0.771229,0.59365,0.771229,All
0.220348,0.772228,0.594108,0.772228,All
0.223739,0.773227,0.594235,0.773227,All
0.224194,0.774226,0.5968,0.774226,All
0.224647,0.775225,0.60398,0.775225,All
0.225381,0.776224,0.606275,0.776224,All
0.227045,0.777223,0.606284,0.777223,All
0.227758,0.778222,0.612333,0.778222,All
0.228284,0.779221,0.618771,0.779221,All
0.232411,0.78022,0.621278,0.78022,All
0.232551,0.781219,0.627136,0.781219,All
0.233351,0.782218,0.62763,0.782218,All
0.235831,0.783217,0.632867,0.783217,All
0.238019,0.784216,0.635896,0.784216,All
0.23909,0.785215,0.642613,0.785215,All
0.239633,0.786214,0.643826,0.786214,All
0.23984,0.787213,0.649188,0.787213,All
0.24086,0.788212,0.649652,0.788212,All
0.24199,0.789211,0.652585,0.789211,All
0.243274,0.79021,0.664685,0.79021,All
0.244057,0.791209,0.664832,0.791209,All
0.245494,0.792208,0.66562,0.792208,All
0.245642,0.793207,0.666816,0.793207,All
0.247973,0.794206,0.670043,0.794206,All
0.24859,0.795205,0.675004,0.795205,All
0.248792,0.796204,0.675686,0.796204,All
0.250853,0.797203,0.675982,0.797203,All
0.253023,0.798202,0.676502,0.798202,All
0.253323,0.799201,0.677257,0.799201,All
0.254449,0.8002,0.677329,0.8002,All
0.258613,0.801199,0.677958,0.801199,All
0.260844,0.802198,0.678767,0.802198,All
0.262864,0.803197,0.683577,0.803197,All
0.264259,0.804196,0.685522,0.804196,All
0.265343,0.805195,0.707137,0.805195,All
0.26736,0.806194,0.710854,0.806194,All
0.267366,0.807193,0.71143,0.807193,All
0.267454,0.808192,0.71497,0.808192,All
0.267806,0.809191,0.716918,0.809191,All
0.268082,0.81019,0.719044,0.81019,All
0.268087,0.811189,0.722565,0.811189,All
0.270003,0.812188,0.724804,0.812188,All
0.270936,0.813187,0.727963,0.813187,All
0.275508,0.814186,0.734139,0.814186,All
0.27625,0.815185,0.735908,0.815185,All
0.276899,0.816184,0.740221,0.816184,All
0.283572,0.817183,0.743624,0.817183,All
0.286386,0.818182,0.745529,0.818182,All
0.289919,0.819181,0.749388,0.819181,All
0.291617,0.82018,0.751387,0.82018,All
0.293185,0.821179,0.751892,0.821179,All
0.293694,0.822178,0.754536,0.822178,All
0.295222,0.823177,0.758311,0.823177,All
0.298416,0.824176,0.758339,0.824176,All
0.298667,0.825175,0.764724,0.825175,All
0.300147,0.826174,0.76779,0.826174,All
0.300816,0.827173,0.772766,0.827173,All
0.303045,0.828172,0.783346,0.828172,All
0.307672,0.829171,0.786792,0.829171,All
0.309288,0.83017,0.787223,0.83017,All
0.310064,0.831169,0.788047,0.831169,All
0.313734,0.832168,0.789416,0.832168,All
0.313803,0.833167,0.794891,0.833167,All
0.317804,0.834166,0.803087,0.834166,All
0.319341,0.835165,0.810526,0.835165,All
0.321253,0.836164,0.813216,0.836164,All
0.322869,0.837163,0.818071,0.837163,All
0.322988,0.838162,0.822551,0.838162,All
0.329135,0.839161,0.827673,0.839161,All
0.333022,0.84016,0.836018,0.84016,All
0.338193,0.841159,0.837565,0.841159,All
0.34818,0.842158,0.838288,0.842158,All
0.351095,0.843157,0.839143,0.843157,All
0.352754,0.844156,0.843054,0.844156,All
0.353019,0.845155,0.843058,0.845155,All
0.354965,0.846154,0.848095,0.846154,All
0.355976,0.847153,0.850143,0.847153,All
0.359542,0.848152,0.854974,0.848152,All
0.360694,0.849151,0.855642,0.849151,All
0.361538,0.85015,0.855671,0.85015,All
0.362534,0.851149,0.857414,0.851149,All
0.367692,0.852148,0.862752,0.852148,All
0.368638,0.853147,0.872595,0.853147,All
0.370383,0.854146,0.873223,0.854146,All
0.370605,0.855145,0.875748,0.855145,All
0.372045,0.856144,0.879309,0.856144,All
0.373389,0.857143,0.880825,0.857143,All
0.376205,0.858142,0.887298,0.858142,All
0.377086,0.859141,0.889634,0.859141,All
0.381669,0.86014,0.895574,0.86014,All
0.382789,0.861139,0.89644,0.861139,All
0.383622,0.862138,0.897237,0.862138,All
0.384159,0.863137,0.906484,0.863137,All
0.384345,0.864136,0.909688,0.864136,All
0.385219,0.865135,0.914516,0.865135,All
0.385418,0.866134,0.920487,0.866134,All
0.3871,0.867133,0.922037,0.867133,All
0.387671,0.868132,0.922388,0.868132,All
0.388767,0.869131,0.924408,0.869131,All
0.389369,0.87013,0.932447,0.87013,All
0.390511,0.871129,0.94196,0.871129,All
0.394123,0.872128,0.94577,0.872128,All
0.401928,0.873127,0.949151,0.873127,All
0.40444,0.874126,0.951738,0.874126,All
0.413987,0.875125,0.954959,0.875125,All
0.417496,0.876124,0.959825,0.876124,All
0.419787,0.877123,0.970837,0.877123,All
0.420888,0.878122,0.974195,0.878122,All
0.422705,0.879121,0.978266,0.879121,All
0.425619,0.88012,0.978452,0.88012,All
0.426875,0.881119,0.979835,0.881119,All
0.42778,0.882118,0.980534,0.882118,All
0.435749,0.883117,0.981251,0.883117,All
0.437744,0.884116,0.985364,0.884116,All
0.440637,0.885115,0.990936,0.885115,All
0.445246,0.886114,0.990967,0.886114,All
0.446198,0.887113,0.99829,0.887113,All
0.448152,0.888112,1.00942,0.888112,All
0.449781,0.889111,1.01258,0.889111,All
0.452713,0.89011,1.01537,0.89011,All
0.452793,0.891109,1.01889,0.891109,All
0.454959,0.892108,1.02059,0.892108,All
0.455235,0.893107,1.03365,0.893107,All
0.45619,0.894106,1.03758,0.894106,All
0.457382,0.895105,1.04216,0.895105,All
0.457391,0.896104,1.04302,0.896104,All
0.458559,0.897103,1.04424,0.897103,All
0.462702,0.898102,1.04724,0.898102,All
0.463369,0.899101,1.05006,0.899101,All
0.463476,0.9001,1.05184,0.9001,All
0.4637,0.901099,1.05687,0.901099,All
0.468623,0.902098,1.07322,0.902098,All
0.475833,0.903097,1.07972,0.903097,All
0.477809,0.904096,1.08697,0.904096,All
0.479062,0.905095,1.09235,0.905095,All
0.483262,0.906094,1.10329,0.906094,All
0.485116,0.907093,1.10664,0.907093,All
0.486033,0.908092,1.11082,0.908092,All
0.493069,0.909091,1.12636,0.909091,All
0.501948,0.91009,1.12696,0.91009,All
0.502152,0.911089,1.12728,0.911089,All
0.515947,0.912088,1.12811,0.912088,All
0.517418,0.913087,1.13169,0.913087,All
0.52537,0.914086,1.13864,0.914086,All
0.534668,0.915085,1.14482,0.915085,All
0.542277,0.916084,1.145,0.916084,All
0.555416,0.917083,1.1473,0.917083,All
0.568763,0.918082,1.14746,0.918082,All
0.570476,0.919081,1.14875,0.919081,All
0.571568,0.92008,1.15753,0.92008,All
0.573559,0.921079,1.15847,0.921079,All
0.576589,0.922078,1.15913,0.922078,All
0.579966,0.923077,1.16377,0.923077,All
0.58601,0.924076,1.16841,0.924076,All
0.588085,0.925075,1.19194,0.925075,All
0.589482,0.926074,1.19247,0.926074,All
0.590425,0.927073,1.19318,0.927073,All
0.592716,0.928072,1.1967,0.928072,All
0.594434,0.929071,1.20693,0.929071,All
0.600125,0.93007,1.21615,0.93007,All
0.611417,0.931069,1.22525,0.931069,All
0.621494,0.932068,1.23549,0.932068,All
0.630065,0.933067,1.24883,0.933067,All
0.642987,0.934066,1.25334,0.934066,All
0.649723,0.935065,1.26548,0.935065,All
0.653247,0.936064,1.26575,0.936064,All
0.662753,0.937063,1.27365,0.937063,All
0.673307,0.938062,1.27515,0.938062,All
0.677633,0.939061,1.27579,0.939061,All
0.6796,0.94006,1.28066,0.94006,All
0.687018,0.941059,1.28113,0.941059,All
0.695764,0.942058,1.28678,0.942058,All
0.703532,0.943057,1.29091,0.943057,All
0.75814,0.944056,1.29454,0.944056,All
0.758567,0.945055,1.29584,0.945055,All
0.768399,0.946054,1.29672,0.946054,All
0.771663,0.947053,1.29721,0.947053,All
0.774512,0.948052,1.30208,0.948052,All
0.792185,0.949051,1.31478,0.949051,All
0.793432,0.95005,1.32548,0.95005,All
0.816146,0.951049,1.3258,0.951049,All
0.818731,0.952048,1.32693,0.952048,All
0.823832,0.953047,1.33323,0.953047,All
0.829725,0.954046,1.33599,0.954046,All
0.842993,0.955045,1.3399,0.955045,All
0.861782,0.956044,1.34945,0.956044,All
0.866206,0.957043,1.35212,0.957043,All
0.882844,0.958042,1.36067,0.958042,All
0.926357,0.959041,1.36273,0.959041,All
0.928672,0.96004,1.37188,0.96004,All
0.935749,0.961039,1.37346,0.961039,All
0.948647,0.962038,1.39747,0.962038,All
0.959358,0.963037,1.40146,0.963037,All
0.965296,0.964036,1.41244,0.964036,All
0.969629,0.965035,1.42207,0.965035,All
0.973577,0.966034,1.4313,0.966034,All
0.997787,0.967033,1.43792,0.967033,All
1.00738,0.968032,1.44378,0.968032,All
1.00847,0.969031,1.46383,0.969031,All
1.00877,0.97003,1.48543,0.97003,All
1.00905,0.971029,1.50539,0.971029,All
1.03311,0.972028,1.51687,0.972028,All
1.03354,0.973027,1.51771,0.973027,All
1.046,0.974026,1.52423,0.974026,All
1.06461,0.975025,1.54463,0.975025,All
1.06647,0.976024,1.54541,0.976024,All
1.083,0.977023,1.54912,0.977023,All
1.1071,0.978022,1.55166,0.978022,All
1.12627,0.979021,1.56822,0.979021,All
1.12759,0.98002,1.57778,0.98002,All
1.13643,0.981019,1.59046,0.981019,All
1.16322,0.982018,1.60971,0.982018,All
1.16948,0.983017,1.64745,0.983017,All
1.17552,0.984016,1.69017,0.984016,All
1.21832,0.985015,1.75311,0.985015,All
1.24421,0.986014,1.76324,0.986014,All
1.25394,0.987013,1.79406,0.987013,All
1.25829,0.988012,1.80062,0.988012,All
1.27077,0.989011,1.83637,0.989011,All
1.36771,0.99001,1.84762,0.99001,All
1.37069,0.991009,1.87158,0.991009,All
1.38133,0.992008,1.87538,0.992008,All
1.38666,0.993007,1.87555,0.993007,All
1.42889,0.994006,1.89694,0.994006,All
1.47804,0.995005,1.93249,0.995005,All
1.5449,0.996004,1.94776,0.996004,All
1.5793,0.997003,2.02489,0.997003,All
1.63457,0.998002,2.04926,0.998002,All
1.66261,0.999001,2.06456,0.999001,All
1.84239,1,2.91701,1,All
4,1,4,1,All
