popPred_spline_abscissa,popPred_spline,popPred_ci_abscissa,popPred_piLower,popPred_piUpper,indivPred_spline_abscissa,indivPred_spline,indivPred_ci_abscissa,indivPred_piLower,indivPred_piUpper,split
0.1747,13.1417,0.1747,-5.58186,5.93126,0.626177,1.10872,0.626177,-5.13039,6.38274,All
0.19852,13.1352,0.19852,-5.55804,5.95508,0.68701,1.17438,0.68701,-5.06955,6.44357,All
0.225588,13.1293,0.225588,-5.53098,5.98215,0.753752,1.24642,0.753752,-5.00281,6.51032,All
0.256347,13.128,0.256347,-5.50022,6.01291,0.826978,1.32546,0.826978,-4.92959,6.58354,All
0.291299,13.1266,0.291299,-5.46527,6.04786,0.907318,1.41218,0.907318,-4.84925,6.66388,All
0.331017,13.125,0.331017,-5.42555,6.08758,0.995462,1.50732,0.995462,-4.7611,6.75203,All
0.37615,13.1231,0.37615,-5.38041,6.13271,1.09217,1.61171,1.09217,-4.66439,6.84873,All
0.427437,13.121,0.427437,-5.32913,6.184,1.19827,1.72624,1.19827,-4.55829,6.95484,All
0.485717,13.1186,0.485717,-5.27085,6.24228,1.31468,1.85189,1.31468,-4.44188,7.07125,All
0.551944,13.1159,0.551944,-5.20462,6.30851,1.4424,1.98975,1.4424,-4.31416,7.19897,All
0.6272,13.1129,0.6272,-5.12936,6.38376,1.58253,2.141,1.58253,-4.17403,7.3391,All
0.712717,13.1174,0.712717,-5.04385,6.46928,1.73627,2.30695,1.73627,-4.02029,7.49284,All
0.809895,13.1381,0.809895,-4.94667,6.56646,1.90488,2.48894,1.90488,-3.85168,7.66145,All
0.920322,13.1697,0.920322,-4.83624,6.67689,1.90495,2.48901,1.90495,-3.85161,7.66151,All
1.04581,13.2128,1.04581,-4.71076,6.80237,2.09001,2.68877,2.09001,-3.66655,7.84658,All
1.1884,13.2763,1.1884,-4.56817,6.94496,2.29306,2.89574,2.29306,-3.46351,8.04962,All
1.35043,13.358,1.35043,-4.40613,7.107,2.51582,3.07366,2.51582,-3.24074,8.27239,All
1.53456,13.4721,1.53456,-4.222,7.29113,2.76023,3.26887,2.76023,-2.99633,8.5168,All
1.7438,13.6108,1.7438,-4.01277,7.50036,3.02838,3.47578,3.02838,-2.72818,8.78495,All
1.98156,13.778,1.98156,-3.77501,7.73812,3.18359,3.58895,3.18359,-2.57298,8.94015,All
2.25174,13.9836,2.25174,-3.50483,8.0083,3.32259,3.6902,3.32259,-2.43398,9.07915,All
2.25514,13.9863,2.25514,-3.50142,8.0117,3.64537,3.92531,3.64537,-2.11119,9.40194,All
2.55876,14.2173,2.55876,-3.19781,8.31532,3.99952,4.18395,3.99952,-1.75705,9.75608,All
2.90764,14.4751,2.90764,-2.84893,8.6642,4.38807,4.47571,4.38807,-1.3685,10.1446,All
3.30409,14.7261,3.30409,-2.45248,9.06065,4.46229,4.53329,4.46229,-1.29427,10.2189,All
3.75459,14.9233,3.75459,-2.00197,9.51116,4.81436,4.81878,4.81436,-0.942204,10.5709,All
4.26652,14.9707,4.26652,-1.49004,10.0231,5.28207,5.23352,5.28207,-0.474494,11.0386,All
4.33558,14.9663,4.33558,-1.42098,10.0921,5.741,5.69411,5.741,-0.0155669,11.4976,All
4.84825,14.7892,4.84825,-0.908312,10.6048,5.79522,5.75154,5.79522,0.0386522,11.5518,All
5.5093,14.5202,5.5093,-0.247264,11.2659,6.35821,6.34146,6.35821,0.60165,12.1148,All
6.26048,14.8047,6.26048,0.503916,12.017,6.97591,6.86485,6.97591,1.21934,12.7325,All
6.41602,14.8886,6.41602,0.659456,12.1726,7.0197,6.8971,7.0197,1.26314,12.7763,All
7.11408,14.2117,7.11408,1.35752,12.8706,7.65361,7.48528,7.65361,1.89704,13.4102,All
8.08407,15.2436,8.08407,2.3275,13.8406,8.29841,8.18995,8.29841,2.54184,14.055,All
8.49646,14.6122,8.49646,2.7399,14.253,8.39715,8.31202,8.39715,2.64058,14.1537,All
9.18631,14.8837,9.18631,3.42975,14.9429,9.21292,9.13614,9.21292,3.45635,14.9695,All
10.4388,15.6148,10.4388,4.68228,16.1954,9.57711,9.39219,9.57711,3.82055,15.3337,All
10.5769,15.6247,10.5769,4.82034,16.3335,10.1079,9.99215,10.1079,4.35138,15.8645,All
11.8622,15.5194,11.8622,6.10559,17.6187,10.8558,10.6281,10.8558,5.09925,16.6124,All
12.6573,15.9081,12.6573,6.90078,18.4139,11.0899,10.7994,11.0899,5.33335,16.8465,All
13.4795,16.5396,13.4795,7.72297,19.2361,12.1345,12.2355,12.1345,6.37796,17.8911,All
14.7378,17.3212,14.7378,8.98122,20.4943,12.1673,12.2842,12.1673,6.41072,17.9239,All
15.3174,16.6501,15.3174,9.56087,21.074,13.3493,13.305,13.3493,7.59276,19.1059,All
16.8182,17.6795,16.8182,11.0617,22.5748,13.4132,13.3968,13.4132,7.65666,19.1698,All
17.4059,17.4774,17.4059,11.6494,23.1625,14.6462,14.5788,14.6462,8.88963,20.4028,All
18.8987,18.1699,18.8987,13.1421,24.6552,14.6919,14.5981,14.6919,8.93537,20.4485,All
19.7792,18.1956,19.7792,14.0226,25.5358,15.9706,15.9488,15.9706,10.2141,21.7272,All
20.9791,18.7224,20.9791,15.2225,26.7357,16.0691,15.9807,16.0691,10.3125,21.8256,All
22.476,18.3255,22.476,16.7195,28.2326,17.2493,17.0454,17.2493,11.4928,23.0059,All
23.0595,19.8077,23.0595,17.303,28.8161,17.6301,17.6893,17.6301,11.8736,23.3867,All
25.14,20.232,25.14,19.3834,30.8965,18.528,18.6743,18.528,12.7715,24.2846,All
25.5406,20.1993,25.5406,19.784,31.2971,19.3429,19.2453,19.3429,13.5863,25.0995,All
27.2204,20.1493,27.2204,21.4639,32.977,19.8068,19.9278,19.8068,14.0502,25.5633,All
29.023,20.6041,29.023,23.2664,34.7795,21.0855,21.0532,21.0855,15.3289,26.842,All
29.3009,20.8718,29.3009,23.5443,35.0574,21.222,21.2311,21.222,15.4655,26.9786,All
31.3813,21.6273,31.3813,25.6247,37.1379,22.3642,22.3191,22.3642,16.6076,28.1207,All
32.9802,21.3028,32.9802,27.2236,38.7368,23.2837,23.3332,23.2837,17.5272,29.0403,All
33.4617,21.3712,33.4617,27.7052,39.2183,23.6429,23.7551,23.6429,17.8863,29.3994,All
35.5422,21.8667,35.5422,29.7856,41.2987,24.9216,25.0566,24.9216,19.165,30.6781,All
37.477,22.4362,37.477,31.7204,43.2335,25.5457,25.7523,25.5457,19.7891,31.3023,All
37.6226,22.4796,37.6226,31.8661,43.3792,26.2003,26.173,26.2003,20.4437,31.9568,All
39.7031,23.0744,39.7031,33.9465,45.4596,27.479,27.6992,27.479,21.7224,33.2355,All
41.7835,23.6263,41.7835,36.0269,47.5401,28.0274,28.21,28.0274,22.2709,33.784,All
42.5869,23.828,42.5869,36.8303,48.3434,28.7577,28.8903,28.7577,23.0011,34.5143,All
43.8639,24.1365,43.8639,38.1074,49.6205,30.0364,30.1436,30.0364,24.2798,35.793,All
45.9444,24.6071,45.9444,40.1878,51.7009,30.7503,30.8581,30.7503,24.9937,36.5068,All
48.0248,25.0467,48.0248,42.2683,53.7814,31.3151,31.4168,31.3151,25.5585,37.0717,All
48.3935,25.1201,48.3935,42.6369,54.15,32.5938,32.6661,32.5938,26.8372,38.3504,All
50.1053,25.452,50.1053,44.3487,55.8618,33.7376,33.8023,33.7376,27.9811,39.4942,All
52.1857,25.8284,52.1857,46.4291,57.9423,33.8725,33.9393,33.8725,28.1159,39.6291,All
54.2661,26.1798,54.2661,48.5096,60.0227,35.1512,35.2675,35.1512,29.3946,40.9078,All
54.9918,26.2965,54.9918,49.2352,60.7484,36.4299,36.6311,36.4299,30.6734,42.1865,All
56.3466,26.5039,56.3466,50.59,62.1031,37.0152,37.2599,37.0152,31.2586,42.7718,All
58.427,26.8173,58.427,52.6705,64.1836,37.7086,38.0041,37.7086,31.9521,43.4652,All
60.5075,27.1021,60.5075,54.7509,66.264,38.9873,39.362,38.9873,33.2308,44.7439,All
62.4898,27.3735,62.4898,56.7332,68.2464,40.266,40.6953,40.266,34.5095,46.0226,All
62.5879,27.3869,62.5879,56.8313,68.3445,40.6112,41.0511,40.6112,34.8546,46.3677,All
64.6683,27.7317,64.6683,58.9118,70.4249,41.5447,42.0028,41.5447,35.7882,47.3013,All
66.7488,28.1247,66.7488,60.9922,72.5053,42.8234,43.2918,42.8234,37.0669,48.58,All
68.8292,28.5176,68.8292,63.0727,74.5858,44.1021,44.5764,44.1021,38.3456,49.8587,All
70.9097,28.9106,70.9097,65.1531,76.6662,44.5565,45.0265,44.5565,38.7999,50.3131,All
71.0101,28.9296,71.0101,65.2536,76.7667,45.3809,45.8427,45.3809,39.6243,51.1374,All
72.9901,29.3036,72.9901,67.2335,78.7467,46.6596,47.0979,46.6596,40.903,52.4161,All
75.0705,29.6966,75.0705,69.314,80.8271,47.9383,48.3491,47.9383,42.1817,53.6948,All
77.151,30.0896,77.151,71.3944,82.9075,48.8851,49.2729,48.8851,43.1285,54.6417,All
79.2314,30.4826,79.2314,73.4749,84.988,49.217,49.5966,49.217,43.4604,54.9735,All
80.6922,30.7585,80.6922,74.9356,86.4488,50.4957,50.8454,50.4957,44.7391,56.2522,All
81.3119,30.8756,81.3119,75.5553,87.0684,51.7744,52.0958,51.7744,46.0178,57.5309,All
83.3923,31.2686,83.3923,77.6357,89.1489,53.0531,53.3559,53.0531,47.2965,58.8096,All
85.4727,31.6615,85.4727,79.7162,91.2293,53.6342,53.9285,53.6342,47.8777,59.3908,All
87.5532,32.0545,87.5532,81.7966,93.3097,54.3318,54.6249,54.3318,48.5752,60.0884,All
89.6336,32.4475,89.6336,83.8771,95.3902,55.6105,55.9024,55.6105,49.8539,61.3671,All
91.6944,32.8368,91.6944,85.9378,97.451,56.8892,57.2021,56.8892,51.1326,62.6458,All
91.7141,32.8405,91.7141,85.9575,97.4706,58.1679,58.5162,58.1679,52.4113,63.9245,All
93.7945,33.2335,93.7945,88.0379,99.5511,58.8447,59.248,58.8447,53.0882,64.6013,All
95.8749,33.6265,95.8749,90.1184,101.632,59.4466,59.8988,59.4466,53.69,65.2032,All
97.9554,34.0195,97.9554,92.1988,103.712,60.7253,61.2814,60.7253,54.9688,66.4819,All
100.036,34.4125,100.036,94.2793,105.792,62.004,62.664,62.004,56.2475,67.7606,All
102.116,34.8054,102.116,96.3597,107.873,63.2827,64.0466,63.2827,57.5262,69.0393,All
104.197,35.1984,104.197,98.4401,109.953,64.5614,65.4964,64.5614,58.8049,70.318,All
