pwRes_abscissa,pwRes_cdf,iwRes_abscissa,iwRes_cdf,npde_abscissa,npde_cdf,split
-4,0,-4,0,-4,0,All
-2.12475,0.000634115,-3.64148,0.000634115,-3.41059,0.000634115,All
-1.9011,0.00126823,-2.91144,0.00126823,-2.92804,0.00126823,All
-1.58986,0.00190235,-2.85162,0.00190235,-2.40073,0.00190235,All
-1.46031,0.00253646,-2.52955,0.00253646,-1.71465,0.00253646,All
-1.32766,0.00317058,-2.52317,0.00317058,-1.5707,0.00317058,All
-1.22443,0.00380469,-2.28984,0.00380469,-1.44643,0.00380469,All
-1.15914,0.00443881,-2.0795,0.00443881,-1.25292,0.00443881,All
-1.10745,0.00507292,-2.01739,0.00507292,-1.22727,0.00507292,All
-1.06874,0.00570704,-1.87195,0.00570704,-1.15453,0.00570704,All
-1.01148,0.00634115,-1.85475,0.00634115,-1.15288,0.00634115,All
-1.00196,0.00697527,-1.79034,0.00697527,-1.10753,0.00697527,All
-0.97872,0.00760938,-1.75423,0.00760938,-1.06711,0.00760938,All
-0.927336,0.0082435,-1.64998,0.0082435,-1.05418,0.0082435,All
-0.921794,0.00887762,-1.47259,0.00887762,-0.959563,0.00887762,All
-0.919759,0.00951173,-1.46881,0.00951173,-0.947386,0.00951173,All
-0.91114,0.0101458,-1.4651,0.0101458,-0.899368,0.0101458,All
-0.895014,0.01078,-1.45681,0.01078,-0.894691,0.01078,All
-0.875054,0.0114141,-1.4426,0.0114141,-0.862659,0.0114141,All
-0.860981,0.0120482,-1.37092,0.0120482,-0.852003,0.0120482,All
-0.83172,0.0126823,-1.23638,0.0126823,-0.850799,0.0126823,All
-0.823906,0.0133164,-1.23195,0.0133164,-0.813766,0.0133164,All
-0.81138,0.0139505,-1.19851,0.0139505,-0.804822,0.0139505,All
-0.809611,0.0145847,-1.17511,0.0145847,-0.798005,0.0145847,All
-0.807108,0.0152188,-1.13817,0.0152188,-0.786552,0.0152188,All
-0.80005,0.0158529,-1.12168,0.0158529,-0.760509,0.0158529,All
-0.797235,0.016487,-1.11452,0.016487,-0.757872,0.016487,All
-0.796877,0.0171211,-1.06215,0.0171211,-0.746806,0.0171211,All
-0.787571,0.0177552,-1.01933,0.0177552,-0.743691,0.0177552,All
-0.783014,0.0183893,-0.998016,0.0183893,-0.742365,0.0183893,All
-0.781935,0.0190235,-0.997285,0.0190235,-0.738766,0.0190235,All
-0.781477,0.0196576,-0.988162,0.0196576,-0.733373,0.0196576,All
-0.7777,0.0202917,-0.981093,0.0202917,-0.709325,0.0202917,All
-0.766716,0.0209258,-0.976077,0.0209258,-0.695833,0.0209258,All
-0.763753,0.0215599,-0.964581,0.0215599,-0.690547,0.0215599,All
-0.750621,0.022194,-0.95703,0.022194,-0.68109,0.022194,All
-0.735752,0.0228282,-0.915823,0.0228282,-0.680096,0.0228282,All
-0.720767,0.0234623,-0.908055,0.0234623,-0.666492,0.0234623,All
-0.71595,0.0240964,-0.90108,0.0240964,-0.663775,0.0240964,All
-0.713733,0.0247305,-0.881617,0.0247305,-0.652296,0.0247305,All
-0.710012,0.0253646,-0.873606,0.0253646,-0.644943,0.0253646,All
-0.702608,0.0259987,-0.854381,0.0259987,-0.634777,0.0259987,All
-0.701438,0.0266328,-0.852236,0.0266328,-0.633862,0.0266328,All
-0.699651,0.027267,-0.843093,0.027267,-0.630274,0.027267,All
-0.691518,0.0279011,-0.840153,0.0279011,-0.625264,0.0279011,All
-0.682311,0.0285352,-0.837478,0.0285352,-0.624872,0.0285352,All
-0.682206,0.0291693,-0.819161,0.0291693,-0.623969,0.0291693,All
-0.6719,0.0298034,-0.818452,0.0298034,-0.623911,0.0298034,All
-0.667247,0.0304375,-0.802843,0.0304375,-0.608724,0.0304375,All
-0.666529,0.0310717,-0.802398,0.0310717,-0.604662,0.0310717,All
-0.665772,0.0317058,-0.794808,0.0317058,-0.60073,0.0317058,All
-0.664813,0.0323399,-0.769879,0.0323399,-0.596487,0.0323399,All
-0.656558,0.032974,-0.764719,0.032974,-0.594628,0.032974,All
-0.656358,0.0336081,-0.764312,0.0336081,-0.588716,0.0336081,All
-0.654381,0.0342422,-0.761692,0.0342422,-0.586298,0.0342422,All
-0.652687,0.0348763,-0.759608,0.0348763,-0.582702,0.0348763,All
-0.652424,0.0355105,-0.75543,0.0355105,-0.569618,0.0355105,All
-0.652148,0.0361446,-0.752287,0.0361446,-0.566304,0.0361446,All
-0.650785,0.0367787,-0.733331,0.0367787,-0.565087,0.0367787,All
-0.643859,0.0374128,-0.728622,0.0374128,-0.563482,0.0374128,All
-0.641628,0.0380469,-0.719261,0.0380469,-0.562769,0.0380469,All
-0.641475,0.038681,-0.716919,0.038681,-0.562366,0.038681,All
-0.641261,0.0393152,-0.70578,0.0393152,-0.55916,0.0393152,All
-0.637763,0.0399493,-0.703767,0.0399493,-0.553676,0.0399493,All
-0.637227,0.0405834,-0.6973,0.0405834,-0.550046,0.0405834,All
-0.634853,0.0412175,-0.696781,0.0412175,-0.547772,0.0412175,All
-0.630465,0.0418516,-0.693671,0.0418516,-0.547422,0.0418516,All
-0.625525,0.0424857,-0.682395,0.0424857,-0.536952,0.0424857,All
-0.621704,0.0431198,-0.677564,0.0431198,-0.536805,0.0431198,All
-0.621127,0.043754,-0.676223,0.043754,-0.535521,0.043754,All
-0.619167,0.0443881,-0.670806,0.0443881,-0.534079,0.0443881,All
-0.616252,0.0450222,-0.669363,0.0450222,-0.532299,0.0450222,All
-0.60882,0.0456563,-0.667418,0.0456563,-0.530927,0.0456563,All
-0.608772,0.0462904,-0.666709,0.0462904,-0.529472,0.0462904,All
-0.606774,0.0469245,-0.659752,0.0469245,-0.528696,0.0469245,All
-0.604669,0.0475587,-0.653358,0.0475587,-0.515758,0.0475587,All
-0.604571,0.0481928,-0.631039,0.0481928,-0.515054,0.0481928,All
-0.603463,0.0488269,-0.620949,0.0488269,-0.514098,0.0488269,All
-0.602952,0.049461,-0.616363,0.049461,-0.513938,0.049461,All
-0.602459,0.0500951,-0.601629,0.0500951,-0.508637,0.0500951,All
-0.601412,0.0507292,-0.599847,0.0507292,-0.503781,0.0507292,All
-0.594933,0.0513633,-0.598615,0.0513633,-0.502774,0.0513633,All
-0.594772,0.0519975,-0.597542,0.0519975,-0.501511,0.0519975,All
-0.592478,0.0526316,-0.595885,0.0526316,-0.498245,0.0526316,All
-0.586459,0.0532657,-0.589097,0.0532657,-0.497565,0.0532657,All
-0.57737,0.0538998,-0.586128,0.0538998,-0.496567,0.0538998,All
-0.575691,0.0545339,-0.579293,0.0545339,-0.49129,0.0545339,All
-0.568708,0.055168,-0.5735,0.055168,-0.489849,0.055168,All
-0.566811,0.0558022,-0.57189,0.0558022,-0.487781,0.0558022,All
-0.560257,0.0564363,-0.564797,0.0564363,-0.484981,0.0564363,All
-0.552529,0.0570704,-0.563822,0.0570704,-0.483858,0.0570704,All
-0.550819,0.0577045,-0.560748,0.0577045,-0.464278,0.0577045,All
-0.546222,0.0583386,-0.559706,0.0583386,-0.454987,0.0583386,All
-0.545595,0.0589727,-0.551489,0.0589727,-0.454473,0.0589727,All
-0.54446,0.0596068,-0.55091,0.0596068,-0.453075,0.0596068,All
-0.541248,0.060241,-0.54094,0.060241,-0.435523,0.060241,All
-0.539616,0.0608751,-0.534629,0.0608751,-0.432881,0.0608751,All
-0.538819,0.0615092,-0.520916,0.0615092,-0.42514,0.0615092,All
-0.538309,0.0621433,-0.52044,0.0621433,-0.420311,0.0621433,All
-0.53681,0.0627774,-0.516969,0.0627774,-0.418858,0.0627774,All
-0.535191,0.0634115,-0.516247,0.0634115,-0.418611,0.0634115,All
-0.532928,0.0640457,-0.491769,0.0640457,-0.410526,0.0640457,All
-0.530441,0.0646798,-0.486169,0.0646798,-0.408158,0.0646798,All
-0.528293,0.0653139,-0.476611,0.0653139,-0.405484,0.0653139,All
-0.527423,0.065948,-0.474267,0.065948,-0.402648,0.065948,All
-0.526029,0.0665821,-0.468925,0.0665821,-0.400784,0.0665821,All
-0.522642,0.0672162,-0.464482,0.0672162,-0.400596,0.0672162,All
-0.520655,0.0678503,-0.462767,0.0678503,-0.400503,0.0678503,All
-0.520278,0.0684845,-0.457148,0.0684845,-0.393943,0.0684845,All
-0.517942,0.0691186,-0.456577,0.0691186,-0.390285,0.0691186,All
-0.517115,0.0697527,-0.455116,0.0697527,-0.381446,0.0697527,All
-0.51325,0.0703868,-0.451699,0.0703868,-0.378916,0.0703868,All
-0.505487,0.0710209,-0.451165,0.0710209,-0.377503,0.0710209,All
-0.499283,0.071655,-0.449489,0.071655,-0.375012,0.071655,All
-0.492971,0.0722892,-0.449335,0.0722892,-0.373972,0.0722892,All
-0.490634,0.0729233,-0.446143,0.0729233,-0.369219,0.0729233,All
-0.482399,0.0735574,-0.441974,0.0735574,-0.368806,0.0735574,All
-0.479438,0.0741915,-0.439409,0.0741915,-0.367648,0.0741915,All
-0.478474,0.0748256,-0.438785,0.0748256,-0.365574,0.0748256,All
-0.473619,0.0754597,-0.437644,0.0754597,-0.363806,0.0754597,All
-0.473138,0.0760938,-0.435692,0.0760938,-0.363445,0.0760938,All
-0.471632,0.076728,-0.431424,0.076728,-0.360992,0.076728,All
-0.470485,0.0773621,-0.423586,0.0773621,-0.360965,0.0773621,All
-0.468633,0.0779962,-0.422486,0.0779962,-0.360844,0.0779962,All
-0.468594,0.0786303,-0.421847,0.0786303,-0.358564,0.0786303,All
-0.466894,0.0792644,-0.419292,0.0792644,-0.357336,0.0792644,All
-0.466866,0.0798985,-0.416936,0.0798985,-0.356582,0.0798985,All
-0.46571,0.0805327,-0.415931,0.0805327,-0.355364,0.0805327,All
-0.462882,0.0811668,-0.41563,0.0811668,-0.352842,0.0811668,All
-0.458225,0.0818009,-0.41407,0.0818009,-0.349879,0.0818009,All
-0.455302,0.082435,-0.412267,0.082435,-0.344797,0.082435,All
-0.454738,0.0830691,-0.408235,0.0830691,-0.34092,0.0830691,All
-0.453832,0.0837032,-0.406528,0.0837032,-0.335359,0.0837032,All
-0.45348,0.0843373,-0.406453,0.0843373,-0.330891,0.0843373,All
-0.452071,0.0849715,-0.405432,0.0849715,-0.326803,0.0849715,All
-0.44833,0.0856056,-0.400436,0.0856056,-0.324625,0.0856056,All
-0.447554,0.0862397,-0.399263,0.0862397,-0.322841,0.0862397,All
-0.444295,0.0868738,-0.397267,0.0868738,-0.320393,0.0868738,All
-0.441336,0.0875079,-0.393172,0.0875079,-0.318961,0.0875079,All
-0.440846,0.088142,-0.391976,0.088142,-0.309765,0.088142,All
-0.440653,0.0887762,-0.391618,0.0887762,-0.309271,0.0887762,All
-0.438343,0.0894103,-0.391279,0.0894103,-0.305366,0.0894103,All
-0.434803,0.0900444,-0.38965,0.0900444,-0.305274,0.0900444,All
-0.43192,0.0906785,-0.387624,0.0906785,-0.304731,0.0906785,All
-0.430307,0.0913126,-0.387471,0.0913126,-0.300743,0.0913126,All
-0.429042,0.0919467,-0.386636,0.0919467,-0.299147,0.0919467,All
-0.420226,0.0925808,-0.385634,0.0925808,-0.298195,0.0925808,All
-0.41874,0.093215,-0.383661,0.093215,-0.297014,0.093215,All
-0.41511,0.0938491,-0.383469,0.0938491,-0.295318,0.0938491,All
-0.412095,0.0944832,-0.379909,0.0944832,-0.290955,0.0944832,All
-0.412058,0.0951173,-0.379635,0.0951173,-0.288797,0.0951173,All
-0.411748,0.0957514,-0.379422,0.0957514,-0.281063,0.0957514,All
-0.405381,0.0963855,-0.378018,0.0963855,-0.277846,0.0963855,All
-0.403023,0.0970197,-0.374141,0.0970197,-0.276302,0.0970197,All
-0.401535,0.0976538,-0.372996,0.0976538,-0.275388,0.0976538,All
-0.400604,0.0982879,-0.371611,0.0982879,-0.273372,0.0982879,All
-0.399596,0.098922,-0.37073,0.098922,-0.267892,0.098922,All
-0.399406,0.0995561,-0.369522,0.0995561,-0.265421,0.0995561,All
-0.398944,0.10019,-0.369244,0.10019,-0.265231,0.10019,All
-0.397273,0.100824,-0.367651,0.100824,-0.261265,0.100824,All
-0.393775,0.101458,-0.361312,0.101458,-0.260894,0.101458,All
-0.389616,0.102093,-0.360933,0.102093,-0.259304,0.102093,All
-0.388112,0.102727,-0.359713,0.102727,-0.256973,0.102727,All
-0.38328,0.103361,-0.357462,0.103361,-0.256614,0.103361,All
-0.379264,0.103995,-0.35528,0.103995,-0.253923,0.103995,All
-0.379091,0.104629,-0.350723,0.104629,-0.25126,0.104629,All
-0.374855,0.105263,-0.344006,0.105263,-0.25017,0.105263,All
-0.374106,0.105897,-0.341996,0.105897,-0.249301,0.105897,All
-0.372744,0.106531,-0.341873,0.106531,-0.246296,0.106531,All
-0.372567,0.107166,-0.341318,0.107166,-0.243185,0.107166,All
-0.372278,0.1078,-0.340244,0.1078,-0.241381,0.1078,All
-0.370772,0.108434,-0.33936,0.108434,-0.237321,0.108434,All
-0.370247,0.109068,-0.334627,0.109068,-0.236403,0.109068,All
-0.366651,0.109702,-0.327345,0.109702,-0.236106,0.109702,All
-0.366553,0.110336,-0.324578,0.110336,-0.232806,0.110336,All
-0.366511,0.11097,-0.320753,0.11097,-0.226145,0.11097,All
-0.363223,0.111604,-0.319116,0.111604,-0.22393,0.111604,All
-0.362854,0.112238,-0.31787,0.112238,-0.22235,0.112238,All
-0.355739,0.112873,-0.317741,0.112873,-0.22092,0.112873,All
-0.354115,0.113507,-0.316387,0.113507,-0.220731,0.113507,All
-0.351879,0.114141,-0.313165,0.114141,-0.219946,0.114141,All
-0.351813,0.114775,-0.311667,0.114775,-0.219202,0.114775,All
-0.349949,0.115409,-0.311418,0.115409,-0.217398,0.115409,All
-0.348344,0.116043,-0.309152,0.116043,-0.213077,0.116043,All
-0.34786,0.116677,-0.308223,0.116677,-0.210982,0.116677,All
-0.346291,0.117311,-0.308081,0.117311,-0.208185,0.117311,All
-0.346244,0.117945,-0.306488,0.117945,-0.207215,0.117945,All
-0.34546,0.11858,-0.306035,0.11858,-0.206302,0.11858,All
-0.343956,0.119214,-0.303412,0.119214,-0.206169,0.119214,All
-0.343757,0.119848,-0.302204,0.119848,-0.203982,0.119848,All
-0.343402,0.120482,-0.301916,0.120482,-0.200402,0.120482,All
-0.339618,0.121116,-0.301239,0.121116,-0.198276,0.121116,All
-0.332909,0.12175,-0.30115,0.12175,-0.197608,0.12175,All
-0.330421,0.122384,-0.297898,0.122384,-0.197291,0.122384,All
-0.329502,0.123018,-0.296001,0.123018,-0.19597,0.123018,All
-0.327477,0.123653,-0.295545,0.123653,-0.194602,0.123653,All
-0.327175,0.124287,-0.294318,0.124287,-0.192151,0.124287,All
-0.324402,0.124921,-0.293914,0.124921,-0.188696,0.124921,All
-0.32438,0.125555,-0.290233,0.125555,-0.186815,0.125555,All
-0.32323,0.126189,-0.288713,0.126189,-0.183355,0.126189,All
-0.322553,0.126823,-0.287553,0.126823,-0.183041,0.126823,All
-0.321708,0.127457,-0.281571,0.127457,-0.181995,0.127457,All
-0.32076,0.128091,-0.280917,0.128091,-0.181476,0.128091,All
-0.318534,0.128725,-0.279804,0.128725,-0.179756,0.128725,All
-0.314496,0.12936,-0.277342,0.12936,-0.179634,0.12936,All
-0.314255,0.129994,-0.277011,0.129994,-0.177358,0.129994,All
-0.313147,0.130628,-0.27565,0.130628,-0.176984,0.130628,All
-0.31223,0.131262,-0.275523,0.131262,-0.176807,0.131262,All
-0.308488,0.131896,-0.274831,0.131896,-0.175325,0.131896,All
-0.307854,0.13253,-0.274626,0.13253,-0.175251,0.13253,All
-0.30438,0.133164,-0.273849,0.133164,-0.173821,0.133164,All
-0.303844,0.133798,-0.273732,0.133798,-0.172184,0.133798,All
-0.303751,0.134432,-0.273276,0.134432,-0.170637,0.134432,All
-0.301872,0.135067,-0.273223,0.135067,-0.170433,0.135067,All
-0.300397,0.135701,-0.272998,0.135701,-0.169951,0.135701,All
-0.300382,0.136335,-0.272839,0.136335,-0.169232,0.136335,All
-0.300073,0.136969,-0.272825,0.136969,-0.168602,0.136969,All
-0.299866,0.137603,-0.271251,0.137603,-0.168141,0.137603,All
-0.29948,0.138237,-0.270326,0.138237,-0.161596,0.138237,All
-0.298437,0.138871,-0.268303,0.138871,-0.158559,0.138871,All
-0.297666,0.139505,-0.267792,0.139505,-0.152828,0.139505,All
-0.297452,0.14014,-0.266423,0.14014,-0.152808,0.14014,All
-0.296469,0.140774,-0.26631,0.140774,-0.151085,0.140774,All
-0.295793,0.141408,-0.265162,0.141408,-0.15022,0.141408,All
-0.295218,0.142042,-0.264982,0.142042,-0.149584,0.142042,All
-0.29466,0.142676,-0.263852,0.142676,-0.146439,0.142676,All
-0.293369,0.14331,-0.260716,0.14331,-0.144112,0.14331,All
-0.292628,0.143944,-0.258921,0.143944,-0.141884,0.143944,All
-0.292028,0.144578,-0.256434,0.144578,-0.141264,0.144578,All
-0.289854,0.145212,-0.256227,0.145212,-0.137885,0.145212,All
-0.289433,0.145847,-0.255525,0.145847,-0.136343,0.145847,All
-0.287816,0.146481,-0.254488,0.146481,-0.135754,0.146481,All
-0.28256,0.147115,-0.25442,0.147115,-0.134569,0.147115,All
-0.281232,0.147749,-0.252456,0.147749,-0.134488,0.147749,All
-0.280995,0.148383,-0.251356,0.148383,-0.128979,0.148383,All
-0.280582,0.149017,-0.250445,0.149017,-0.12887,0.149017,All
-0.280199,0.149651,-0.249242,0.149651,-0.128426,0.149651,All
-0.278396,0.150285,-0.248754,0.150285,-0.123608,0.150285,All
-0.273315,0.150919,-0.247232,0.150919,-0.1227,0.150919,All
-0.27277,0.151554,-0.24605,0.151554,-0.120447,0.151554,All
-0.268932,0.152188,-0.241674,0.152188,-0.119204,0.152188,All
-0.268349,0.152822,-0.241095,0.152822,-0.118587,0.152822,All
-0.264908,0.153456,-0.24109,0.153456,-0.117316,0.153456,All
-0.262483,0.15409,-0.240775,0.15409,-0.115618,0.15409,All
-0.262223,0.154724,-0.240273,0.154724,-0.114814,0.154724,All
-0.261039,0.155358,-0.239273,0.155358,-0.110622,0.155358,All
-0.260729,0.155992,-0.238354,0.155992,-0.108304,0.155992,All
-0.260048,0.156627,-0.237968,0.156627,-0.10817,0.156627,All
-0.256813,0.157261,-0.236352,0.157261,-0.107596,0.157261,All
-0.25538,0.157895,-0.232077,0.157895,-0.105382,0.157895,All
-0.253925,0.158529,-0.231985,0.158529,-0.104874,0.158529,All
-0.250508,0.159163,-0.231705,0.159163,-0.103519,0.159163,All
-0.250111,0.159797,-0.230428,0.159797,-0.0996335,0.159797,All
-0.249058,0.160431,-0.228509,0.160431,-0.0975713,0.160431,All
-0.24387,0.161065,-0.228334,0.161065,-0.0950988,0.161065,All
-0.243731,0.161699,-0.227964,0.161699,-0.0948707,0.161699,All
-0.240412,0.162334,-0.226847,0.162334,-0.0932132,0.162334,All
-0.240167,0.162968,-0.225798,0.162968,-0.0925723,0.162968,All
-0.239317,0.163602,-0.222307,0.163602,-0.0906289,0.163602,All
-0.23435,0.164236,-0.221251,0.164236,-0.0881342,0.164236,All
-0.228416,0.16487,-0.22039,0.16487,-0.0878369,0.16487,All
-0.224905,0.165504,-0.219771,0.165504,-0.0830144,0.165504,All
-0.224554,0.166138,-0.219484,0.166138,-0.0829008,0.166138,All
-0.223422,0.166772,-0.219219,0.166772,-0.0815988,0.166772,All
-0.222151,0.167406,-0.215597,0.167406,-0.0813913,0.167406,All
-0.222058,0.168041,-0.213481,0.168041,-0.0775039,0.168041,All
-0.221558,0.168675,-0.210412,0.168675,-0.0763675,0.168675,All
-0.221332,0.169309,-0.209006,0.169309,-0.0755879,0.169309,All
-0.220662,0.169943,-0.208609,0.169943,-0.0738591,0.169943,All
-0.21799,0.170577,-0.207738,0.170577,-0.0717504,0.170577,All
-0.215973,0.171211,-0.205122,0.171211,-0.0711322,0.171211,All
-0.215274,0.171845,-0.204596,0.171845,-0.0695915,0.171845,All
-0.214417,0.172479,-0.202561,0.172479,-0.0689285,0.172479,All
-0.213571,0.173114,-0.201298,0.173114,-0.0685647,0.173114,All
-0.213426,0.173748,-0.201154,0.173748,-0.0678737,0.173748,All
-0.213049,0.174382,-0.199841,0.174382,-0.0672994,0.174382,All
-0.212235,0.175016,-0.199387,0.175016,-0.0658978,0.175016,All
-0.211727,0.17565,-0.198016,0.17565,-0.0632759,0.17565,All
-0.21141,0.176284,-0.197261,0.176284,-0.0622658,0.176284,All
-0.210155,0.176918,-0.196165,0.176918,-0.0615061,0.176918,All
-0.209015,0.177552,-0.19467,0.177552,-0.0583151,0.177552,All
-0.208843,0.178186,-0.193329,0.178186,-0.0580562,0.178186,All
-0.207652,0.178821,-0.190272,0.178821,-0.0541483,0.178821,All
-0.206546,0.179455,-0.190258,0.179455,-0.052405,0.179455,All
-0.205505,0.180089,-0.189118,0.180089,-0.0485772,0.180089,All
-0.205434,0.180723,-0.189089,0.180723,-0.047655,0.180723,All
-0.203138,0.181357,-0.188825,0.181357,-0.045319,0.181357,All
-0.202744,0.181991,-0.188008,0.181991,-0.0447818,0.181991,All
-0.202161,0.182625,-0.187898,0.182625,-0.0434884,0.182625,All
-0.202146,0.183259,-0.186679,0.183259,-0.0433851,0.183259,All
-0.197362,0.183893,-0.186161,0.183893,-0.042996,0.183893,All
-0.195062,0.184528,-0.181562,0.184528,-0.0409891,0.184528,All
-0.192565,0.185162,-0.179962,0.185162,-0.0407126,0.185162,All
-0.1917,0.185796,-0.179774,0.185796,-0.0400292,0.185796,All
-0.190309,0.18643,-0.179385,0.18643,-0.0392219,0.18643,All
-0.190142,0.187064,-0.179083,0.187064,-0.0337005,0.187064,All
-0.187804,0.187698,-0.178804,0.187698,-0.0325525,0.187698,All
-0.186843,0.188332,-0.173169,0.188332,-0.0319187,0.188332,All
-0.183987,0.188966,-0.171716,0.188966,-0.0311754,0.188966,All
-0.182812,0.189601,-0.169893,0.189601,-0.0270789,0.189601,All
-0.181118,0.190235,-0.168039,0.190235,-0.0259777,0.190235,All
-0.180958,0.190869,-0.166329,0.190869,-0.02576,0.190869,All
-0.180824,0.191503,-0.166037,0.191503,-0.025549,0.191503,All
-0.180413,0.192137,-0.165596,0.192137,-0.023661,0.192137,All
-0.178327,0.192771,-0.163528,0.192771,-0.0226101,0.192771,All
-0.178306,0.193405,-0.162354,0.193405,-0.0225512,0.193405,All
-0.176639,0.194039,-0.159865,0.194039,-0.0206293,0.194039,All
-0.176403,0.194673,-0.159326,0.194673,-0.018946,0.194673,All
-0.175572,0.195308,-0.158685,0.195308,-0.0124876,0.195308,All
-0.174646,0.195942,-0.158307,0.195942,-0.0106449,0.195942,All
-0.172856,0.196576,-0.156675,0.196576,-0.00955424,0.196576,All
-0.172384,0.19721,-0.155671,0.19721,-0.00501729,0.19721,All
-0.17173,0.197844,-0.155123,0.197844,-0.00487041,0.197844,All
-0.168455,0.198478,-0.154682,0.198478,-0.00292569,0.198478,All
-0.166231,0.199112,-0.154519,0.199112,-0.000669589,0.199112,All
-0.165884,0.199746,-0.153209,0.199746,0.00252274,0.199746,All
-0.165498,0.20038,-0.153042,0.20038,0.00324111,0.20038,All
-0.164919,0.201015,-0.148415,0.201015,0.00516567,0.201015,All
-0.163924,0.201649,-0.147873,0.201649,0.00650705,0.201649,All
-0.163794,0.202283,-0.14703,0.202283,0.0112358,0.202283,All
-0.163691,0.202917,-0.146739,0.202917,0.0116774,0.202917,All
-0.158722,0.203551,-0.145589,0.203551,0.0127425,0.203551,All
-0.157512,0.204185,-0.144528,0.204185,0.0144549,0.204185,All
-0.156306,0.204819,-0.143339,0.204819,0.0151667,0.204819,All
-0.149608,0.205453,-0.143247,0.205453,0.0157071,0.205453,All
-0.144863,0.206088,-0.14248,0.206088,0.0221256,0.206088,All
-0.14209,0.206722,-0.138469,0.206722,0.0222458,0.206722,All
-0.139799,0.207356,-0.138469,0.207356,0.0261209,0.207356,All
-0.138918,0.20799,-0.137425,0.20799,0.0263261,0.20799,All
-0.136337,0.208624,-0.136111,0.208624,0.0266828,0.208624,All
-0.131482,0.209258,-0.136068,0.209258,0.0271522,0.209258,All
-0.130351,0.209892,-0.135776,0.209892,0.0272727,0.209892,All
-0.12828,0.210526,-0.1343,0.210526,0.027989,0.210526,All
-0.127039,0.21116,-0.133228,0.21116,0.0296908,0.21116,All
-0.125401,0.211795,-0.133199,0.211795,0.0304125,0.211795,All
-0.12258,0.212429,-0.13168,0.212429,0.0313496,0.212429,All
-0.121453,0.213063,-0.131429,0.213063,0.0316258,0.213063,All
-0.121358,0.213697,-0.128573,0.213697,0.0327814,0.213697,All
-0.119791,0.214331,-0.12798,0.214331,0.0351944,0.214331,All
-0.118394,0.214965,-0.127376,0.214965,0.0363608,0.214965,All
-0.114099,0.215599,-0.122333,0.215599,0.0363748,0.215599,All
-0.109451,0.216233,-0.119466,0.216233,0.0370126,0.216233,All
-0.10938,0.216867,-0.118927,0.216867,0.0395498,0.216867,All
-0.108163,0.217502,-0.117707,0.217502,0.039788,0.217502,All
-0.106718,0.218136,-0.115909,0.218136,0.0419694,0.218136,All
-0.105302,0.21877,-0.115798,0.21877,0.0427066,0.21877,All
-0.104815,0.219404,-0.115381,0.219404,0.0430647,0.219404,All
-0.102946,0.220038,-0.115285,0.220038,0.0436985,0.220038,All
-0.102495,0.220672,-0.114821,0.220672,0.0442701,0.220672,All
-0.101904,0.221306,-0.11376,0.221306,0.0453116,0.221306,All
-0.100745,0.22194,-0.113071,0.22194,0.0465407,0.22194,All
-0.100494,0.222575,-0.112758,0.222575,0.0466885,0.222575,All
-0.100398,0.223209,-0.112566,0.223209,0.0468516,0.223209,All
-0.0969145,0.223843,-0.112464,0.223843,0.0470674,0.223843,All
-0.0965929,0.224477,-0.111938,0.224477,0.0509928,0.224477,All
-0.0959251,0.225111,-0.111804,0.225111,0.0528578,0.225111,All
-0.0922888,0.225745,-0.111729,0.225745,0.0540016,0.225745,All
-0.092097,0.226379,-0.111097,0.226379,0.0546213,0.226379,All
-0.0920489,0.227013,-0.110754,0.227013,0.0546967,0.227013,All
-0.0914291,0.227647,-0.110728,0.227647,0.0553869,0.227647,All
-0.08997,0.228282,-0.110142,0.228282,0.0562251,0.228282,All
-0.0890119,0.228916,-0.107243,0.228916,0.0571804,0.228916,All
-0.086752,0.22955,-0.106114,0.22955,0.058424,0.22955,All
-0.0857843,0.230184,-0.105642,0.230184,0.0599429,0.230184,All
-0.0854583,0.230818,-0.105156,0.230818,0.0608351,0.230818,All
-0.0850183,0.231452,-0.104139,0.231452,0.0625865,0.231452,All
-0.0798689,0.232086,-0.103379,0.232086,0.0635886,0.232086,All
-0.0778725,0.23272,-0.102887,0.23272,0.0639487,0.23272,All
-0.0772691,0.233354,-0.1014,0.233354,0.064286,0.233354,All
-0.07543,0.233989,-0.100461,0.233989,0.0649779,0.233989,All
-0.0752981,0.234623,-0.099979,0.234623,0.0651269,0.234623,All
-0.0748942,0.235257,-0.0985596,0.235257,0.0664407,0.235257,All
-0.0725245,0.235891,-0.0980697,0.235891,0.0673941,0.235891,All
-0.0709821,0.236525,-0.0980235,0.236525,0.0677545,0.236525,All
-0.0697057,0.237159,-0.0979685,0.237159,0.0682073,0.237159,All
-0.0687121,0.237793,-0.097798,0.237793,0.0683091,0.237793,All
-0.0685066,0.238427,-0.0965372,0.238427,0.0688524,0.238427,All
-0.0663745,0.239062,-0.0964,0.239062,0.0696447,0.239062,All
-0.0657847,0.239696,-0.0962923,0.239696,0.0707339,0.239696,All
-0.0561509,0.24033,-0.0961855,0.24033,0.0711058,0.24033,All
-0.0538858,0.240964,-0.0959386,0.240964,0.0725063,0.240964,All
-0.0535178,0.241598,-0.0954426,0.241598,0.073641,0.241598,All
-0.0529233,0.242232,-0.0953189,0.242232,0.0743018,0.242232,All
-0.0512574,0.242866,-0.0949669,0.242866,0.0746914,0.242866,All
-0.0502464,0.2435,-0.0932361,0.2435,0.0750918,0.2435,All
-0.0459559,0.244134,-0.0904015,0.244134,0.0770139,0.244134,All
-0.045691,0.244769,-0.0900882,0.244769,0.0772633,0.244769,All
-0.0439924,0.245403,-0.0900052,0.245403,0.0782263,0.245403,All
-0.042489,0.246037,-0.0890145,0.246037,0.0790915,0.246037,All
-0.0417828,0.246671,-0.0888761,0.246671,0.0791938,0.246671,All
-0.0407989,0.247305,-0.0882915,0.247305,0.0818303,0.247305,All
-0.0405674,0.247939,-0.0880218,0.247939,0.0819814,0.247939,All
-0.0394275,0.248573,-0.0863924,0.248573,0.0821954,0.248573,All
-0.0372295,0.249207,-0.0853052,0.249207,0.0829081,0.249207,All
-0.0347947,0.249841,-0.0852303,0.249841,0.0831408,0.249841,All
-0.0335413,0.250476,-0.0842837,0.250476,0.0831964,0.250476,All
-0.0317306,0.25111,-0.0841754,0.25111,0.0834774,0.25111,All
-0.030934,0.251744,-0.0840456,0.251744,0.0836465,0.251744,All
-0.0286061,0.252378,-0.0836988,0.252378,0.0838235,0.252378,All
-0.0273397,0.253012,-0.0831544,0.253012,0.086052,0.253012,All
-0.026841,0.253646,-0.0829765,0.253646,0.0865855,0.253646,All
-0.0236388,0.25428,-0.0822758,0.25428,0.0866491,0.25428,All
-0.0228855,0.254914,-0.0803441,0.254914,0.0876074,0.254914,All
-0.0218568,0.255549,-0.0781523,0.255549,0.0912723,0.255549,All
-0.0177158,0.256183,-0.078145,0.256183,0.0913845,0.256183,All
-0.0174431,0.256817,-0.0774929,0.256817,0.0929495,0.256817,All
-0.0144271,0.257451,-0.0770183,0.257451,0.095149,0.257451,All
-0.0136033,0.258085,-0.0758634,0.258085,0.098404,0.258085,All
-0.0131863,0.258719,-0.0748116,0.258719,0.100499,0.258719,All
-0.0115593,0.259353,-0.0742399,0.259353,0.101392,0.259353,All
-0.0109042,0.259987,-0.0718569,0.259987,0.101864,0.259987,All
-0.00962541,0.260621,-0.0718279,0.260621,0.102428,0.260621,All
-0.00893568,0.261256,-0.0710188,0.261256,0.102541,0.261256,All
-0.00681232,0.26189,-0.0708931,0.26189,0.1041,0.26189,All
-0.00678004,0.262524,-0.0698617,0.262524,0.1044,0.262524,All
-0.0062663,0.263158,-0.0690712,0.263158,0.106021,0.263158,All
-0.00550827,0.263792,-0.0688963,0.263792,0.106223,0.263792,All
-0.00395626,0.264426,-0.0685059,0.264426,0.107257,0.264426,All
-0.00363916,0.26506,-0.0673116,0.26506,0.10907,0.26506,All
-0.0016491,0.265694,-0.0669261,0.265694,0.109728,0.265694,All
-0.000849015,0.266328,-0.0660856,0.266328,0.113881,0.266328,All
0.00191867,0.266963,-0.0659908,0.266963,0.114376,0.266963,All
0.00192698,0.267597,-0.0650325,0.267597,0.115008,0.267597,All
0.00290938,0.268231,-0.0646711,0.268231,0.115944,0.268231,All
0.00403302,0.268865,-0.0637258,0.268865,0.116221,0.268865,All
0.00427868,0.269499,-0.0635952,0.269499,0.120118,0.269499,All
0.00702519,0.270133,-0.0626646,0.270133,0.120717,0.270133,All
0.00883255,0.270767,-0.0625473,0.270767,0.12338,0.270767,All
0.0100185,0.271401,-0.0605515,0.271401,0.123633,0.271401,All
0.0117463,0.272036,-0.0603412,0.272036,0.125107,0.272036,All
0.0117888,0.27267,-0.0594712,0.27267,0.125546,0.27267,All
0.0162706,0.273304,-0.0588444,0.273304,0.126403,0.273304,All
0.0166873,0.273938,-0.0588322,0.273938,0.12988,0.273938,All
0.0186683,0.274572,-0.0571851,0.274572,0.130734,0.274572,All
0.020623,0.275206,-0.0562635,0.275206,0.131299,0.275206,All
0.0209282,0.27584,-0.0562239,0.27584,0.134707,0.27584,All
0.0216498,0.276474,-0.0555241,0.276474,0.135703,0.276474,All
0.0224347,0.277108,-0.0554377,0.277108,0.137266,0.277108,All
0.0228459,0.277743,-0.0540069,0.277743,0.138603,0.277743,All
0.0232417,0.278377,-0.0533058,0.278377,0.139126,0.278377,All
0.0242183,0.279011,-0.0515771,0.279011,0.139408,0.279011,All
0.0257759,0.279645,-0.0507412,0.279645,0.139456,0.279645,All
0.0257771,0.280279,-0.0501002,0.280279,0.141738,0.280279,All
0.026092,0.280913,-0.0493647,0.280913,0.141944,0.280913,All
0.0276882,0.281547,-0.0492966,0.281547,0.142068,0.281547,All
0.028846,0.282181,-0.0462694,0.282181,0.142987,0.282181,All
0.0290809,0.282815,-0.0461397,0.282815,0.143342,0.282815,All
0.0310352,0.28345,-0.046042,0.28345,0.143507,0.28345,All
0.0311375,0.284084,-0.0452533,0.284084,0.145967,0.284084,All
0.0316117,0.284718,-0.0452113,0.284718,0.149402,0.284718,All
0.0317534,0.285352,-0.0449981,0.285352,0.150056,0.285352,All
0.0327258,0.285986,-0.0448792,0.285986,0.150367,0.285986,All
0.0332931,0.28662,-0.0439582,0.28662,0.150511,0.28662,All
0.0336203,0.287254,-0.0429411,0.287254,0.153982,0.287254,All
0.0363664,0.287888,-0.0426468,0.287888,0.156946,0.287888,All
0.0363727,0.288523,-0.0426,0.288523,0.160751,0.288523,All
0.0366788,0.289157,-0.042067,0.289157,0.163021,0.289157,All
0.0384165,0.289791,-0.0420437,0.289791,0.163024,0.289791,All
0.0392264,0.290425,-0.0415755,0.290425,0.163839,0.290425,All
0.0398694,0.291059,-0.0409961,0.291059,0.165208,0.291059,All
0.0414554,0.291693,-0.0392503,0.291693,0.167006,0.291693,All
0.0431373,0.292327,-0.0388131,0.292327,0.167911,0.292327,All
0.0432982,0.292961,-0.0387728,0.292961,0.16923,0.292961,All
0.0435306,0.293595,-0.0384691,0.293595,0.169741,0.293595,All
0.0442138,0.29423,-0.0383853,0.29423,0.170026,0.29423,All
0.0448064,0.294864,-0.0383646,0.294864,0.170297,0.294864,All
0.0451575,0.295498,-0.0379034,0.295498,0.170485,0.295498,All
0.0454353,0.296132,-0.0376795,0.296132,0.170753,0.296132,All
0.0454875,0.296766,-0.0371161,0.296766,0.172791,0.296766,All
0.0455993,0.2974,-0.0367421,0.2974,0.173695,0.2974,All
0.0461738,0.298034,-0.0365606,0.298034,0.173946,0.298034,All
0.046738,0.298668,-0.0362618,0.298668,0.175231,0.298668,All
0.0468867,0.299302,-0.0362487,0.299302,0.176881,0.299302,All
0.0470329,0.299937,-0.0360318,0.299937,0.181172,0.299937,All
0.0483926,0.300571,-0.0357047,0.300571,0.181848,0.300571,All
0.0511844,0.301205,-0.0352323,0.301205,0.188374,0.301205,All
0.0513578,0.301839,-0.0334852,0.301839,0.188542,0.301839,All
0.0518522,0.302473,-0.0330308,0.302473,0.190048,0.302473,All
0.0537153,0.303107,-0.0328486,0.303107,0.191096,0.303107,All
0.0570997,0.303741,-0.0328105,0.303741,0.193013,0.303741,All
0.0577992,0.304375,-0.0318499,0.304375,0.193105,0.304375,All
0.0581596,0.30501,-0.03176,0.30501,0.1937,0.30501,All
0.0584817,0.305644,-0.0316175,0.305644,0.195724,0.305644,All
0.0602002,0.306278,-0.0311928,0.306278,0.195737,0.306278,All
0.0628998,0.306912,-0.0295786,0.306912,0.196773,0.306912,All
0.0665299,0.307546,-0.0288871,0.307546,0.202258,0.307546,All
0.0673612,0.30818,-0.0279734,0.30818,0.202567,0.30818,All
0.0687406,0.308814,-0.0273645,0.308814,0.203963,0.308814,All
0.0692574,0.309448,-0.0268248,0.309448,0.205584,0.309448,All
0.0718621,0.310082,-0.0263456,0.310082,0.205887,0.310082,All
0.0725073,0.310717,-0.0256577,0.310717,0.212869,0.310717,All
0.0731597,0.311351,-0.0255011,0.311351,0.213599,0.311351,All
0.0734381,0.311985,-0.0253743,0.311985,0.213895,0.311985,All
0.0737512,0.312619,-0.0247197,0.312619,0.214593,0.312619,All
0.0783014,0.313253,-0.0229411,0.313253,0.216233,0.313253,All
0.0783182,0.313887,-0.0225121,0.313887,0.217842,0.313887,All
0.0784838,0.314521,-0.0224238,0.314521,0.220692,0.314521,All
0.0796619,0.315155,-0.021766,0.315155,0.221474,0.315155,All
0.0803814,0.315789,-0.0210751,0.315789,0.224238,0.315789,All
0.0846087,0.316424,-0.0209861,0.316424,0.224476,0.316424,All
0.087382,0.317058,-0.0205438,0.317058,0.227103,0.317058,All
0.0883656,0.317692,-0.0202534,0.317692,0.228482,0.317692,All
0.0884849,0.318326,-0.0196635,0.318326,0.231924,0.318326,All
0.0919529,0.31896,-0.0193378,0.31896,0.232327,0.31896,All
0.0924859,0.319594,-0.0187399,0.319594,0.233473,0.319594,All
0.093512,0.320228,-0.0182052,0.320228,0.234543,0.320228,All
0.0976308,0.320862,-0.0180837,0.320862,0.234654,0.320862,All
0.0977327,0.321497,-0.0169179,0.321497,0.234683,0.321497,All
0.0998017,0.322131,-0.0161184,0.322131,0.236049,0.322131,All
0.0998249,0.322765,-0.0159736,0.322765,0.236071,0.322765,All
0.0999884,0.323399,-0.015257,0.323399,0.240089,0.323399,All
0.100447,0.324033,-0.0148387,0.324033,0.240125,0.324033,All
0.100538,0.324667,-0.0148148,0.324667,0.240246,0.324667,All
0.100696,0.325301,-0.0143285,0.325301,0.240316,0.325301,All
0.1055,0.325935,-0.0139148,0.325935,0.240698,0.325935,All
0.106961,0.326569,-0.0136451,0.326569,0.241597,0.326569,All
0.108285,0.327204,-0.0131245,0.327204,0.242363,0.327204,All
0.108394,0.327838,-0.0122312,0.327838,0.242593,0.327838,All
0.109605,0.328472,-0.0108121,0.328472,0.244292,0.328472,All
0.110966,0.329106,-0.0106513,0.329106,0.245255,0.329106,All
0.112731,0.32974,-0.0106204,0.32974,0.245282,0.32974,All
0.116409,0.330374,-0.0104197,0.330374,0.245772,0.330374,All
0.118711,0.331008,-0.0103801,0.331008,0.24958,0.331008,All
0.119768,0.331642,-0.0102916,0.331642,0.250196,0.331642,All
0.125662,0.332276,-0.00844398,0.332276,0.250739,0.332276,All
0.128685,0.332911,-0.008263,0.332911,0.254976,0.332911,All
0.131373,0.333545,-0.007132,0.333545,0.258531,0.333545,All
0.133682,0.334179,-0.00659641,0.334179,0.259088,0.334179,All
0.13471,0.334813,-0.00592831,0.334813,0.263443,0.334813,All
0.136216,0.335447,-0.00478799,0.335447,0.266555,0.335447,All
0.136779,0.336081,-0.00478111,0.336081,0.269155,0.336081,All
0.138791,0.336715,-0.00357701,0.336715,0.270022,0.336715,All
0.138841,0.337349,-0.00306495,0.337349,0.270699,0.337349,All
0.140766,0.337984,-0.00138788,0.337984,0.271155,0.337984,All
0.14138,0.338618,0.000326979,0.338618,0.272226,0.338618,All
0.141699,0.339252,0.000497583,0.339252,0.276407,0.339252,All
0.14239,0.339886,0.000998883,0.339886,0.276845,0.339886,All
0.143271,0.34052,0.00166317,0.34052,0.27866,0.34052,All
0.146295,0.341154,0.00404185,0.341154,0.282349,0.341154,All
0.146881,0.341788,0.00442783,0.341788,0.282401,0.341788,All
0.151123,0.342422,0.00453273,0.342422,0.28628,0.342422,All
0.151861,0.343056,0.00493541,0.343056,0.288001,0.343056,All
0.154157,0.343691,0.00500663,0.343691,0.288399,0.343691,All
0.154489,0.344325,0.00524507,0.344325,0.293054,0.344325,All
0.154619,0.344959,0.00527646,0.344959,0.295122,0.344959,All
0.156083,0.345593,0.00556796,0.345593,0.296407,0.345593,All
0.157647,0.346227,0.00589009,0.346227,0.296959,0.346227,All
0.157731,0.346861,0.00596392,0.346861,0.299534,0.346861,All
0.158481,0.347495,0.00686079,0.347495,0.30031,0.347495,All
0.161499,0.348129,0.0073922,0.348129,0.301264,0.348129,All
0.164699,0.348763,0.00769783,0.348763,0.301994,0.348763,All
0.165044,0.349398,0.00786625,0.349398,0.302041,0.349398,All
0.165067,0.350032,0.00826791,0.350032,0.304403,0.350032,All
0.165856,0.350666,0.00830857,0.350666,0.304977,0.350666,All
0.166407,0.3513,0.00897323,0.3513,0.304992,0.3513,All
0.167435,0.351934,0.010244,0.351934,0.3054,0.351934,All
0.168388,0.352568,0.0103843,0.352568,0.306387,0.352568,All
0.168727,0.353202,0.0104149,0.353202,0.306995,0.353202,All
0.170041,0.353836,0.0106151,0.353836,0.307517,0.353836,All
0.172158,0.354471,0.0106684,0.354471,0.309922,0.354471,All
0.173447,0.355105,0.0115948,0.355105,0.310766,0.355105,All
0.174394,0.355739,0.0128719,0.355739,0.311476,0.355739,All
0.174859,0.356373,0.0133606,0.356373,0.311934,0.356373,All
0.176548,0.357007,0.0134368,0.357007,0.312271,0.357007,All
0.180594,0.357641,0.0137919,0.357641,0.312429,0.357641,All
0.181141,0.358275,0.014472,0.358275,0.316649,0.358275,All
0.181502,0.358909,0.0146713,0.358909,0.316815,0.358909,All
0.184656,0.359543,0.0149951,0.359543,0.319088,0.359543,All
0.184727,0.360178,0.0156126,0.360178,0.319866,0.360178,All
0.191044,0.360812,0.0160513,0.360812,0.320284,0.360812,All
0.192356,0.361446,0.0163581,0.361446,0.321266,0.361446,All
0.194826,0.36208,0.0170436,0.36208,0.322352,0.36208,All
0.196011,0.362714,0.0171725,0.362714,0.322511,0.362714,All
0.199375,0.363348,0.0172018,0.363348,0.32296,0.363348,All
0.19941,0.363982,0.0175366,0.363982,0.323957,0.363982,All
0.199852,0.364616,0.0175598,0.364616,0.324394,0.364616,All
0.201409,0.36525,0.0177818,0.36525,0.327634,0.36525,All
0.203153,0.365885,0.0181353,0.365885,0.328333,0.365885,All
0.207253,0.366519,0.0183927,0.366519,0.328445,0.366519,All
0.20786,0.367153,0.0186881,0.367153,0.328469,0.367153,All
0.212971,0.367787,0.0200324,0.367787,0.329875,0.367787,All
0.212991,0.368421,0.0202877,0.368421,0.331103,0.368421,All
0.216479,0.369055,0.0205433,0.369055,0.331249,0.369055,All
0.216978,0.369689,0.0207051,0.369689,0.332045,0.369689,All
0.217545,0.370323,0.0207676,0.370323,0.332192,0.370323,All
0.219694,0.370958,0.0214799,0.370958,0.332858,0.370958,All
0.219775,0.371592,0.0215547,0.371592,0.33298,0.371592,All
0.220041,0.372226,0.0223643,0.372226,0.335353,0.372226,All
0.220302,0.37286,0.0225918,0.37286,0.33692,0.37286,All
0.220406,0.373494,0.0231037,0.373494,0.337336,0.373494,All
0.220623,0.374128,0.0237136,0.374128,0.337399,0.374128,All
0.222631,0.374762,0.0240077,0.374762,0.337536,0.374762,All
0.222876,0.375396,0.0253719,0.375396,0.340644,0.375396,All
0.224653,0.37603,0.0267889,0.37603,0.342302,0.37603,All
0.224674,0.376665,0.0269668,0.376665,0.344393,0.376665,All
0.224676,0.377299,0.0269949,0.377299,0.345273,0.377299,All
0.225294,0.377933,0.0274946,0.377933,0.347112,0.377933,All
0.227033,0.378567,0.0280581,0.378567,0.347823,0.378567,All
0.227078,0.379201,0.0288585,0.379201,0.34938,0.379201,All
0.22734,0.379835,0.0296963,0.379835,0.349585,0.379835,All
0.228183,0.380469,0.0300321,0.380469,0.349821,0.380469,All
0.228632,0.381103,0.0303595,0.381103,0.351941,0.381103,All
0.229154,0.381737,0.0313752,0.381737,0.352036,0.381737,All
0.23364,0.382372,0.0313848,0.382372,0.355336,0.382372,All
0.234425,0.383006,0.031426,0.383006,0.355444,0.383006,All
0.236092,0.38364,0.0316129,0.38364,0.357275,0.38364,All
0.236424,0.384274,0.0316875,0.384274,0.359167,0.384274,All
0.237162,0.384908,0.0318771,0.384908,0.359475,0.384908,All
0.239984,0.385542,0.032342,0.385542,0.359575,0.385542,All
0.241126,0.386176,0.0325235,0.386176,0.363239,0.386176,All
0.244824,0.38681,0.0341029,0.38681,0.364426,0.38681,All
0.247671,0.387445,0.0341361,0.387445,0.364898,0.387445,All
0.253183,0.388079,0.0345232,0.388079,0.364969,0.388079,All
0.25424,0.388713,0.035054,0.388713,0.365769,0.388713,All
0.254963,0.389347,0.0350648,0.389347,0.366156,0.389347,All
0.257018,0.389981,0.0375835,0.389981,0.367571,0.389981,All
0.257048,0.390615,0.0401333,0.390615,0.369345,0.390615,All
0.257377,0.391249,0.041612,0.391249,0.369398,0.391249,All
0.258462,0.391883,0.041699,0.391883,0.36993,0.391883,All
0.258538,0.392517,0.0424983,0.392517,0.371918,0.392517,All
0.258711,0.393152,0.0434657,0.393152,0.372159,0.393152,All
0.259341,0.393786,0.0448299,0.393786,0.373427,0.393786,All
0.259356,0.39442,0.0449313,0.39442,0.374081,0.39442,All
0.261526,0.395054,0.0455804,0.395054,0.374115,0.395054,All
0.263707,0.395688,0.0468484,0.395688,0.3749,0.395688,All
0.265073,0.396322,0.0474017,0.396322,0.374977,0.396322,All
0.265386,0.396956,0.0476751,0.396956,0.375411,0.396956,All
0.265756,0.39759,0.047687,0.39759,0.376391,0.39759,All
0.2662,0.398224,0.0481417,0.398224,0.37903,0.398224,All
0.266222,0.398859,0.0485119,0.398859,0.380812,0.398859,All
0.267343,0.399493,0.0488931,0.399493,0.380945,0.399493,All
0.268387,0.400127,0.0489963,0.400127,0.382864,0.400127,All
0.270258,0.400761,0.0491672,0.400761,0.38359,0.400761,All
0.271579,0.401395,0.0492988,0.401395,0.383617,0.401395,All
0.271704,0.402029,0.0493572,0.402029,0.386747,0.402029,All
0.272212,0.402663,0.0494833,0.402663,0.38679,0.402663,All
0.272861,0.403297,0.0500562,0.403297,0.386859,0.403297,All
0.273753,0.403932,0.0501339,0.403932,0.388026,0.403932,All
0.274337,0.404566,0.0512155,0.404566,0.392924,0.404566,All
0.274998,0.4052,0.0515527,0.4052,0.39383,0.4052,All
0.275689,0.405834,0.0516757,0.405834,0.394896,0.405834,All
0.275775,0.406468,0.0527175,0.406468,0.394931,0.406468,All
0.276977,0.407102,0.0528431,0.407102,0.397953,0.407102,All
0.280491,0.407736,0.0529825,0.407736,0.400327,0.407736,All
0.28146,0.40837,0.0554952,0.40837,0.400456,0.40837,All
0.282627,0.409004,0.0557914,0.409004,0.400909,0.409004,All
0.283967,0.409639,0.0569986,0.409639,0.404295,0.409639,All
0.285594,0.410273,0.0582674,0.410273,0.404778,0.410273,All
0.28661,0.410907,0.0589289,0.410907,0.408519,0.410907,All
0.286904,0.411541,0.0593786,0.411541,0.409935,0.411541,All
0.286912,0.412175,0.0602845,0.412175,0.412234,0.412175,All
0.288839,0.412809,0.0603529,0.412809,0.41514,0.412809,All
0.289058,0.413443,0.0611453,0.413443,0.416279,0.413443,All
0.290936,0.414077,0.061645,0.414077,0.417345,0.414077,All
0.291496,0.414711,0.0617089,0.414711,0.417831,0.414711,All
0.291678,0.415346,0.0625706,0.415346,0.419377,0.415346,All
0.293223,0.41598,0.0628187,0.41598,0.42302,0.41598,All
0.293661,0.416614,0.0629378,0.416614,0.425422,0.416614,All
0.293744,0.417248,0.0630199,0.417248,0.428589,0.417248,All
0.296056,0.417882,0.0630645,0.417882,0.43102,0.417882,All
0.300212,0.418516,0.0630829,0.418516,0.431833,0.418516,All
0.301087,0.41915,0.064324,0.41915,0.432751,0.41915,All
0.30155,0.419784,0.0655948,0.419784,0.434411,0.419784,All
0.30199,0.420419,0.066501,0.420419,0.435866,0.420419,All
0.302178,0.421053,0.0675891,0.421053,0.43633,0.421053,All
0.304438,0.421687,0.0677956,0.421687,0.437647,0.421687,All
0.305067,0.422321,0.0688696,0.422321,0.438685,0.422321,All
0.309961,0.422955,0.069522,0.422955,0.438833,0.422955,All
0.312638,0.423589,0.069649,0.423589,0.439182,0.423589,All
0.316028,0.424223,0.070478,0.424223,0.440262,0.424223,All
0.316202,0.424857,0.070778,0.424857,0.442126,0.424857,All
0.318603,0.425491,0.0709279,0.425491,0.442486,0.425491,All
0.319246,0.426126,0.0723664,0.426126,0.4426,0.426126,All
0.323927,0.42676,0.0727844,0.42676,0.442745,0.42676,All
0.3269,0.427394,0.0728338,0.427394,0.444992,0.427394,All
0.32738,0.428028,0.0741168,0.428028,0.445117,0.428028,All
0.328076,0.428662,0.0742187,0.428662,0.446308,0.428662,All
0.330962,0.429296,0.0753715,0.429296,0.448757,0.429296,All
0.331464,0.42993,0.0757873,0.42993,0.448888,0.42993,All
0.332439,0.430564,0.0760212,0.430564,0.452623,0.430564,All
0.333659,0.431198,0.0764607,0.431198,0.454313,0.431198,All
0.33434,0.431833,0.0766616,0.431833,0.455942,0.431833,All
0.33989,0.432467,0.0773491,0.432467,0.458094,0.432467,All
0.341241,0.433101,0.0783175,0.433101,0.459459,0.433101,All
0.342597,0.433735,0.0789809,0.433735,0.45975,0.433735,All
0.343451,0.434369,0.0794188,0.434369,0.459946,0.434369,All
0.343496,0.435003,0.0796899,0.435003,0.461833,0.435003,All
0.350516,0.435637,0.0800442,0.435637,0.468095,0.435637,All
0.351389,0.436271,0.0803623,0.436271,0.468354,0.436271,All
0.355102,0.436906,0.0805394,0.436906,0.470149,0.436906,All
0.355831,0.43754,0.0807853,0.43754,0.470519,0.43754,All
0.356598,0.438174,0.0808967,0.438174,0.47066,0.438174,All
0.359025,0.438808,0.0813822,0.438808,0.472757,0.438808,All
0.360928,0.439442,0.0818616,0.439442,0.473153,0.439442,All
0.36168,0.440076,0.0826999,0.440076,0.473369,0.440076,All
0.362935,0.44071,0.0827363,0.44071,0.473423,0.44071,All
0.364357,0.441344,0.083049,0.441344,0.4738,0.441344,All
0.364971,0.441978,0.0837553,0.441978,0.473999,0.441978,All
0.365468,0.442613,0.083811,0.442613,0.474113,0.442613,All
0.366782,0.443247,0.0842596,0.443247,0.4754,0.443247,All
0.367284,0.443881,0.0848399,0.443881,0.475904,0.443881,All
0.36779,0.444515,0.0851348,0.444515,0.476029,0.444515,All
0.36848,0.445149,0.0859621,0.445149,0.476947,0.445149,All
0.369922,0.445783,0.0860653,0.445783,0.477878,0.445783,All
0.371747,0.446417,0.0861262,0.446417,0.478551,0.446417,All
0.373489,0.447051,0.086774,0.447051,0.4797,0.447051,All
0.37499,0.447685,0.0868104,0.447685,0.483989,0.447685,All
0.375891,0.44832,0.0869575,0.44832,0.485027,0.44832,All
0.375946,0.448954,0.0870212,0.448954,0.485581,0.448954,All
0.377836,0.449588,0.0880397,0.449588,0.485805,0.449588,All
0.377971,0.450222,0.088046,0.450222,0.486406,0.450222,All
0.37903,0.450856,0.0891203,0.450856,0.487187,0.450856,All
0.380035,0.45149,0.0893255,0.45149,0.487596,0.45149,All
0.380782,0.452124,0.0904553,0.452124,0.487596,0.452124,All
0.382623,0.452758,0.0908913,0.452758,0.487985,0.452758,All
0.383102,0.453393,0.0914873,0.453393,0.488793,0.453393,All
0.384546,0.454027,0.0925283,0.454027,0.489979,0.454027,All
0.384628,0.454661,0.0931121,0.454661,0.492918,0.454661,All
0.385578,0.455295,0.0934562,0.455295,0.495559,0.455295,All
0.386519,0.455929,0.093682,0.455929,0.498901,0.455929,All
0.388,0.456563,0.0964301,0.456563,0.499042,0.456563,All
0.388587,0.457197,0.0968133,0.457197,0.49909,0.457197,All
0.388793,0.457831,0.0970474,0.457831,0.50094,0.457831,All
0.391264,0.458465,0.0971553,0.458465,0.50138,0.458465,All
0.392583,0.4591,0.0974586,0.4591,0.503823,0.4591,All
0.393741,0.459734,0.0983051,0.459734,0.504117,0.459734,All
0.394963,0.460368,0.0997231,0.460368,0.505104,0.460368,All
0.396462,0.461002,0.0999333,0.461002,0.512308,0.461002,All
0.398967,0.461636,0.0999759,0.461636,0.512529,0.461636,All
0.406675,0.46227,0.10138,0.46227,0.512655,0.46227,All
0.407024,0.462904,0.102044,0.462904,0.513,0.462904,All
0.408643,0.463538,0.102466,0.463538,0.513205,0.463538,All
0.408837,0.464172,0.103523,0.464172,0.514252,0.464172,All
0.409041,0.464807,0.103647,0.464807,0.514351,0.464807,All
0.410507,0.465441,0.104282,0.465441,0.515596,0.465441,All
0.412554,0.466075,0.105207,0.466075,0.516331,0.466075,All
0.41435,0.466709,0.105237,0.466709,0.518242,0.466709,All
0.414504,0.467343,0.105626,0.467343,0.519626,0.467343,All
0.417803,0.467977,0.105797,0.467977,0.520771,0.467977,All
0.41848,0.468611,0.105819,0.468611,0.522251,0.468611,All
0.420806,0.469245,0.1061,0.469245,0.523572,0.469245,All
0.421074,0.46988,0.106544,0.46988,0.524324,0.46988,All
0.42161,0.470514,0.107874,0.470514,0.524453,0.470514,All
0.425086,0.471148,0.108195,0.471148,0.525783,0.471148,All
0.425645,0.471782,0.108551,0.471782,0.527535,0.471782,All
0.427852,0.472416,0.108969,0.472416,0.528009,0.472416,All
0.431261,0.47305,0.109877,0.47305,0.528304,0.47305,All
0.433122,0.473684,0.111125,0.473684,0.529436,0.473684,All
0.43421,0.474318,0.111184,0.474318,0.530011,0.474318,All
0.434985,0.474952,0.111857,0.474952,0.533394,0.474952,All
0.436365,0.475587,0.112373,0.475587,0.534363,0.475587,All
0.436453,0.476221,0.112938,0.476221,0.53733,0.476221,All
0.436549,0.476855,0.113137,0.476855,0.537599,0.476855,All
0.436761,0.477489,0.113764,0.477489,0.541078,0.477489,All
0.440183,0.478123,0.114469,0.478123,0.541229,0.478123,All
0.440829,0.478757,0.114839,0.478757,0.542121,0.478757,All
0.441784,0.479391,0.115125,0.479391,0.543299,0.479391,All
0.444323,0.480025,0.115797,0.480025,0.543377,0.480025,All
0.444893,0.480659,0.11598,0.480659,0.543603,0.480659,All
0.44583,0.481294,0.115988,0.481294,0.543761,0.481294,All
0.448034,0.481928,0.117349,0.481928,0.545219,0.481928,All
0.448496,0.482562,0.117692,0.482562,0.545585,0.482562,All
0.448737,0.483196,0.11777,0.483196,0.547344,0.483196,All
0.450004,0.48383,0.117876,0.48383,0.548304,0.48383,All
0.453568,0.484464,0.118345,0.484464,0.549003,0.484464,All
0.455159,0.485098,0.118753,0.485098,0.551424,0.485098,All
0.455299,0.485732,0.118786,0.485732,0.551507,0.485732,All
0.455666,0.486367,0.118941,0.486367,0.553125,0.486367,All
0.45746,0.487001,0.119056,0.487001,0.553375,0.487001,All
0.457651,0.487635,0.119221,0.487635,0.554053,0.487635,All
0.458405,0.488269,0.120296,0.488269,0.556016,0.488269,All
0.463277,0.488903,0.120575,0.488903,0.556736,0.488903,All
0.464032,0.489537,0.121327,0.489537,0.557897,0.489537,All
0.467992,0.490171,0.121609,0.490171,0.559479,0.490171,All
0.470073,0.490805,0.121773,0.490805,0.561282,0.490805,All
0.470242,0.491439,0.123566,0.491439,0.563284,0.491439,All
0.470361,0.492074,0.124876,0.492074,0.563672,0.492074,All
0.470689,0.492708,0.124903,0.492708,0.56839,0.492708,All
0.470701,0.493342,0.12504,0.493342,0.5706,0.493342,All
0.472245,0.493976,0.125123,0.493976,0.572305,0.493976,All
0.473905,0.49461,0.125835,0.49461,0.572572,0.49461,All
0.476825,0.495244,0.127586,0.495244,0.573367,0.495244,All
0.479762,0.495878,0.127841,0.495878,0.576767,0.495878,All
0.481064,0.496512,0.127877,0.496512,0.578513,0.496512,All
0.481422,0.497146,0.128182,0.497146,0.57886,0.497146,All
0.481573,0.497781,0.128254,0.497781,0.580452,0.497781,All
0.483346,0.498415,0.128409,0.498415,0.581418,0.498415,All
0.485412,0.499049,0.128765,0.499049,0.582693,0.499049,All
0.485862,0.499683,0.1294,0.499683,0.585079,0.499683,All
0.487869,0.500317,0.130371,0.500317,0.58519,0.500317,All
0.487912,0.500951,0.13122,0.500951,0.587936,0.500951,All
0.489517,0.501585,0.131323,0.501585,0.58826,0.501585,All
0.490963,0.502219,0.132012,0.502219,0.589307,0.502219,All
0.491342,0.502854,0.13208,0.502854,0.595062,0.502854,All
0.491965,0.503488,0.132792,0.503488,0.595707,0.503488,All
0.493396,0.504122,0.132818,0.504122,0.59612,0.504122,All
0.494349,0.504756,0.133106,0.504756,0.597235,0.504756,All
0.494475,0.50539,0.135609,0.50539,0.597757,0.50539,All
0.49466,0.506024,0.135768,0.506024,0.600478,0.506024,All
0.495378,0.506658,0.136046,0.506658,0.602619,0.506658,All
0.500075,0.507292,0.136268,0.507292,0.60442,0.507292,All
0.500308,0.507926,0.137567,0.507926,0.605339,0.507926,All
0.503133,0.508561,0.138334,0.508561,0.606722,0.508561,All
0.503351,0.509195,0.138348,0.509195,0.607413,0.509195,All
0.503888,0.509829,0.139734,0.509829,0.609142,0.509829,All
0.504551,0.510463,0.140033,0.510463,0.609487,0.510463,All
0.504926,0.511097,0.14021,0.511097,0.609895,0.511097,All
0.505124,0.511731,0.140357,0.511731,0.610286,0.511731,All
0.506202,0.512365,0.141099,0.512365,0.611649,0.512365,All
0.506516,0.512999,0.142352,0.512999,0.611948,0.512999,All
0.507421,0.513633,0.142365,0.513633,0.612264,0.513633,All
0.50922,0.514268,0.142846,0.514268,0.612872,0.514268,All
0.510503,0.514902,0.144241,0.514902,0.613456,0.514902,All
0.511642,0.515536,0.145123,0.515536,0.614588,0.515536,All
0.512775,0.51617,0.145346,0.51617,0.614708,0.51617,All
0.516315,0.516804,0.146042,0.516804,0.61511,0.516804,All
0.517725,0.517438,0.146174,0.517438,0.615939,0.517438,All
0.518199,0.518072,0.146796,0.518072,0.617618,0.518072,All
0.520425,0.518706,0.146901,0.518706,0.618639,0.518706,All
0.520927,0.519341,0.147818,0.519341,0.621971,0.519341,All
0.521779,0.519975,0.149978,0.519975,0.626996,0.519975,All
0.523333,0.520609,0.15201,0.520609,0.630229,0.520609,All
0.523733,0.521243,0.152558,0.521243,0.632327,0.521243,All
0.524287,0.521877,0.152567,0.521877,0.632802,0.521877,All
0.52475,0.522511,0.152766,0.522511,0.635109,0.522511,All
0.526327,0.523145,0.153559,0.523145,0.637504,0.523145,All
0.529151,0.523779,0.153966,0.523779,0.637688,0.523779,All
0.530267,0.524413,0.154937,0.524413,0.637814,0.524413,All
0.532144,0.525048,0.155193,0.525048,0.638039,0.525048,All
0.534075,0.525682,0.155624,0.525682,0.64176,0.525682,All
0.535492,0.526316,0.156143,0.526316,0.643359,0.526316,All
0.536999,0.52695,0.157255,0.52695,0.643538,0.52695,All
0.537581,0.527584,0.15985,0.527584,0.644453,0.527584,All
0.541304,0.528218,0.159974,0.528218,0.649098,0.528218,All
0.541393,0.528852,0.160006,0.528852,0.649786,0.528852,All
0.545382,0.529486,0.160198,0.529486,0.650149,0.529486,All
0.545819,0.53012,0.160205,0.53012,0.65355,0.53012,All
0.547229,0.530755,0.161134,0.530755,0.654516,0.530755,All
0.549155,0.531389,0.161275,0.531389,0.655574,0.531389,All
0.551813,0.532023,0.16176,0.532023,0.656478,0.532023,All
0.551849,0.532657,0.162118,0.532657,0.65757,0.532657,All
0.552035,0.533291,0.163251,0.533291,0.657777,0.533291,All
0.552321,0.533925,0.163534,0.533925,0.660489,0.533925,All
0.552458,0.534559,0.164778,0.534559,0.660931,0.534559,All
0.553025,0.535193,0.164843,0.535193,0.662061,0.535193,All
0.555974,0.535828,0.16628,0.535828,0.662177,0.535828,All
0.558974,0.536462,0.166436,0.536462,0.663292,0.536462,All
0.560011,0.537096,0.167682,0.537096,0.665787,0.537096,All
0.565173,0.53773,0.168016,0.53773,0.665912,0.53773,All
0.565782,0.538364,0.170276,0.538364,0.666329,0.538364,All
0.566121,0.538998,0.170741,0.538998,0.666969,0.538998,All
0.568573,0.539632,0.17142,0.539632,0.669196,0.539632,All
0.570297,0.540266,0.171947,0.540266,0.669231,0.540266,All
0.572429,0.5409,0.172288,0.5409,0.671733,0.5409,All
0.572454,0.541535,0.172797,0.541535,0.673936,0.541535,All
0.57249,0.542169,0.172912,0.542169,0.674722,0.542169,All
0.574,0.542803,0.172922,0.542803,0.675625,0.542803,All
0.576737,0.543437,0.174081,0.543437,0.680177,0.543437,All
0.577642,0.544071,0.174972,0.544071,0.680853,0.544071,All
0.579893,0.544705,0.17537,0.544705,0.68143,0.544705,All
0.581102,0.545339,0.175549,0.545339,0.683216,0.545339,All
0.582972,0.545973,0.175597,0.545973,0.684257,0.545973,All
0.584034,0.546607,0.176183,0.546607,0.688934,0.546607,All
0.585409,0.547242,0.176855,0.547242,0.690594,0.547242,All
0.588081,0.547876,0.177314,0.547876,0.691471,0.547876,All
0.58845,0.54851,0.177891,0.54851,0.691819,0.54851,All
0.588794,0.549144,0.178478,0.549144,0.692512,0.549144,All
0.590089,0.549778,0.17871,0.549778,0.693138,0.549778,All
0.591188,0.550412,0.180097,0.550412,0.693189,0.550412,All
0.597947,0.551046,0.180877,0.551046,0.694992,0.551046,All
0.598338,0.55168,0.181058,0.55168,0.695077,0.55168,All
0.59913,0.552315,0.181073,0.552315,0.695103,0.552315,All
0.600013,0.552949,0.181452,0.552949,0.697127,0.552949,All
0.600666,0.553583,0.182223,0.553583,0.698571,0.553583,All
0.601141,0.554217,0.183773,0.554217,0.700953,0.554217,All
0.60269,0.554851,0.184591,0.554851,0.702838,0.554851,All
0.604804,0.555485,0.184941,0.555485,0.702883,0.555485,All
0.6049,0.556119,0.185397,0.556119,0.704467,0.556119,All
0.609838,0.556753,0.185994,0.556753,0.705896,0.556753,All
0.610095,0.557387,0.186204,0.557387,0.70731,0.557387,All
0.610417,0.558022,0.186343,0.558022,0.707894,0.558022,All
0.622647,0.558656,0.186523,0.558656,0.709597,0.558656,All
0.623511,0.55929,0.1872,0.55929,0.710554,0.55929,All
0.627578,0.559924,0.187271,0.559924,0.710676,0.559924,All
0.628535,0.560558,0.188817,0.560558,0.711101,0.560558,All
0.632219,0.561192,0.189818,0.561192,0.711289,0.561192,All
0.633547,0.561826,0.190453,0.561826,0.71149,0.561826,All
0.633683,0.56246,0.191154,0.56246,0.712496,0.56246,All
0.635256,0.563094,0.191407,0.563094,0.713831,0.563094,All
0.642459,0.563729,0.191948,0.563729,0.714185,0.563729,All
0.642548,0.564363,0.193157,0.564363,0.714392,0.564363,All
0.643121,0.564997,0.193402,0.564997,0.71513,0.564997,All
0.644339,0.565631,0.196473,0.565631,0.717572,0.565631,All
0.645023,0.566265,0.196525,0.566265,0.720817,0.566265,All
0.646632,0.566899,0.196804,0.566899,0.721586,0.566899,All
0.647198,0.567533,0.196861,0.567533,0.721996,0.567533,All
0.649281,0.568167,0.196984,0.568167,0.723679,0.568167,All
0.650196,0.568802,0.197024,0.568802,0.725082,0.568802,All
0.651147,0.569436,0.199657,0.569436,0.727299,0.569436,All
0.65442,0.57007,0.199869,0.57007,0.730461,0.57007,All
0.655753,0.570704,0.201463,0.570704,0.731921,0.570704,All
0.656273,0.571338,0.201475,0.571338,0.73515,0.571338,All
0.662091,0.571972,0.202602,0.571972,0.738504,0.571972,All
0.665319,0.572606,0.203766,0.572606,0.740441,0.572606,All
0.665623,0.57324,0.204198,0.57324,0.740585,0.57324,All
0.66889,0.573874,0.205182,0.573874,0.74218,0.573874,All
0.672932,0.574509,0.205507,0.574509,0.746943,0.574509,All
0.67988,0.575143,0.205594,0.575143,0.747664,0.575143,All
0.680648,0.575777,0.206026,0.575777,0.748315,0.575777,All
0.682051,0.576411,0.206327,0.576411,0.751696,0.576411,All
0.682255,0.577045,0.207154,0.577045,0.752015,0.577045,All
0.68275,0.577679,0.207481,0.577679,0.753576,0.577679,All
0.682889,0.578313,0.207755,0.578313,0.754169,0.578313,All
0.683075,0.578947,0.208026,0.578947,0.755793,0.578947,All
0.687233,0.579581,0.209914,0.579581,0.756327,0.579581,All
0.689588,0.580216,0.210596,0.580216,0.758664,0.580216,All
0.689764,0.58085,0.21175,0.58085,0.758786,0.58085,All
0.691479,0.581484,0.211813,0.581484,0.760407,0.581484,All
0.692849,0.582118,0.212474,0.582118,0.76391,0.582118,All
0.693364,0.582752,0.213143,0.582752,0.768109,0.582752,All
0.693812,0.583386,0.213559,0.583386,0.768512,0.583386,All
0.693962,0.58402,0.214331,0.58402,0.768522,0.58402,All
0.694367,0.584654,0.214561,0.584654,0.770881,0.584654,All
0.694963,0.585289,0.215211,0.585289,0.773132,0.585289,All
0.695376,0.585923,0.215857,0.585923,0.774698,0.585923,All
0.697624,0.586557,0.216041,0.586557,0.775328,0.586557,All
0.697893,0.587191,0.216363,0.587191,0.775864,0.587191,All
0.700132,0.587825,0.217186,0.587825,0.778013,0.587825,All
0.701936,0.588459,0.217645,0.588459,0.778761,0.588459,All
0.703091,0.589093,0.218688,0.589093,0.781544,0.589093,All
0.703267,0.589727,0.218907,0.589727,0.782001,0.589727,All
0.708947,0.590361,0.21949,0.590361,0.785193,0.590361,All
0.709424,0.590996,0.21976,0.590996,0.785217,0.590996,All
0.710388,0.59163,0.220417,0.59163,0.785431,0.59163,All
0.716321,0.592264,0.220784,0.592264,0.785491,0.592264,All
0.717909,0.592898,0.221467,0.592898,0.78554,0.592898,All
0.718559,0.593532,0.222034,0.593532,0.785661,0.593532,All
0.721452,0.594166,0.222518,0.594166,0.78612,0.594166,All
0.722573,0.5948,0.223332,0.5948,0.790023,0.5948,All
0.723085,0.595434,0.223627,0.595434,0.79019,0.595434,All
0.723973,0.596068,0.225021,0.596068,0.791478,0.596068,All
0.725254,0.596703,0.225183,0.596703,0.792406,0.596703,All
0.726022,0.597337,0.225911,0.597337,0.793742,0.597337,All
0.732502,0.597971,0.226211,0.597971,0.7941,0.597971,All
0.733226,0.598605,0.227442,0.598605,0.796154,0.598605,All
0.733506,0.599239,0.227568,0.599239,0.796839,0.599239,All
0.734482,0.599873,0.227699,0.599873,0.796978,0.599873,All
0.735206,0.600507,0.228498,0.600507,0.798211,0.600507,All
0.740679,0.601141,0.229706,0.601141,0.799726,0.601141,All
0.744516,0.601776,0.230588,0.601776,0.80066,0.601776,All
0.747441,0.60241,0.230763,0.60241,0.800946,0.60241,All
0.748322,0.603044,0.23089,0.603044,0.80133,0.603044,All
0.748976,0.603678,0.232757,0.603678,0.804363,0.603678,All
0.749957,0.604312,0.233045,0.604312,0.804892,0.604312,All
0.75143,0.604946,0.234661,0.604946,0.81063,0.604946,All
0.751906,0.60558,0.235144,0.60558,0.810996,0.60558,All
0.751971,0.606214,0.235709,0.606214,0.811584,0.606214,All
0.755693,0.606848,0.236158,0.606848,0.812298,0.606848,All
0.757864,0.607483,0.236736,0.607483,0.814787,0.607483,All
0.761438,0.608117,0.236777,0.608117,0.815459,0.608117,All
0.763276,0.608751,0.23695,0.608751,0.81791,0.608751,All
0.765478,0.609385,0.238879,0.609385,0.818622,0.609385,All
0.765568,0.610019,0.240173,0.610019,0.819813,0.610019,All
0.767707,0.610653,0.242881,0.610653,0.8208,0.610653,All
0.76892,0.611287,0.243647,0.611287,0.821353,0.611287,All
0.769451,0.611921,0.244411,0.611921,0.823422,0.611921,All
0.769485,0.612555,0.245481,0.612555,0.824145,0.612555,All
0.771706,0.61319,0.245738,0.61319,0.825979,0.61319,All
0.772131,0.613824,0.24769,0.613824,0.82742,0.613824,All
0.77225,0.614458,0.247789,0.614458,0.832349,0.614458,All
0.774665,0.615092,0.247996,0.615092,0.838862,0.615092,All
0.775608,0.615726,0.248033,0.615726,0.839814,0.615726,All
0.77614,0.61636,0.248705,0.61636,0.840676,0.61636,All
0.776874,0.616994,0.2489,0.616994,0.841628,0.616994,All
0.777312,0.617628,0.249373,0.617628,0.84197,0.617628,All
0.777579,0.618263,0.250966,0.618263,0.843728,0.618263,All
0.77802,0.618897,0.251227,0.618897,0.845673,0.618897,All
0.779127,0.619531,0.251558,0.619531,0.845986,0.619531,All
0.780763,0.620165,0.252659,0.620165,0.846573,0.620165,All
0.786369,0.620799,0.252964,0.620799,0.846601,0.620799,All
0.787611,0.621433,0.253304,0.621433,0.850824,0.621433,All
0.788133,0.622067,0.253411,0.622067,0.853693,0.622067,All
0.788711,0.622701,0.254378,0.622701,0.855252,0.622701,All
0.791186,0.623335,0.254676,0.623335,0.855597,0.623335,All
0.791457,0.62397,0.254998,0.62397,0.855667,0.62397,All
0.791802,0.624604,0.255163,0.624604,0.856185,0.624604,All
0.79191,0.625238,0.255979,0.625238,0.857872,0.625238,All
0.794432,0.625872,0.260031,0.625872,0.861755,0.625872,All
0.79946,0.626506,0.260626,0.626506,0.862135,0.626506,All
0.801615,0.62714,0.261507,0.62714,0.863128,0.62714,All
0.804047,0.627774,0.263207,0.627774,0.864101,0.627774,All
0.805682,0.628408,0.263232,0.628408,0.8651,0.628408,All
0.807068,0.629042,0.263504,0.629042,0.865221,0.629042,All
0.807606,0.629677,0.265629,0.629677,0.865557,0.629677,All
0.810255,0.630311,0.266334,0.630311,0.869747,0.630311,All
0.812753,0.630945,0.266572,0.630945,0.870634,0.630945,All
0.813796,0.631579,0.267963,0.631579,0.871378,0.631579,All
0.81399,0.632213,0.268555,0.632213,0.873429,0.632213,All
0.814152,0.632847,0.268973,0.632847,0.875368,0.632847,All
0.817762,0.633481,0.269819,0.633481,0.878296,0.633481,All
0.820682,0.634115,0.270108,0.634115,0.879358,0.634115,All
0.822304,0.63475,0.270547,0.63475,0.880329,0.63475,All
0.824677,0.635384,0.270645,0.635384,0.881207,0.635384,All
0.825855,0.636018,0.271087,0.636018,0.882432,0.636018,All
0.827513,0.636652,0.27172,0.636652,0.88391,0.636652,All
0.829631,0.637286,0.271984,0.637286,0.88639,0.637286,All
0.83147,0.63792,0.272153,0.63792,0.888046,0.63792,All
0.832237,0.638554,0.273265,0.638554,0.888269,0.638554,All
0.832352,0.639188,0.273525,0.639188,0.888565,0.639188,All
0.834124,0.639822,0.273776,0.639822,0.888614,0.639822,All
0.835556,0.640457,0.274173,0.640457,0.896421,0.640457,All
0.84123,0.641091,0.274387,0.641091,0.89878,0.641091,All
0.841416,0.641725,0.274738,0.641725,0.899399,0.641725,All
0.842777,0.642359,0.275756,0.642359,0.90117,0.642359,All
0.842999,0.642993,0.275962,0.642993,0.901577,0.642993,All
0.843829,0.643627,0.27673,0.643627,0.90584,0.643627,All
0.84628,0.644261,0.276925,0.644261,0.905878,0.644261,All
0.847805,0.644895,0.277083,0.644895,0.906506,0.644895,All
0.85443,0.645529,0.278099,0.645529,0.909424,0.645529,All
0.856127,0.646164,0.278345,0.646164,0.911727,0.646164,All
0.857405,0.646798,0.279158,0.646798,0.914311,0.646798,All
0.860762,0.647432,0.281197,0.647432,0.915228,0.647432,All
0.860903,0.648066,0.284733,0.648066,0.916511,0.648066,All
0.866232,0.6487,0.284845,0.6487,0.91993,0.6487,All
0.86682,0.649334,0.286237,0.649334,0.920408,0.649334,All
0.867698,0.649968,0.286963,0.649968,0.920644,0.649968,All
0.867873,0.650602,0.287295,0.650602,0.92102,0.650602,All
0.867971,0.651237,0.289265,0.651237,0.923783,0.651237,All
0.869064,0.651871,0.289602,0.651871,0.924927,0.651871,All
0.870969,0.652505,0.289698,0.652505,0.927128,0.652505,All
0.876474,0.653139,0.290443,0.653139,0.930065,0.653139,All
0.876871,0.653773,0.291813,0.653773,0.932653,0.653773,All
0.88269,0.654407,0.291876,0.654407,0.932837,0.654407,All
0.885255,0.655041,0.293491,0.655041,0.933015,0.655041,All
0.885414,0.655675,0.293885,0.655675,0.942187,0.655675,All
0.887819,0.656309,0.29405,0.656309,0.942593,0.656309,All
0.887938,0.656944,0.295256,0.656944,0.94463,0.656944,All
0.890324,0.657578,0.29691,0.657578,0.94877,0.657578,All
0.891904,0.658212,0.297285,0.658212,0.948937,0.658212,All
0.893419,0.658846,0.29788,0.658846,0.950538,0.658846,All
0.894451,0.65948,0.298642,0.65948,0.955344,0.65948,All
0.898173,0.660114,0.299278,0.660114,0.957713,0.660114,All
0.901427,0.660748,0.300458,0.660748,0.958609,0.660748,All
0.903715,0.661382,0.300757,0.661382,0.9605,0.661382,All
0.904458,0.662016,0.301006,0.662016,0.961742,0.662016,All
0.907278,0.662651,0.30184,0.662651,0.964383,0.662651,All
0.909742,0.663285,0.303201,0.663285,0.964731,0.663285,All
0.909783,0.663919,0.303413,0.663919,0.968172,0.663919,All
0.909814,0.664553,0.303502,0.664553,0.969958,0.664553,All
0.910945,0.665187,0.304996,0.665187,0.970121,0.665187,All
0.911001,0.665821,0.305737,0.665821,0.971803,0.665821,All
0.911699,0.666455,0.306106,0.666455,0.973049,0.666455,All
0.91829,0.667089,0.306311,0.667089,0.975294,0.667089,All
0.918877,0.667724,0.30714,0.667724,0.976251,0.667724,All
0.919634,0.668358,0.308202,0.668358,0.978159,0.668358,All
0.925627,0.668992,0.308638,0.668992,0.981175,0.668992,All
0.927061,0.669626,0.309388,0.669626,0.981504,0.669626,All
0.931166,0.67026,0.310161,0.67026,0.984684,0.67026,All
0.931581,0.670894,0.310431,0.670894,0.985904,0.670894,All
0.932602,0.671528,0.311348,0.671528,0.988512,0.671528,All
0.93359,0.672162,0.311843,0.672162,0.990139,0.672162,All
0.934502,0.672796,0.311974,0.672796,0.993339,0.672796,All
0.935628,0.673431,0.312379,0.673431,0.994861,0.673431,All
0.936958,0.674065,0.312689,0.674065,0.994953,0.674065,All
0.937781,0.674699,0.312752,0.674699,0.997304,0.674699,All
0.938771,0.675333,0.313206,0.675333,0.997479,0.675333,All
0.942638,0.675967,0.317873,0.675967,0.997484,0.675967,All
0.945151,0.676601,0.31972,0.676601,0.999578,0.676601,All
0.945739,0.677235,0.320227,0.677235,1.00036,0.677235,All
0.946597,0.677869,0.320968,0.677869,1.00412,0.677869,All
0.954947,0.678503,0.322646,0.678503,1.00418,0.678503,All
0.956682,0.679138,0.324632,0.679138,1.00469,0.679138,All
0.95738,0.679772,0.324885,0.679772,1.00551,0.679772,All
0.958633,0.680406,0.325544,0.680406,1.00599,0.680406,All
0.972457,0.68104,0.325649,0.68104,1.00768,0.68104,All
0.973323,0.681674,0.325803,0.681674,1.00789,0.681674,All
0.974221,0.682308,0.325907,0.682308,1.00948,0.682308,All
0.975518,0.682942,0.326212,0.682942,1.01729,0.682942,All
0.976357,0.683576,0.326531,0.683576,1.02077,0.683576,All
0.980468,0.684211,0.327066,0.684211,1.02296,0.684211,All
0.98064,0.684845,0.327242,0.684845,1.02383,0.684845,All
0.980724,0.685479,0.327704,0.685479,1.0244,0.685479,All
0.980763,0.686113,0.327851,0.686113,1.02604,0.686113,All
0.986396,0.686747,0.328623,0.686747,1.02715,0.686747,All
0.987853,0.687381,0.329989,0.687381,1.02796,0.687381,All
0.990872,0.688015,0.331257,0.688015,1.03239,0.688015,All
0.991511,0.688649,0.331486,0.688649,1.03288,0.688649,All
0.991765,0.689283,0.331682,0.689283,1.033,0.689283,All
0.995408,0.689918,0.332085,0.689918,1.03889,0.689918,All
0.99601,0.690552,0.332181,0.690552,1.0404,0.690552,All
1.00289,0.691186,0.33325,0.691186,1.04146,0.691186,All
1.00401,0.69182,0.333485,0.69182,1.04887,0.69182,All
1.00634,0.692454,0.333714,0.692454,1.04964,0.692454,All
1.01389,0.693088,0.336104,0.693088,1.04971,0.693088,All
1.01921,0.693722,0.33643,0.693722,1.05307,0.693722,All
1.02101,0.694356,0.336472,0.694356,1.05352,0.694356,All
1.02357,0.69499,0.33669,0.69499,1.05444,0.69499,All
1.02361,0.695625,0.336998,0.695625,1.05525,0.695625,All
1.02569,0.696259,0.337408,0.696259,1.05568,0.696259,All
1.02652,0.696893,0.338352,0.696893,1.0576,0.696893,All
1.02791,0.697527,0.338665,0.697527,1.05836,0.697527,All
1.02884,0.698161,0.338962,0.698161,1.05895,0.698161,All
1.02992,0.698795,0.340357,0.698795,1.06064,0.698795,All
1.0372,0.699429,0.341089,0.699429,1.06219,0.699429,All
1.03868,0.700063,0.341123,0.700063,1.06224,0.700063,All
1.03922,0.700698,0.341137,0.700698,1.06336,0.700698,All
1.04062,0.701332,0.342043,0.701332,1.0668,0.701332,All
1.04112,0.701966,0.344661,0.701966,1.06719,0.701966,All
1.04157,0.7026,0.344709,0.7026,1.06847,0.7026,All
1.04303,0.703234,0.345648,0.703234,1.071,0.703234,All
1.04416,0.703868,0.347858,0.703868,1.07104,0.703868,All
1.04902,0.704502,0.351491,0.704502,1.07116,0.704502,All
1.04948,0.705136,0.351879,0.705136,1.0728,0.705136,All
1.05011,0.70577,0.352115,0.70577,1.07316,0.70577,All
1.0563,0.706405,0.352915,0.706405,1.07463,0.706405,All
1.06034,0.707039,0.353314,0.707039,1.0771,0.707039,All
1.0609,0.707673,0.353414,0.707673,1.08028,0.707673,All
1.07057,0.708307,0.353564,0.708307,1.08083,0.708307,All
1.07362,0.708941,0.357781,0.708941,1.08429,0.708941,All
1.07664,0.709575,0.357901,0.709575,1.09177,0.709575,All
1.08463,0.710209,0.360198,0.710209,1.09426,0.710209,All
1.09493,0.710843,0.360653,0.710843,1.09558,0.710843,All
1.0957,0.711477,0.360685,0.711477,1.09579,0.711477,All
1.09685,0.712112,0.360746,0.712112,1.09632,0.712112,All
1.0969,0.712746,0.361655,0.712746,1.09731,0.712746,All
1.09701,0.71338,0.363102,0.71338,1.09807,0.71338,All
1.10309,0.714014,0.363147,0.714014,1.10018,0.714014,All
1.10363,0.714648,0.363959,0.714648,1.10075,0.714648,All
1.10374,0.715282,0.365754,0.715282,1.10241,0.715282,All
1.10497,0.715916,0.366994,0.715916,1.1025,0.715916,All
1.11016,0.71655,0.36728,0.71655,1.10381,0.71655,All
1.11075,0.717185,0.367952,0.717185,1.10401,0.717185,All
1.11122,0.717819,0.36891,0.717819,1.10443,0.717819,All
1.11298,0.718453,0.371367,0.718453,1.10759,0.718453,All
1.11497,0.719087,0.373215,0.719087,1.10898,0.719087,All
1.11602,0.719721,0.373497,0.719721,1.11086,0.719721,All
1.11729,0.720355,0.373964,0.720355,1.11503,0.720355,All
1.12615,0.720989,0.374229,0.720989,1.11691,0.720989,All
1.13078,0.721623,0.377449,0.721623,1.11747,0.721623,All
1.13164,0.722257,0.378025,0.722257,1.11828,0.722257,All
1.13338,0.722892,0.378254,0.722892,1.12001,0.722892,All
1.13556,0.723526,0.380001,0.723526,1.1214,0.723526,All
1.13622,0.72416,0.384048,0.72416,1.12334,0.72416,All
1.1368,0.724794,0.385231,0.724794,1.12537,0.724794,All
1.14018,0.725428,0.386106,0.725428,1.12567,0.725428,All
1.14064,0.726062,0.387638,0.726062,1.13307,0.726062,All
1.14397,0.726696,0.38778,0.726696,1.1345,0.726696,All
1.14432,0.72733,0.388071,0.72733,1.13844,0.72733,All
1.14541,0.727964,0.389958,0.727964,1.1391,0.727964,All
1.14566,0.728599,0.39074,0.728599,1.13961,0.728599,All
1.14932,0.729233,0.3917,0.729233,1.14354,0.729233,All
1.15967,0.729867,0.393158,0.729867,1.14596,0.729867,All
1.16163,0.730501,0.393708,0.730501,1.15273,0.730501,All
1.1646,0.731135,0.394251,0.731135,1.15458,0.731135,All
1.16995,0.731769,0.39449,0.731769,1.16072,0.731769,All
1.17033,0.732403,0.394575,0.732403,1.16076,0.732403,All
1.17039,0.733037,0.394903,0.733037,1.16207,0.733037,All
1.17041,0.733672,0.396601,0.733672,1.16242,0.733672,All
1.17114,0.734306,0.399406,0.734306,1.16244,0.734306,All
1.17204,0.73494,0.400275,0.73494,1.16492,0.73494,All
1.18363,0.735574,0.401186,0.735574,1.16534,0.735574,All
1.18514,0.736208,0.401427,0.736208,1.16699,0.736208,All
1.18892,0.736842,0.401435,0.736842,1.16741,0.736842,All
1.1901,0.737476,0.401968,0.737476,1.16868,0.737476,All
1.19123,0.73811,0.402552,0.73811,1.16915,0.73811,All
1.19221,0.738744,0.402909,0.738744,1.16936,0.738744,All
1.19476,0.739379,0.403439,0.739379,1.16999,0.739379,All
1.19885,0.740013,0.403605,0.740013,1.17036,0.740013,All
1.19955,0.740647,0.404377,0.740647,1.17116,0.740647,All
1.20139,0.741281,0.406038,0.741281,1.1717,0.741281,All
1.20355,0.741915,0.406057,0.741915,1.17217,0.741915,All
1.20464,0.742549,0.407169,0.742549,1.17238,0.742549,All
1.20568,0.743183,0.408144,0.743183,1.17769,0.743183,All
1.20663,0.743817,0.408284,0.743817,1.17937,0.743817,All
1.21121,0.744451,0.409069,0.744451,1.1833,0.744451,All
1.21203,0.745086,0.409265,0.745086,1.18723,0.745086,All
1.22439,0.74572,0.409936,0.74572,1.18898,0.74572,All
1.22698,0.746354,0.411309,0.746354,1.19049,0.746354,All
1.22999,0.746988,0.412733,0.746988,1.19856,0.746988,All
1.23155,0.747622,0.414886,0.747622,1.19943,0.747622,All
1.23274,0.748256,0.416516,0.748256,1.20021,0.748256,All
1.23591,0.74889,0.418338,0.74889,1.20719,0.74889,All
1.23677,0.749524,0.418401,0.749524,1.2094,0.749524,All
1.24113,0.750159,0.419526,0.750159,1.21037,0.750159,All
1.24281,0.750793,0.41989,0.750793,1.21238,0.750793,All
1.24468,0.751427,0.42196,0.751427,1.21242,0.751427,All
1.25164,0.752061,0.423911,0.752061,1.21354,0.752061,All
1.25263,0.752695,0.423919,0.752695,1.21405,0.752695,All
1.25678,0.753329,0.425846,0.753329,1.21526,0.753329,All
1.25795,0.753963,0.426385,0.753963,1.21629,0.753963,All
1.26427,0.754597,0.427827,0.754597,1.21787,0.754597,All
1.26513,0.755231,0.427979,0.755231,1.22015,0.755231,All
1.27056,0.755866,0.428398,0.755866,1.22721,0.755866,All
1.27255,0.7565,0.429036,0.7565,1.22778,0.7565,All
1.27499,0.757134,0.430473,0.757134,1.22811,0.757134,All
1.27526,0.757768,0.430512,0.757768,1.22963,0.757768,All
1.27903,0.758402,0.430558,0.758402,1.23638,0.758402,All
1.28725,0.759036,0.430794,0.759036,1.24188,0.759036,All
1.2876,0.75967,0.431434,0.75967,1.24459,0.75967,All
1.28939,0.760304,0.432863,0.760304,1.24635,0.760304,All
1.29213,0.760938,0.433233,0.760938,1.25441,0.760938,All
1.29534,0.761573,0.43337,0.761573,1.26006,0.761573,All
1.29838,0.762207,0.43345,0.762207,1.26106,0.762207,All
1.30007,0.762841,0.437766,0.762841,1.26153,0.762841,All
1.30159,0.763475,0.4397,0.763475,1.26366,0.763475,All
1.30301,0.764109,0.439794,0.764109,1.26369,0.764109,All
1.30393,0.764743,0.440801,0.764743,1.26595,0.764743,All
1.30886,0.765377,0.441068,0.765377,1.26692,0.765377,All
1.31017,0.766011,0.442193,0.766011,1.26746,0.766011,All
1.31693,0.766646,0.442605,0.766646,1.27234,0.766646,All
1.31809,0.76728,0.442609,0.76728,1.27264,0.76728,All
1.31873,0.767914,0.443143,0.767914,1.27526,0.767914,All
1.31896,0.768548,0.443872,0.768548,1.27554,0.768548,All
1.32082,0.769182,0.443942,0.769182,1.27638,0.769182,All
1.32156,0.769816,0.446574,0.769816,1.27705,0.769816,All
1.32217,0.77045,0.448369,0.77045,1.28363,0.77045,All
1.32744,0.771084,0.449115,0.771084,1.28388,0.771084,All
1.33681,0.771718,0.44978,0.771718,1.2909,0.771718,All
1.34907,0.772353,0.449937,0.772353,1.29123,0.772353,All
1.3538,0.772987,0.450718,0.772987,1.29354,0.772987,All
1.35573,0.773621,0.452765,0.773621,1.2984,0.773621,All
1.36366,0.774255,0.454119,0.774255,1.29991,0.774255,All
1.36671,0.774889,0.454699,0.774889,1.30197,0.774889,All
1.36928,0.775523,0.454764,0.775523,1.303,0.775523,All
1.37721,0.776157,0.454951,0.776157,1.30369,0.776157,All
1.37919,0.776791,0.457688,0.776791,1.30475,0.776791,All
1.37951,0.777425,0.458673,0.777425,1.30593,0.777425,All
1.38828,0.77806,0.45902,0.77806,1.30684,0.77806,All
1.39,0.778694,0.463789,0.778694,1.30871,0.778694,All
1.3985,0.779328,0.465782,0.779328,1.31103,0.779328,All
1.39973,0.779962,0.467609,0.779962,1.31187,0.779962,All
1.4003,0.780596,0.468125,0.780596,1.31197,0.780596,All
1.40629,0.78123,0.469568,0.78123,1.31461,0.78123,All
1.41053,0.781864,0.469577,0.781864,1.31583,0.781864,All
1.41058,0.782498,0.469765,0.782498,1.3161,0.782498,All
1.41076,0.783133,0.471616,0.783133,1.3179,0.783133,All
1.41269,0.783767,0.474282,0.783767,1.32271,0.783767,All
1.41505,0.784401,0.474323,0.784401,1.3247,0.784401,All
1.4194,0.785035,0.476539,0.785035,1.32565,0.785035,All
1.42176,0.785669,0.47685,0.785669,1.3259,0.785669,All
1.42278,0.786303,0.477332,0.786303,1.32651,0.786303,All
1.42741,0.786937,0.477335,0.786937,1.32658,0.786937,All
1.42925,0.787571,0.477655,0.787571,1.3274,0.787571,All
1.43322,0.788205,0.478074,0.788205,1.32794,0.788205,All
1.44348,0.78884,0.479904,0.78884,1.33381,0.78884,All
1.44446,0.789474,0.479912,0.789474,1.3347,0.789474,All
1.44489,0.790108,0.480653,0.790108,1.33582,0.790108,All
1.44716,0.790742,0.482077,0.790742,1.33896,0.790742,All
1.44804,0.791376,0.483219,0.791376,1.33984,0.791376,All
1.45104,0.79201,0.483714,0.79201,1.34246,0.79201,All
1.45214,0.792644,0.48589,0.792644,1.34454,0.792644,All
1.45277,0.793278,0.488408,0.793278,1.34856,0.793278,All
1.45465,0.793912,0.488849,0.793912,1.35963,0.793912,All
1.45798,0.794547,0.492717,0.794547,1.36568,0.794547,All
1.46074,0.795181,0.493336,0.795181,1.36629,0.795181,All
1.4608,0.795815,0.493368,0.795815,1.36725,0.795815,All
1.46532,0.796449,0.496237,0.796449,1.37143,0.796449,All
1.46934,0.797083,0.496754,0.797083,1.37259,0.797083,All
1.47431,0.797717,0.499706,0.797717,1.375,0.797717,All
1.47469,0.798351,0.502392,0.798351,1.37931,0.798351,All
1.47651,0.798985,0.502546,0.798985,1.37945,0.798985,All
1.47705,0.79962,0.504314,0.79962,1.38055,0.79962,All
1.47756,0.800254,0.505706,0.800254,1.38202,0.800254,All
1.47962,0.800888,0.505999,0.800888,1.38299,0.800888,All
1.48174,0.801522,0.506071,0.801522,1.39187,0.801522,All
1.48303,0.802156,0.506465,0.802156,1.39197,0.802156,All
1.48808,0.80279,0.506597,0.80279,1.39805,0.80279,All
1.48957,0.803424,0.507821,0.803424,1.40046,0.803424,All
1.49847,0.804058,0.50944,0.804058,1.40079,0.804058,All
1.5,0.804692,0.510139,0.804692,1.40316,0.804692,All
1.50468,0.805327,0.511593,0.805327,1.40764,0.805327,All
1.5047,0.805961,0.511738,0.805961,1.41168,0.805961,All
1.51172,0.806595,0.512006,0.806595,1.41215,0.806595,All
1.51194,0.807229,0.513218,0.807229,1.41312,0.807229,All
1.51223,0.807863,0.513248,0.807863,1.41577,0.807863,All
1.51253,0.808497,0.515484,0.808497,1.41579,0.808497,All
1.51483,0.809131,0.51715,0.809131,1.41715,0.809131,All
1.51736,0.809765,0.517204,0.809765,1.41941,0.809765,All
1.51967,0.810399,0.517295,0.810399,1.4227,0.810399,All
1.52109,0.811034,0.517554,0.811034,1.42697,0.811034,All
1.52732,0.811668,0.517825,0.811668,1.42717,0.811668,All
1.52765,0.812302,0.51938,0.812302,1.42871,0.812302,All
1.53358,0.812936,0.519578,0.812936,1.42972,0.812936,All
1.534,0.81357,0.51973,0.81357,1.43042,0.81357,All
1.54151,0.814204,0.519998,0.814204,1.43838,0.814204,All
1.54311,0.814838,0.521741,0.814838,1.44393,0.814838,All
1.54349,0.815472,0.523604,0.815472,1.44616,0.815472,All
1.54354,0.816107,0.525618,0.816107,1.44691,0.816107,All
1.54439,0.816741,0.526706,0.816741,1.44902,0.816741,All
1.54662,0.817375,0.52673,0.817375,1.4513,0.817375,All
1.54795,0.818009,0.529186,0.818009,1.45182,0.818009,All
1.5498,0.818643,0.529543,0.818643,1.45498,0.818643,All
1.55308,0.819277,0.530066,0.819277,1.46056,0.819277,All
1.55349,0.819911,0.531489,0.819911,1.46116,0.819911,All
1.5543,0.820545,0.53354,0.820545,1.46758,0.820545,All
1.56545,0.821179,0.535375,0.821179,1.47271,0.821179,All
1.56729,0.821814,0.537485,0.821814,1.47473,0.821814,All
1.57066,0.822448,0.538571,0.822448,1.47595,0.822448,All
1.57111,0.823082,0.539951,0.823082,1.47623,0.823082,All
1.57214,0.823716,0.540412,0.823716,1.47802,0.823716,All
1.57444,0.82435,0.540473,0.82435,1.47967,0.82435,All
1.57546,0.824984,0.541124,0.824984,1.48109,0.824984,All
1.57609,0.825618,0.54361,0.825618,1.48466,0.825618,All
1.58244,0.826252,0.544684,0.826252,1.48593,0.826252,All
1.58699,0.826886,0.547388,0.826886,1.48865,0.826886,All
1.58733,0.827521,0.548117,0.827521,1.48963,0.827521,All
1.58758,0.828155,0.548157,0.828155,1.49192,0.828155,All
1.58983,0.828789,0.548616,0.828789,1.49444,0.828789,All
1.59815,0.829423,0.549124,0.829423,1.49645,0.829423,All
1.5982,0.830057,0.549782,0.830057,1.49655,0.830057,All
1.60218,0.830691,0.550422,0.830691,1.49656,0.830691,All
1.60233,0.831325,0.550985,0.831325,1.49844,0.831325,All
1.60692,0.831959,0.552338,0.831959,1.49855,0.831959,All
1.60947,0.832594,0.554138,0.832594,1.49898,0.832594,All
1.61369,0.833228,0.554691,0.833228,1.49899,0.833228,All
1.61573,0.833862,0.556435,0.833862,1.49988,0.833862,All
1.61609,0.834496,0.556769,0.834496,1.50276,0.834496,All
1.61706,0.83513,0.557618,0.83513,1.50293,0.83513,All
1.63166,0.835764,0.558229,0.835764,1.50517,0.835764,All
1.6343,0.836398,0.558678,0.836398,1.50799,0.836398,All
1.63989,0.837032,0.559396,0.837032,1.50927,0.837032,All
1.64404,0.837666,0.559865,0.837666,1.50937,0.837666,All
1.64817,0.838301,0.560563,0.838301,1.51118,0.838301,All
1.64865,0.838935,0.560818,0.838935,1.51284,0.838935,All
1.65216,0.839569,0.56206,0.839569,1.51471,0.839569,All
1.65485,0.840203,0.563329,0.840203,1.51973,0.840203,All
1.65489,0.840837,0.56389,0.840837,1.5216,0.840837,All
1.66206,0.841471,0.569067,0.841471,1.52652,0.841471,All
1.66251,0.842105,0.570283,0.842105,1.5269,0.842105,All
1.66473,0.842739,0.57123,0.842739,1.53207,0.842739,All
1.66611,0.843373,0.571342,0.843373,1.53445,0.843373,All
1.67108,0.844008,0.576258,0.844008,1.53466,0.844008,All
1.67136,0.844642,0.580685,0.844642,1.53804,0.844642,All
1.67459,0.845276,0.585648,0.845276,1.54193,0.845276,All
1.68116,0.84591,0.587876,0.84591,1.54436,0.84591,All
1.6812,0.846544,0.58793,0.846544,1.54966,0.846544,All
1.6842,0.847178,0.589816,0.847178,1.55072,0.847178,All
1.68501,0.847812,0.591184,0.847812,1.55107,0.847812,All
1.68875,0.848446,0.591304,0.848446,1.55123,0.848446,All
1.69057,0.849081,0.59182,0.849081,1.55483,0.849081,All
1.6929,0.849715,0.592157,0.849715,1.55556,0.849715,All
1.69704,0.850349,0.593468,0.850349,1.55656,0.850349,All
1.69808,0.850983,0.594784,0.850983,1.55971,0.850983,All
1.69866,0.851617,0.602221,0.851617,1.56041,0.851617,All
1.69957,0.852251,0.607582,0.852251,1.56257,0.852251,All
1.70833,0.852885,0.620291,0.852885,1.563,0.852885,All
1.70994,0.853519,0.620665,0.853519,1.56381,0.853519,All
1.71587,0.854153,0.622062,0.854153,1.56418,0.854153,All
1.71856,0.854788,0.622927,0.854788,1.56544,0.854788,All
1.71868,0.855422,0.634268,0.855422,1.56989,0.855422,All
1.72091,0.856056,0.635761,0.856056,1.57167,0.856056,All
1.72374,0.85669,0.639499,0.85669,1.57598,0.85669,All
1.72943,0.857324,0.64013,0.857324,1.57809,0.857324,All
1.74479,0.857958,0.640335,0.857958,1.57937,0.857958,All
1.76133,0.858592,0.641076,0.858592,1.58531,0.858592,All
1.7806,0.859226,0.641651,0.859226,1.58703,0.859226,All
1.78112,0.85986,0.641787,0.85986,1.58748,0.85986,All
1.78368,0.860495,0.646464,0.860495,1.59995,0.860495,All
1.78594,0.861129,0.646703,0.861129,1.60647,0.861129,All
1.78876,0.861763,0.647272,0.861763,1.60787,0.861763,All
1.78885,0.862397,0.650822,0.862397,1.61439,0.862397,All
1.79412,0.863031,0.654855,0.863031,1.61563,0.863031,All
1.79931,0.863665,0.657694,0.863665,1.61743,0.863665,All
1.79984,0.864299,0.659798,0.864299,1.61769,0.864299,All
1.80563,0.864933,0.66259,0.864933,1.6196,0.864933,All
1.80851,0.865568,0.663155,0.865568,1.61975,0.865568,All
1.80921,0.866202,0.663572,0.866202,1.61996,0.866202,All
1.81016,0.866836,0.665148,0.866836,1.6231,0.866836,All
1.81053,0.86747,0.666477,0.86747,1.62378,0.86747,All
1.81165,0.868104,0.667101,0.868104,1.6245,0.868104,All
1.81243,0.868738,0.667129,0.868738,1.62474,0.868738,All
1.81303,0.869372,0.669158,0.869372,1.62615,0.869372,All
1.81483,0.870006,0.669271,0.870006,1.62875,0.870006,All
1.81512,0.87064,0.670316,0.87064,1.63421,0.87064,All
1.81894,0.871275,0.672743,0.871275,1.63721,0.871275,All
1.82017,0.871909,0.673591,0.871909,1.63783,0.871909,All
1.82448,0.872543,0.675553,0.872543,1.64234,0.872543,All
1.8274,0.873177,0.676563,0.873177,1.64465,0.873177,All
1.83417,0.873811,0.678597,0.873811,1.64586,0.873811,All
1.83455,0.874445,0.679987,0.874445,1.65217,0.874445,All
1.83482,0.875079,0.683297,0.875079,1.6527,0.875079,All
1.83663,0.875713,0.692832,0.875713,1.65339,0.875713,All
1.83913,0.876347,0.694517,0.876347,1.65518,0.876347,All
1.84447,0.876982,0.694841,0.876982,1.65685,0.876982,All
1.84483,0.877616,0.698681,0.877616,1.6579,0.877616,All
1.84668,0.87825,0.699391,0.87825,1.65844,0.87825,All
1.84723,0.878884,0.700779,0.878884,1.65944,0.878884,All
1.84784,0.879518,0.707334,0.879518,1.6595,0.879518,All
1.85018,0.880152,0.707701,0.880152,1.66017,0.880152,All
1.85245,0.880786,0.708847,0.880786,1.66399,0.880786,All
1.85246,0.88142,0.710769,0.88142,1.66511,0.88142,All
1.8542,0.882055,0.711022,0.882055,1.66619,0.882055,All
1.85446,0.882689,0.71291,0.882689,1.66945,0.882689,All
1.86477,0.883323,0.714644,0.883323,1.66989,0.883323,All
1.865,0.883957,0.717244,0.883957,1.68011,0.883957,All
1.87252,0.884591,0.722024,0.884591,1.68031,0.884591,All
1.87327,0.885225,0.728063,0.885225,1.68559,0.885225,All
1.88285,0.885859,0.729078,0.885859,1.68761,0.885859,All
1.88308,0.886493,0.729381,0.886493,1.68917,0.886493,All
1.8886,0.887127,0.729701,0.887127,1.69612,0.887127,All
1.8906,0.887762,0.730414,0.887762,1.69758,0.887762,All
1.89107,0.888396,0.733257,0.888396,1.69912,0.888396,All
1.89323,0.88903,0.73487,0.88903,1.70239,0.88903,All
1.89342,0.889664,0.736557,0.889664,1.7048,0.889664,All
1.89388,0.890298,0.736827,0.890298,1.70503,0.890298,All
1.89513,0.890932,0.750015,0.890932,1.70788,0.890932,All
1.90683,0.891566,0.750183,0.891566,1.71046,0.891566,All
1.91359,0.8922,0.750871,0.8922,1.71284,0.8922,All
1.93218,0.892834,0.751084,0.892834,1.71585,0.892834,All
1.93754,0.893469,0.754571,0.893469,1.72504,0.893469,All
1.93893,0.894103,0.755022,0.894103,1.72766,0.894103,All
1.95893,0.894737,0.75805,0.894737,1.73772,0.894737,All
1.9597,0.895371,0.758207,0.895371,1.75038,0.895371,All
1.97321,0.896005,0.758851,0.896005,1.75042,0.896005,All
1.97976,0.896639,0.761655,0.896639,1.7533,0.896639,All
1.98566,0.897273,0.769626,0.897273,1.75424,0.897273,All
1.99382,0.897907,0.769923,0.897907,1.7595,0.897907,All
1.99942,0.898542,0.771683,0.898542,1.76081,0.898542,All
2.01271,0.899176,0.777167,0.899176,1.76982,0.899176,All
2.01292,0.89981,0.777173,0.89981,1.77195,0.89981,All
2.01822,0.900444,0.778746,0.900444,1.77332,0.900444,All
2.02037,0.901078,0.78113,0.901078,1.77419,0.901078,All
2.02144,0.901712,0.78167,0.901712,1.77841,0.901712,All
2.02203,0.902346,0.782231,0.902346,1.79037,0.902346,All
2.02297,0.90298,0.784355,0.90298,1.79215,0.90298,All
2.02336,0.903614,0.785851,0.903614,1.7927,0.903614,All
2.02771,0.904249,0.788366,0.904249,1.79329,0.904249,All
2.04048,0.904883,0.797221,0.904883,1.7984,0.904883,All
2.04182,0.905517,0.797332,0.905517,1.80465,0.905517,All
2.04287,0.906151,0.797882,0.906151,1.80504,0.906151,All
2.04416,0.906785,0.797944,0.906785,1.82121,0.906785,All
2.04539,0.907419,0.800301,0.907419,1.82558,0.907419,All
2.05319,0.908053,0.802372,0.908053,1.82843,0.908053,All
2.0616,0.908687,0.804151,0.908687,1.82878,0.908687,All
2.06671,0.909321,0.811944,0.909321,1.82883,0.909321,All
2.06976,0.909956,0.812319,0.909956,1.82964,0.909956,All
2.07959,0.91059,0.815613,0.91059,1.83452,0.91059,All
2.09052,0.911224,0.817126,0.911224,1.83967,0.911224,All
2.09618,0.911858,0.821111,0.911858,1.8472,0.911858,All
2.10725,0.912492,0.822301,0.912492,1.84872,0.912492,All
2.10924,0.913126,0.828166,0.913126,1.86162,0.913126,All
2.12478,0.91376,0.830372,0.91376,1.86318,0.91376,All
2.12528,0.914394,0.837306,0.914394,1.87107,0.914394,All
2.13565,0.915029,0.838582,0.915029,1.87306,0.915029,All
2.13637,0.915663,0.839364,0.915663,1.87318,0.915663,All
2.14049,0.916297,0.840218,0.916297,1.87326,0.916297,All
2.14707,0.916931,0.840871,0.916931,1.87457,0.916931,All
2.15215,0.917565,0.844675,0.917565,1.87729,0.917565,All
2.15823,0.918199,0.850535,0.918199,1.88135,0.918199,All
2.16902,0.918833,0.853855,0.918833,1.88663,0.918833,All
2.18136,0.919467,0.854111,0.919467,1.89358,0.919467,All
2.18716,0.920101,0.861044,0.920101,1.89543,0.920101,All
2.20138,0.920736,0.863423,0.920736,1.89894,0.920736,All
2.20181,0.92137,0.863928,0.92137,1.90489,0.92137,All
2.20476,0.922004,0.875166,0.922004,1.92562,0.922004,All
2.20832,0.922638,0.877395,0.922638,1.92564,0.922638,All
2.21923,0.923272,0.884864,0.923272,1.9306,0.923272,All
2.23103,0.923906,0.885126,0.923906,1.93555,0.923906,All
2.23752,0.92454,0.88521,0.92454,1.95019,0.92454,All
2.24154,0.925174,0.902555,0.925174,1.95739,0.925174,All
2.24407,0.925808,0.904222,0.925808,1.96653,0.925808,All
2.24812,0.926443,0.911448,0.926443,1.97179,0.926443,All
2.25077,0.927077,0.914367,0.927077,1.98253,0.927077,All
2.25399,0.927711,0.916546,0.927711,1.99182,0.927711,All
2.27763,0.928345,0.919874,0.928345,1.992,0.928345,All
2.28598,0.928979,0.922451,0.928979,1.99386,0.928979,All
2.28775,0.929613,0.923787,0.929613,1.99989,0.929613,All
2.28958,0.930247,0.924621,0.930247,2.00918,0.930247,All
2.30201,0.930881,0.92929,0.930881,2.01521,0.930881,All
2.31946,0.931516,0.941523,0.931516,2.01551,0.931516,All
2.32651,0.93215,0.942675,0.93215,2.02345,0.93215,All
2.32912,0.932784,0.946374,0.932784,2.03173,0.932784,All
2.35237,0.933418,0.95194,0.933418,2.03345,0.933418,All
2.35271,0.934052,0.952036,0.934052,2.03706,0.934052,All
2.37792,0.934686,0.959615,0.934686,2.03714,0.934686,All
2.3817,0.93532,0.962032,0.93532,2.04018,0.93532,All
2.39286,0.935954,0.962905,0.935954,2.06919,0.935954,All
2.40717,0.936588,0.966729,0.936588,2.0718,0.936588,All
2.41722,0.937223,0.971276,0.937223,2.07259,0.937223,All
2.43111,0.937857,0.977848,0.937857,2.07333,0.937857,All
2.44027,0.938491,0.978281,0.938491,2.07385,0.938491,All
2.44332,0.939125,0.984263,0.939125,2.07475,0.939125,All
2.44844,0.939759,0.990911,0.939759,2.07628,0.939759,All
2.44943,0.940393,0.991253,0.940393,2.08012,0.940393,All
2.45247,0.941027,1.00114,0.941027,2.09194,0.941027,All
2.46806,0.941661,1.00311,0.941661,2.09704,0.941661,All
2.48219,0.942295,1.00591,0.942295,2.1024,0.942295,All
2.48366,0.94293,1.00885,0.94293,2.10402,0.94293,All
2.48412,0.943564,1.00957,0.943564,2.1046,0.943564,All
2.49127,0.944198,1.01181,0.944198,2.12936,0.944198,All
2.49825,0.944832,1.02324,0.944832,2.13481,0.944832,All
2.50096,0.945466,1.02964,0.945466,2.1523,0.945466,All
2.50988,0.9461,1.04166,0.9461,2.16709,0.9461,All
2.51543,0.946734,1.04417,0.946734,2.17263,0.946734,All
2.52174,0.947368,1.04747,0.947368,2.18363,0.947368,All
2.53613,0.948003,1.0486,0.948003,2.18492,0.948003,All
2.54103,0.948637,1.05399,0.948637,2.19408,0.948637,All
2.54354,0.949271,1.05676,0.949271,2.19512,0.949271,All
2.55606,0.949905,1.05735,0.949905,2.19918,0.949905,All
2.5663,0.950539,1.06013,0.950539,2.21103,0.950539,All
2.5739,0.951173,1.06224,0.951173,2.21551,0.951173,All
2.58411,0.951807,1.06226,0.951807,2.21732,0.951807,All
2.65195,0.952441,1.07182,0.952441,2.21894,0.952441,All
2.65715,0.953075,1.07733,0.953075,2.22892,0.953075,All
2.67952,0.95371,1.07826,0.95371,2.23187,0.95371,All
2.71061,0.954344,1.07998,0.954344,2.23287,0.954344,All
2.71329,0.954978,1.085,0.954978,2.23397,0.954978,All
2.73238,0.955612,1.08557,0.955612,2.24516,0.955612,All
2.74064,0.956246,1.11462,0.956246,2.24976,0.956246,All
2.767,0.95688,1.12073,0.95688,2.25602,0.95688,All
2.76721,0.957514,1.12637,0.957514,2.27835,0.957514,All
2.76905,0.958148,1.1295,0.958148,2.28351,0.958148,All
2.77419,0.958782,1.15759,0.958782,2.2966,0.958782,All
2.77457,0.959417,1.17133,0.959417,2.2995,0.959417,All
2.7789,0.960051,1.19496,0.960051,2.31364,0.960051,All
2.79774,0.960685,1.20052,0.960685,2.3203,0.960685,All
2.81014,0.961319,1.21496,0.961319,2.32096,0.961319,All
2.86467,0.961953,1.21724,0.961953,2.34269,0.961953,All
2.90339,0.962587,1.21797,0.962587,2.34826,0.962587,All
2.91765,0.963221,1.21957,0.963221,2.35068,0.963221,All
2.91935,0.963855,1.22918,0.963855,2.3524,0.963855,All
2.92476,0.96449,1.23567,0.96449,2.35539,0.96449,All
2.96262,0.965124,1.25055,0.965124,2.36281,0.965124,All
2.98374,0.965758,1.26407,0.965758,2.37415,0.965758,All
3.01303,0.966392,1.27782,0.966392,2.37742,0.966392,All
3.02786,0.967026,1.27977,0.967026,2.379,0.967026,All
3.05539,0.96766,1.29858,0.96766,2.38084,0.96766,All
3.08101,0.968294,1.30245,0.968294,2.40457,0.968294,All
3.13148,0.968928,1.33062,0.968928,2.41381,0.968928,All
3.15227,0.969562,1.3338,0.969562,2.41645,0.969562,All
3.16459,0.970197,1.33737,0.970197,2.41989,0.970197,All
3.17997,0.970831,1.34787,0.970831,2.49682,0.970831,All
3.19615,0.971465,1.37698,0.971465,2.5055,0.971465,All
3.20739,0.972099,1.39054,0.972099,2.53704,0.972099,All
3.21518,0.972733,1.39229,0.972733,2.54327,0.972733,All
3.21838,0.973367,1.41074,0.973367,2.5856,0.973367,All
3.22405,0.974001,1.42255,0.974001,2.58869,0.974001,All
3.22859,0.974635,1.44084,0.974635,2.61056,0.974635,All
3.29903,0.975269,1.46105,0.975269,2.63086,0.975269,All
3.34748,0.975904,1.46407,0.975904,2.63411,0.975904,All
3.3801,0.976538,1.46561,0.976538,2.64092,0.976538,All
3.43624,0.977172,1.51788,0.977172,2.67113,0.977172,All
3.49685,0.977806,1.53849,0.977806,2.68456,0.977806,All
3.52592,0.97844,1.55823,0.97844,2.68709,0.97844,All
3.54104,0.979074,1.57505,0.979074,2.69529,0.979074,All
3.56872,0.979708,1.58128,0.979708,2.72226,0.979708,All
3.6113,0.980342,1.58187,0.980342,2.73003,0.980342,All
3.67268,0.980977,1.59941,0.980977,2.73533,0.980977,All
3.69036,0.981611,1.63742,0.981611,2.74265,0.981611,All
3.71427,0.982245,1.646,0.982245,2.74495,0.982245,All
3.77333,0.982879,1.66748,0.982879,2.7613,0.982879,All
3.80682,0.983513,1.66863,0.983513,2.76231,0.983513,All
3.86637,0.984147,1.67219,0.984147,2.76622,0.984147,All
3.90487,0.984781,1.68261,0.984781,2.76712,0.984781,All
3.91702,0.985415,1.69609,0.985415,2.77121,0.985415,All
3.96587,0.986049,1.70184,0.986049,2.77908,0.986049,All
3.973,0.986684,1.70288,0.986684,2.78055,0.986684,All
4.00621,0.987318,1.74118,0.987318,2.79062,0.987318,All
4.0283,0.987952,1.7531,0.987952,2.79913,0.987952,All
4.08991,0.988586,1.7896,0.988586,2.8001,0.988586,All
4.31299,0.98922,1.85191,0.98922,2.80199,0.98922,All
4.43316,0.989854,1.85613,0.989854,2.80802,0.989854,All
4.46891,0.990488,1.85867,0.990488,2.81112,0.990488,All
4.53906,0.991122,1.95278,0.991122,2.81193,0.991122,All
4.5885,0.991756,1.95975,0.991756,2.81456,0.991756,All
4.63906,0.992391,1.98018,0.992391,2.82099,0.992391,All
4.65852,0.993025,1.98408,0.993025,2.82126,0.993025,All
4.66116,0.993659,1.99574,0.993659,2.82156,0.993659,All
4.7342,0.994293,2.05736,0.994293,2.82879,0.994293,All
4.74527,0.994927,2.11182,0.994927,2.82966,0.994927,All
5.22738,0.995561,2.13625,0.995561,2.84271,0.995561,All
5.33433,0.996195,2.20683,0.996195,2.84662,0.996195,All
5.69947,0.996829,2.21787,0.996829,2.84817,0.996829,All
8.79684,0.997464,2.52119,0.997464,2.84963,0.997464,All
10.0418,0.998098,2.78096,0.998098,2.8541,0.998098,All
11.3089,0.998732,2.81719,0.998732,2.85768,0.998732,All
11.3205,0.999366,3.12579,0.999366,2.87523,0.999366,All
12.9798,1,3.35439,1,2.87773,1,All
,,4,1,4,1,All
