id,importanceSampling
1,6.346981
2,9.783742
3,7.075963
4,17.763032
5,15.001550
6,6.560465
7,7.231045
8,9.043127
9,5.630860
10,17.167645
11,15.226930
12,4.967018
13,6.317079
14,9.761696
15,11.325057
16,10.624171
17,13.620073
18,14.266243
19,12.533847
20,7.589398
21,13.473480
22,7.869024
23,7.327271
24,6.883265
25,6.803111
26,7.568376
27,6.412067
28,13.832280
29,5.838227
30,15.619042
31,6.310647
32,7.154762
33,5.357183
34,6.677107
35,10.260097
36,6.842187
37,14.371221
38,7.339566
39,5.941458
40,19.872360
41,13.509875
42,7.195381
43,25.331061
44,8.920420
45,6.404318
46,8.114204
47,6.683440
48,6.468924
49,13.093679
50,6.156875
51,13.881460
52,7.108563
53,24.044757
54,25.048507
55,6.885617
56,5.055658
57,14.804149
58,12.157326
59,7.455281
60,4.771990
61,10.963962
62,6.760642
63,15.364405
64,7.518086
65,7.605068
66,12.713139
67,13.573290
68,17.841689
69,12.736234
70,12.535242
71,6.814269
72,21.293867
73,6.780381
74,6.189063
75,21.135982
76,23.576431
77,7.197638
78,6.516677
79,7.317185
80,24.176934
81,13.160018
82,5.259029
83,5.088009
84,20.537910
85,6.012654
86,7.150215
87,11.941020
88,13.937827
89,8.274851
90,7.691201
91,14.287692
92,6.760106
93,10.920711
94,5.638916
95,7.094326
96,21.610954
97,5.526405
98,7.462937
99,5.170535
100,9.391631
101,10.724416
102,18.084722
103,23.116006
104,18.619711
105,16.486021
106,11.541283
107,9.736928
108,7.232295
109,5.734423
110,10.457795
111,13.634438
112,12.937186
113,13.534868
114,4.761455
115,15.234648
116,8.198233
117,7.441368
118,7.988864
119,11.455230
120,6.928863
121,11.945985
122,6.940544
123,19.051941
124,4.416269
125,13.770906
126,6.450128
127,8.163293
128,4.666130
129,10.316688
130,5.751041
131,20.973232
132,7.259057
133,8.255778
134,12.829104
135,11.965464
136,9.848937
137,6.253712
138,12.511862
139,19.908678
140,6.537083
141,17.501868
142,18.266749
143,17.149539
144,14.045719
145,6.947204
146,22.891357
147,19.197196
148,12.929417
149,7.857821
150,15.447399
151,21.909922
152,15.808229
153,15.006554
154,6.817225
155,6.982391
156,9.924409
157,11.138081
158,9.733867
159,7.911102
160,7.102375
161,14.392442
162,6.886569
163,7.139428
164,6.542530
165,8.907750
166,6.787721
167,9.524671
168,7.578591
169,5.442090
170,14.209851
171,5.961714
172,9.978741
173,8.162419
174,7.700729
175,6.017208
176,11.132719
177,5.088135
178,7.786222
179,12.910508
180,14.207621
181,8.922605
182,6.206332
183,7.756358
184,12.355768
185,6.813159
186,6.807371
187,6.504386
188,7.493484
189,6.521027
190,6.630676
191,18.785473
192,14.304748
193,6.680068
194,4.317684
195,7.673772
196,15.115456
197,4.689724
198,17.702833
199,5.834028
200,6.135451
201,7.144696
202,6.422123
203,6.050595
204,14.278517
205,15.135906
206,5.472046
207,13.247887
208,6.191522
209,6.474280
210,10.287784
211,17.961772
212,10.181221
213,8.935002
214,13.912640
215,7.529675
216,14.092677
217,12.658648
218,15.041224
219,7.393131
220,9.387323
221,13.386193
222,4.593055
223,6.516312
224,5.835221
225,19.371368
226,6.753135
227,8.392680
228,8.739529
229,5.475833
230,5.376968
231,6.841519
232,18.152666
233,14.606793
234,4.898601
235,7.615129
236,12.218066
237,22.125808
238,22.601251
239,15.645710
240,12.286197
241,7.180091
242,5.583748
243,9.678233
244,19.265403
245,6.929707
246,8.592348
247,5.927627
248,12.806309
249,18.167189
250,6.038657
251,8.026460
252,8.431819
253,6.455064
254,5.762006
255,13.764984
256,7.263267
257,20.622666
258,6.202715
259,14.345473
260,8.723213
261,18.551123
262,18.874934
263,6.757761
264,14.167560
265,6.895688
266,15.751330
267,4.931253
268,7.034442
269,6.018136
270,6.975523
271,9.496667
272,12.425885
273,20.324868
274,5.454462
275,6.562632
276,24.326768
277,11.285970
278,8.719201
279,8.094410
280,7.137901
281,6.305618
282,20.371022
283,13.529151
284,7.377775
285,6.443267
286,12.225525
287,5.740533
288,14.378916
289,18.042190
290,13.400675
291,25.922092
292,24.437165
293,5.927490
294,7.487383
295,7.955323
296,11.944570
297,5.031682
298,8.929995
299,8.977213
300,12.347488
301,20.172630
302,5.865902
303,12.139835
304,14.109747
305,34.667640
306,10.570968
307,6.950474
308,27.274246
309,19.874340
310,12.338937
311,12.879791
312,5.001150
313,10.619562
314,13.068370
315,6.630389
316,5.070419
317,14.793032
318,15.552987
319,13.966485
320,18.393207
321,25.114439
322,7.664608
323,13.779010
324,11.042171
325,31.647564
326,4.366231
327,5.129827
328,12.757549
329,13.057315
330,17.054083
331,14.380919
332,13.805747
333,5.773848
334,6.151424
335,9.544016
336,7.543525
337,9.612059
338,5.358407
339,6.126111
340,20.069008
341,12.329219
342,5.860006
343,6.113454
344,5.369325
345,4.344322
346,7.257373
347,5.428211
348,6.267437
349,28.018032
350,6.019659
351,4.285587
352,8.003149
353,5.411320
354,7.573069
355,5.275975
356,7.476684
357,7.987688
358,6.013453
359,15.792678
360,12.051221
361,25.005352
362,14.436502
363,7.785048
364,5.516314
365,34.713288
366,6.113665
367,12.897486
368,6.579539
369,9.683600
370,13.781510
371,12.756161
372,7.193270
373,14.133595
374,6.572316
375,8.661139
376,6.979485
377,7.988874
378,13.289991
379,5.605135
380,6.898271
381,14.628173
382,7.778402
383,7.284686
384,12.375598
385,16.487901
386,8.062424
387,6.711883
388,6.073475
389,12.016774
390,5.370815
391,6.408161
392,20.506132
393,20.072413
394,15.515872
395,14.289052
396,8.025853
397,7.331120
398,4.413766
399,6.654906
400,5.391394
401,8.497287
402,15.335035
403,6.516048
404,14.695284
405,13.858186
406,5.697614
407,19.568954
408,5.956876
409,6.685666
410,6.778548
411,7.020471
412,5.958538
413,6.930650
414,13.292120
415,7.853859
416,7.185560
417,6.590572
418,14.725704
419,16.480511
420,6.064565
421,4.603583
422,11.650043
423,20.082718
424,18.573320
425,19.845565
426,6.032096
427,23.203931
428,5.542030
429,6.222961
430,4.267581
431,6.595666
432,13.191716
433,14.266067
434,9.255184
435,13.852248
436,30.376854
437,5.203991
438,12.184167
439,11.910905
440,13.013009
441,13.599997
442,7.423839
443,8.273139
444,7.227780
445,11.354247
446,7.187413
447,7.318012
448,20.721024
449,5.907171
450,6.787642
451,20.673999
452,7.135586
453,12.683165
454,7.994072
455,13.023367
456,12.533049
457,18.182365
458,6.298185
459,7.849341
460,6.836343
461,10.188672
462,13.144659
463,23.108697
464,13.340067
465,7.015115
466,6.246861
467,12.989069
468,17.396474
469,15.718665
470,13.654265
471,6.214964
472,15.104644
473,18.697509
474,6.716132
475,19.353255
476,7.233250
477,6.709688
478,8.413561
479,8.701635
480,14.445230
481,10.346668
482,6.326101
483,17.736809
484,7.369100
485,6.498665
486,17.169771
487,7.110087
488,14.542088
489,6.222248
490,11.767980
491,8.076978
492,10.102286
493,12.917203
494,6.338359
495,14.526630
496,11.794001
497,6.141039
498,7.555759
499,13.301843
500,6.815460
501,25.489693
502,14.797306
503,19.874862
504,9.001461
505,6.543702
506,28.830890
507,6.401548
508,9.879310
509,6.236493
510,6.945643
511,17.159838
512,7.481941
513,37.691340
514,12.518605
515,6.925048
516,14.231922
517,12.973772
518,13.542162
519,13.815783
520,7.842335
521,7.941690
522,12.430982
523,10.785324
524,7.528930
525,7.205980
526,18.705207
527,6.820610
528,6.597261
529,5.974447
530,6.250010
531,7.509207
532,6.232089
533,15.744601
534,6.081155
535,12.453628
536,16.381262
537,4.844904
538,17.861937
539,16.715573
540,7.813891
541,7.843423
542,11.204029
543,7.371471
544,11.163656
545,17.232447
546,7.237871
547,66.563023
548,9.709788
549,19.287784
550,10.638479
551,14.549465
552,6.978745
553,20.477675
554,16.986302
555,13.919369
556,6.051055
557,7.802096
558,12.310696
559,32.083614
560,10.766354
561,7.318066
562,15.002716
563,7.236976
564,5.676002
565,13.423926
566,5.868615
567,13.659530
568,6.324536
569,5.355115
570,6.709427
571,17.574314
572,6.973324
573,14.539642
574,6.990717
575,8.399787
576,6.697179
577,19.356901
578,6.262914
579,6.856366
580,6.987669
581,4.550519
582,5.535259
583,20.851517
584,7.957384
585,15.218147
586,5.249864
587,5.985897
588,8.329004
589,5.973898
590,14.126379
591,6.653903
592,5.375512
593,6.327681
594,6.544535
595,4.693928
596,18.572857
597,10.306201
598,8.557281
599,7.233764
600,8.360168
601,6.560220
602,13.168862
603,6.634245
604,9.586254
605,6.151855
606,6.447274
607,22.482068
608,6.991127
609,15.278691
610,18.614608
611,7.520754
612,12.381165
613,9.777886
614,6.910698
615,7.517819
616,15.578234
617,7.480702
618,12.638866
619,15.022613
620,7.299389
621,18.153851
622,4.957393
623,14.158096
624,5.766735
625,27.506589
626,5.968400
627,6.344241
628,6.824008
629,14.753729
630,3.926408
631,7.201790
632,19.447982
633,11.762574
634,14.515840
635,5.894729
636,7.117382
637,10.262904
638,9.035655
639,6.566230
640,21.171620
641,6.858736
642,7.441682
643,7.377199
644,14.205915
645,14.100937
646,6.105897
647,12.968799
648,8.962058
649,7.304955
650,10.616975
651,6.958957
652,14.454186
653,7.826849
654,16.601304
655,10.313164
656,4.237257
657,6.160938
658,7.334771
659,6.278217
660,5.849918
661,16.890207
662,7.432700
663,5.211863
664,11.931789
665,9.112531
666,6.764408
667,4.371738
668,14.374634
669,13.077115
670,10.787635
671,6.833682
672,8.889137
673,13.668243
674,5.615898
675,19.990567
676,6.739484
677,7.440988
678,7.507441
679,7.899712
680,7.866716
681,13.001654
682,16.942099
683,10.237132
684,8.094653
685,5.893578
686,5.865552
687,13.867587
688,16.076397
689,20.794051
690,7.328382
691,6.395129
692,5.872624
693,6.693842
694,13.522445
695,19.153384
696,7.018180
697,6.424063
698,13.522932
699,7.747251
700,24.216839
701,15.012309
702,5.382368
703,5.186122
704,13.518488
705,8.122850
706,8.411224
707,13.793590
708,9.315272
709,6.954448
710,14.568820
711,7.251289
712,6.555493
713,19.549797
714,7.918939
715,36.433486
716,6.458417
717,6.028590
718,16.227888
719,5.472156
720,21.976124
721,10.065425
722,7.908848
723,7.816229
724,15.555421
725,7.636910
726,6.812273
727,8.973769
728,22.360484
729,6.704335
730,13.507599
731,4.694107
732,6.112756
733,6.495658
734,15.200778
735,17.790405
736,13.379062
737,8.319953
738,8.174506
739,5.249739
740,18.390733
741,4.509052
742,6.383883
743,35.892530
744,5.812735
745,19.411281
746,18.159307
747,5.473676
748,13.094567
749,6.118235
750,22.366448
751,9.561878
752,7.441085
753,13.488827
754,17.038123
755,37.230356
756,6.226449
757,7.353257
758,8.497057
759,5.358150
760,6.888740
761,7.100265
762,4.383297
763,6.384651
764,12.605959
765,16.982729
766,13.179156
767,15.283961
768,13.763756
769,19.668359
770,6.245492
771,13.944897
772,10.234342
773,20.078938
774,6.719781
775,9.387356
776,6.017415
777,8.323063
778,7.479679
779,5.911211
780,20.064710
781,6.428453
782,6.158772
783,6.879136
784,19.657614
785,13.011240
786,6.460028
787,7.905839
788,17.675323
789,8.317998
790,6.986015
791,29.252188
792,6.228942
793,6.667483
794,6.439562
795,32.108601
796,8.188035
797,6.167062
798,6.580642
799,9.928789
800,8.648109
801,14.749390
802,13.171408
803,14.182924
804,5.047564
805,40.249499
806,8.449415
807,6.627028
808,6.999629
809,7.118606
810,7.718214
811,5.311860
812,15.658512
813,6.900913
814,14.130117
815,7.724285
816,8.111929
817,6.642296
818,5.077607
819,10.979129
820,7.617732
821,15.582624
822,7.294631
823,46.469730
824,5.498162
825,6.141026
826,6.224565
827,13.220839
828,7.200698
829,6.879231
830,7.136358
831,22.232752
832,5.809864
833,5.528495
834,10.220062
835,6.844443
836,6.760607
837,8.442801
838,5.400998
839,5.716408
840,6.867608
841,7.164927
842,6.359115
843,19.800767
844,6.480836
845,10.758444
846,6.462650
847,5.457571
848,6.228734
849,13.225158
850,12.567446
851,6.448095
852,13.876217
853,6.386296
854,16.539689
855,27.436046
856,16.576618
857,15.183577
858,6.910623
859,24.298110
860,17.160109
861,4.600464
862,7.586483
863,6.111597
864,15.042209
865,7.058882
866,15.485774
867,11.134483
868,7.489290
869,6.658653
870,8.620321
871,7.992538
872,11.735789
873,16.360518
874,13.554545
875,15.090091
876,17.551421
877,13.864375
878,12.718531
879,7.943089
880,7.757710
881,5.962154
882,22.683822
883,14.305021
884,12.472956
885,18.410637
886,18.312361
887,32.336350
888,15.816489
889,6.007725
890,6.333773
891,6.836071
892,17.490468
893,16.787049
894,6.922773
895,16.553456
896,13.315053
897,6.925729
898,24.645307
899,8.439591
900,12.318694
901,12.906831
902,8.285269
903,6.332743
904,17.700292
905,7.153995
906,12.614853
907,5.103698
908,12.805331
909,19.103584
910,6.632674
911,5.677271
912,16.072527
913,7.451090
914,6.880139
915,11.602800
916,7.244619
917,6.309977
918,11.877818
919,8.291241
920,11.395844
921,4.684825
922,8.028807
923,7.391992
924,15.521355
925,5.075172
926,6.475685
927,6.714622
928,5.709289
929,13.212863
930,12.627767
931,15.164274
932,11.995867
933,11.234785
934,13.512686
935,6.596853
936,10.970912
937,6.292961
938,14.554122
939,14.103217
940,20.497434
941,26.192197
942,7.480912
943,6.118420
944,14.516428
945,6.657530
946,13.177822
947,9.360676
948,12.411967
949,8.229266
950,6.253529
951,5.926178
952,6.905683
953,13.422107
954,7.420480
955,12.142505
956,10.193129
957,7.393559
958,13.048524
959,7.245062
960,6.710892
961,13.512246
962,19.967195
963,11.625350
964,14.948910
965,4.930081
966,20.809404
967,12.505519
968,18.756777
969,6.028033
970,6.131262
971,17.563712
972,5.203968
973,12.897453
974,9.378607
975,6.506909
976,6.804574
977,15.522966
978,10.109558
979,6.603321
980,16.035625
981,8.213767
982,7.743332
983,12.921951
984,20.497142
985,12.191491
986,16.828767
987,7.851168
988,14.664048
989,12.240764
990,6.506911
991,13.075240
992,5.330083
993,14.895438
994,12.737487
995,7.536435
996,8.225496
997,14.684525
998,13.842194
999,10.299433
1000,4.961621
1001,11.744250
1002,12.835752
1003,9.225101
1004,5.691842
