V_abscissa,V_cdf,Cl_abscissa,Cl_cdf,split
8.128,0,0.0495998,0,All
15.6328,0.000999001,0.153994,0.000999001,All
19.6892,0.001998,0.168708,0.001998,All
22.7594,0.002997,0.205772,0.002997,All
23.1347,0.003996,0.214447,0.003996,All
23.4358,0.004995,0.228103,0.004995,All
24.9505,0.00599401,0.242857,0.00599401,All
25.6306,0.00699301,0.259515,0.00699301,All
26.3106,0.00799201,0.262685,0.00799201,All
27.0328,0.00899101,0.27847,0.00899101,All
28.8266,0.00999001,0.306169,0.00999001,All
29.073,0.010989,0.320976,0.010989,All
29.5264,0.011988,0.321083,0.011988,All
29.5403,0.012987,0.3247,0.012987,All
29.5957,0.013986,0.324833,0.013986,All
30.0693,0.014985,0.335831,0.014985,All
30.3256,0.015984,0.338865,0.015984,All
30.5326,0.016983,0.340363,0.016983,All
30.5917,0.017982,0.353267,0.017982,All
30.6146,0.018981,0.376795,0.018981,All
30.8383,0.01998,0.377864,0.01998,All
30.968,0.020979,0.39671,0.020979,All
31.6215,0.021978,0.401606,0.021978,All
32.032,0.022977,0.424941,0.022977,All
32.4187,0.023976,0.427316,0.023976,All
33.0667,0.024975,0.429426,0.024975,All
34.0606,0.025974,0.430496,0.025974,All
34.1278,0.026973,0.43937,0.026973,All
34.3542,0.027972,0.441358,0.027972,All
34.4383,0.028971,0.442289,0.028971,All
34.6499,0.02997,0.457817,0.02997,All
35.3327,0.030969,0.459451,0.030969,All
35.4999,0.031968,0.466981,0.031968,All
35.902,0.032967,0.467391,0.032967,All
35.9453,0.033966,0.477185,0.033966,All
35.9822,0.034965,0.477816,0.034965,All
36.0627,0.035964,0.481505,0.035964,All
36.1099,0.036963,0.496678,0.036963,All
36.1881,0.037962,0.505758,0.037962,All
36.2489,0.038961,0.508138,0.038961,All
36.3279,0.03996,0.51564,0.03996,All
36.591,0.040959,0.518946,0.040959,All
36.7368,0.041958,0.528079,0.041958,All
36.8138,0.042957,0.535057,0.042957,All
37.0509,0.043956,0.536269,0.043956,All
37.1965,0.044955,0.539384,0.044955,All
38.3275,0.045954,0.539748,0.045954,All
38.4292,0.046953,0.54318,0.046953,All
38.4469,0.047952,0.546015,0.047952,All
39.0457,0.048951,0.547993,0.048951,All
39.1983,0.04995,0.549386,0.04995,All
39.4525,0.0509491,0.558546,0.0509491,All
39.5797,0.0519481,0.560821,0.0519481,All
39.6585,0.0529471,0.563892,0.0529471,All
39.7876,0.0539461,0.566298,0.0539461,All
40.0129,0.0549451,0.567896,0.0549451,All
40.0772,0.0559441,0.569764,0.0559441,All
40.1162,0.0569431,0.573726,0.0569431,All
40.1299,0.0579421,0.574866,0.0579421,All
40.2173,0.0589411,0.590362,0.0589411,All
40.4401,0.0599401,0.602173,0.0599401,All
40.7472,0.0609391,0.605684,0.0609391,All
40.7679,0.0619381,0.611557,0.0619381,All
40.9106,0.0629371,0.615217,0.0629371,All
41.0199,0.0639361,0.616374,0.0639361,All
41.3747,0.0649351,0.616641,0.0649351,All
41.5646,0.0659341,0.617131,0.0659341,All
41.6044,0.0669331,0.619448,0.0669331,All
41.7069,0.0679321,0.620801,0.0679321,All
41.7604,0.0689311,0.621474,0.0689311,All
42.364,0.0699301,0.623097,0.0699301,All
42.4439,0.0709291,0.632998,0.0709291,All
42.4603,0.0719281,0.633237,0.0719281,All
42.5942,0.0729271,0.637938,0.0729271,All
42.6116,0.0739261,0.639714,0.0739261,All
42.7941,0.0749251,0.641288,0.0749251,All
42.8815,0.0759241,0.643898,0.0759241,All
42.901,0.0769231,0.652323,0.0769231,All
42.9372,0.0779221,0.653311,0.0779221,All
43.0364,0.0789211,0.6563,0.0789211,All
43.3352,0.0799201,0.658674,0.0799201,All
43.5066,0.0809191,0.659719,0.0809191,All
43.5775,0.0819181,0.668689,0.0819181,All
43.6482,0.0829171,0.675069,0.0829171,All
43.665,0.0839161,0.676522,0.0839161,All
43.6937,0.0849151,0.679169,0.0849151,All
44.2214,0.0859141,0.682678,0.0859141,All
44.4166,0.0869131,0.691648,0.0869131,All
44.6335,0.0879121,0.695886,0.0879121,All
44.6541,0.0889111,0.696743,0.0889111,All
44.7446,0.0899101,0.70007,0.0899101,All
44.8465,0.0909091,0.700134,0.0909091,All
44.9944,0.0919081,0.701902,0.0919081,All
45.052,0.0929071,0.702779,0.0929071,All
45.0579,0.0939061,0.708548,0.0939061,All
45.2681,0.0949051,0.710117,0.0949051,All
45.2756,0.0959041,0.710383,0.0959041,All
45.2788,0.0969031,0.711619,0.0969031,All
45.3028,0.0979021,0.718187,0.0979021,All
45.3385,0.0989011,0.718923,0.0989011,All
45.5511,0.0999001,0.720917,0.0999001,All
45.5723,0.100899,0.729577,0.100899,All
45.6299,0.101898,0.735724,0.101898,All
45.7481,0.102897,0.736593,0.102897,All
45.9605,0.103896,0.736906,0.103896,All
46.0633,0.104895,0.738686,0.104895,All
46.0992,0.105894,0.739747,0.105894,All
46.1298,0.106893,0.740726,0.106893,All
46.2322,0.107892,0.746333,0.107892,All
46.2933,0.108891,0.746762,0.108891,All
46.5992,0.10989,0.747958,0.10989,All
46.6623,0.110889,0.748794,0.110889,All
46.8824,0.111888,0.751517,0.111888,All
47.1095,0.112887,0.755526,0.112887,All
47.1323,0.113886,0.765821,0.113886,All
47.2453,0.114885,0.766766,0.114885,All
47.3166,0.115884,0.776768,0.115884,All
47.4996,0.116883,0.777511,0.116883,All
47.5936,0.117882,0.782116,0.117882,All
47.7137,0.118881,0.782816,0.118881,All
47.7463,0.11988,0.785451,0.11988,All
47.7591,0.120879,0.785651,0.120879,All
47.892,0.121878,0.786235,0.121878,All
47.9384,0.122877,0.786865,0.122877,All
48.0729,0.123876,0.788581,0.123876,All
48.2344,0.124875,0.790299,0.124875,All
48.2704,0.125874,0.79277,0.125874,All
48.2826,0.126873,0.792951,0.126873,All
48.4159,0.127872,0.795681,0.127872,All
48.4567,0.128871,0.799817,0.128871,All
48.6404,0.12987,0.802933,0.12987,All
48.6579,0.130869,0.824982,0.130869,All
48.6778,0.131868,0.826002,0.131868,All
48.7278,0.132867,0.82609,0.132867,All
48.798,0.133866,0.828742,0.133866,All
48.9689,0.134865,0.837713,0.134865,All
49.1254,0.135864,0.838263,0.135864,All
49.1389,0.136863,0.840113,0.136863,All
49.1923,0.137862,0.84012,0.137862,All
49.2589,0.138861,0.843094,0.138861,All
49.26,0.13986,0.844575,0.13986,All
49.3021,0.140859,0.853142,0.140859,All
49.5416,0.141858,0.854868,0.141858,All
49.6426,0.142857,0.858296,0.142857,All
49.7435,0.143856,0.858988,0.143856,All
49.7624,0.144855,0.863273,0.144855,All
49.7675,0.145854,0.867309,0.145854,All
50.0317,0.146853,0.867504,0.146853,All
50.043,0.147852,0.868397,0.147852,All
50.2298,0.148851,0.869809,0.148851,All
50.2305,0.14985,0.871662,0.14985,All
50.304,0.150849,0.872793,0.150849,All
50.384,0.151848,0.874227,0.151848,All
50.4351,0.152847,0.874792,0.152847,All
50.5024,0.153846,0.874903,0.153846,All
50.5638,0.154845,0.875187,0.154845,All
50.6804,0.155844,0.878138,0.155844,All
50.8735,0.156843,0.884628,0.156843,All
50.9436,0.157842,0.887689,0.157842,All
50.9504,0.158841,0.890973,0.158841,All
51.0741,0.15984,0.893129,0.15984,All
51.1875,0.160839,0.893159,0.160839,All
51.5626,0.161838,0.89381,0.161838,All
51.7679,0.162837,0.894512,0.162837,All
51.8236,0.163836,0.897303,0.163836,All
51.8338,0.164835,0.901645,0.164835,All
51.8439,0.165834,0.904017,0.165834,All
51.92,0.166833,0.904025,0.166833,All
51.9329,0.167832,0.905933,0.167832,All
51.9689,0.168831,0.911066,0.168831,All
52.0856,0.16983,0.912551,0.16983,All
52.2752,0.170829,0.914215,0.170829,All
52.291,0.171828,0.914624,0.171828,All
52.4945,0.172827,0.921747,0.172827,All
52.6015,0.173826,0.923088,0.173826,All
52.6663,0.174825,0.925118,0.174825,All
52.7252,0.175824,0.926417,0.175824,All
52.7296,0.176823,0.928139,0.176823,All
52.7696,0.177822,0.93197,0.177822,All
52.8881,0.178821,0.934711,0.178821,All
53.1578,0.17982,0.934796,0.17982,All
53.1664,0.180819,0.935701,0.180819,All
53.2331,0.181818,0.941389,0.181818,All
53.3034,0.182817,0.951806,0.182817,All
53.3142,0.183816,0.953193,0.183816,All
53.428,0.184815,0.957046,0.184815,All
53.4329,0.185814,0.958786,0.185814,All
53.5535,0.186813,0.959412,0.186813,All
53.5636,0.187812,0.960535,0.187812,All
53.5808,0.188811,0.96314,0.188811,All
53.6284,0.18981,0.963529,0.18981,All
53.6566,0.190809,0.964824,0.190809,All
53.6682,0.191808,0.965827,0.191808,All
53.6874,0.192807,0.967591,0.192807,All
53.7339,0.193806,0.967624,0.193806,All
53.7481,0.194805,0.968892,0.194805,All
53.8215,0.195804,0.971811,0.195804,All
53.9344,0.196803,0.973785,0.196803,All
53.9592,0.197802,0.979206,0.197802,All
53.9807,0.198801,0.9833,0.198801,All
54.0011,0.1998,0.991253,0.1998,All
54.0737,0.200799,0.99767,0.200799,All
54.1988,0.201798,1.00111,0.201798,All
54.1997,0.202797,1.00248,0.202797,All
54.2529,0.203796,1.00732,0.203796,All
54.3939,0.204795,1.0152,0.204795,All
54.4164,0.205794,1.01531,0.205794,All
54.4963,0.206793,1.02118,0.206793,All
54.5216,0.207792,1.02171,0.207792,All
54.6538,0.208791,1.02529,0.208791,All
54.6825,0.20979,1.02828,0.20979,All
54.7223,0.210789,1.02829,0.210789,All
54.7554,0.211788,1.03015,0.211788,All
54.8431,0.212787,1.0307,0.212787,All
54.8684,0.213786,1.03087,0.213786,All
54.9379,0.214785,1.03152,0.214785,All
54.9979,0.215784,1.0316,0.215784,All
55.0096,0.216783,1.03209,0.216783,All
55.0229,0.217782,1.03301,0.217782,All
55.1461,0.218781,1.03941,0.218781,All
55.2039,0.21978,1.04016,0.21978,All
55.3778,0.220779,1.04361,0.220779,All
55.4291,0.221778,1.04411,0.221778,All
55.4955,0.222777,1.04519,0.222777,All
55.6338,0.223776,1.04704,0.223776,All
55.6619,0.224775,1.04912,0.224775,All
55.7175,0.225774,1.05043,0.225774,All
55.7232,0.226773,1.05353,0.226773,All
55.7762,0.227772,1.05645,0.227772,All
55.8022,0.228771,1.05786,0.228771,All
55.9394,0.22977,1.06066,0.22977,All
55.9811,0.230769,1.06078,0.230769,All
56.0041,0.231768,1.062,0.231768,All
56.0729,0.232767,1.06218,0.232767,All
56.0736,0.233766,1.06395,0.233766,All
56.0938,0.234765,1.06838,0.234765,All
56.2712,0.235764,1.0689,0.235764,All
56.3209,0.236763,1.07198,0.236763,All
56.3908,0.237762,1.07233,0.237762,All
56.4343,0.238761,1.07386,0.238761,All
56.4476,0.23976,1.07447,0.23976,All
56.4817,0.240759,1.08464,0.240759,All
56.4976,0.241758,1.08886,0.241758,All
56.6539,0.242757,1.08935,0.242757,All
56.7162,0.243756,1.09065,0.243756,All
56.7206,0.244755,1.0929,0.244755,All
56.8218,0.245754,1.09353,0.245754,All
56.8303,0.246753,1.09407,0.246753,All
56.8869,0.247752,1.09785,0.247752,All
56.9406,0.248751,1.09891,0.248751,All
56.9431,0.24975,1.09934,0.24975,All
56.9566,0.250749,1.1069,0.250749,All
56.9824,0.251748,1.10797,0.251748,All
57.0034,0.252747,1.11448,0.252747,All
57.0318,0.253746,1.11713,0.253746,All
57.075,0.254745,1.12116,0.254745,All
57.1074,0.255744,1.12208,0.255744,All
57.1342,0.256743,1.13491,0.256743,All
57.2537,0.257742,1.13819,0.257742,All
57.279,0.258741,1.14089,0.258741,All
57.3022,0.25974,1.14342,0.25974,All
57.3338,0.260739,1.14353,0.260739,All
57.3526,0.261738,1.14882,0.261738,All
57.4417,0.262737,1.1504,0.262737,All
57.7579,0.263736,1.15042,0.263736,All
57.7644,0.264735,1.15063,0.264735,All
57.8325,0.265734,1.15066,0.265734,All
57.8467,0.266733,1.15212,0.266733,All
58.0281,0.267732,1.15298,0.267732,All
58.0385,0.268731,1.1572,0.268731,All
58.0909,0.26973,1.15829,0.26973,All
58.1,0.270729,1.15985,0.270729,All
58.1188,0.271728,1.16317,0.271728,All
58.1379,0.272727,1.16366,0.272727,All
58.1402,0.273726,1.16934,0.273726,All
58.1468,0.274725,1.17199,0.274725,All
58.1597,0.275724,1.17752,0.275724,All
58.2332,0.276723,1.17957,0.276723,All
58.2554,0.277722,1.18147,0.277722,All
58.3295,0.278721,1.18602,0.278721,All
58.3611,0.27972,1.18869,0.27972,All
58.4213,0.280719,1.19076,0.280719,All
58.437,0.281718,1.1937,0.281718,All
58.4827,0.282717,1.1942,0.282717,All
58.5176,0.283716,1.19567,0.283716,All
58.6113,0.284715,1.19876,0.284715,All
58.639,0.285714,1.20485,0.285714,All
58.6422,0.286713,1.20598,0.286713,All
58.6881,0.287712,1.20721,0.287712,All
58.713,0.288711,1.21527,0.288711,All
58.8283,0.28971,1.22591,0.28971,All
58.8706,0.290709,1.22707,0.290709,All
58.9673,0.291708,1.2285,0.291708,All
59.1748,0.292707,1.23037,0.292707,All
59.1865,0.293706,1.23399,0.293706,All
59.199,0.294705,1.23674,0.294705,All
59.2168,0.295704,1.23858,0.295704,All
59.3115,0.296703,1.23858,0.296703,All
59.3351,0.297702,1.24788,0.297702,All
59.3416,0.298701,1.2523,0.298701,All
59.566,0.2997,1.25747,0.2997,All
59.593,0.300699,1.26042,0.300699,All
59.6086,0.301698,1.26182,0.301698,All
59.6246,0.302697,1.26876,0.302697,All
59.6468,0.303696,1.27007,0.303696,All
59.7076,0.304695,1.27527,0.304695,All
59.7308,0.305694,1.28131,0.305694,All
59.7359,0.306693,1.2822,0.306693,All
59.7539,0.307692,1.28815,0.307692,All
59.7759,0.308691,1.29447,0.308691,All
59.7769,0.30969,1.29663,0.30969,All
59.7993,0.310689,1.29871,0.310689,All
59.8825,0.311688,1.2999,0.311688,All
59.9288,0.312687,1.3048,0.312687,All
59.9535,0.313686,1.30878,0.313686,All
59.9901,0.314685,1.31017,0.314685,All
59.9943,0.315684,1.31602,0.315684,All
60.0108,0.316683,1.31796,0.316683,All
60.0477,0.317682,1.32431,0.317682,All
60.0593,0.318681,1.33033,0.318681,All
60.1153,0.31968,1.33056,0.31968,All
60.169,0.320679,1.33144,0.320679,All
60.3869,0.321678,1.33207,0.321678,All
60.4383,0.322677,1.33239,0.322677,All
60.5089,0.323676,1.33321,0.323676,All
60.5146,0.324675,1.34307,0.324675,All
60.5834,0.325674,1.34386,0.325674,All
60.5897,0.326673,1.34882,0.326673,All
60.6332,0.327672,1.35393,0.327672,All
60.7593,0.328671,1.36537,0.328671,All
60.7737,0.32967,1.37254,0.32967,All
60.875,0.330669,1.3784,0.330669,All
60.8933,0.331668,1.38708,0.331668,All
60.9051,0.332667,1.38878,0.332667,All
61.0709,0.333666,1.39033,0.333666,All
61.0769,0.334665,1.39272,0.334665,All
61.2653,0.335664,1.39596,0.335664,All
61.3242,0.336663,1.39634,0.336663,All
61.4251,0.337662,1.39994,0.337662,All
61.4985,0.338661,1.40134,0.338661,All
61.77,0.33966,1.4024,0.33966,All
61.7786,0.340659,1.40872,0.340659,All
61.8076,0.341658,1.40942,0.341658,All
61.8298,0.342657,1.41313,0.342657,All
61.835,0.343656,1.41666,0.343656,All
61.9236,0.344655,1.41843,0.344655,All
61.9738,0.345654,1.42535,0.345654,All
61.9792,0.346653,1.4263,0.346653,All
61.9875,0.347652,1.42695,0.347652,All
61.9889,0.348651,1.42714,0.348651,All
62.044,0.34965,1.43116,0.34965,All
62.0703,0.350649,1.43194,0.350649,All
62.0864,0.351648,1.4361,0.351648,All
62.1075,0.352647,1.43689,0.352647,All
62.1428,0.353646,1.43927,0.353646,All
62.1787,0.354645,1.44541,0.354645,All
62.1945,0.355644,1.44729,0.355644,All
62.2529,0.356643,1.45727,0.356643,All
62.263,0.357642,1.45733,0.357642,All
62.2782,0.358641,1.46145,0.358641,All
62.3397,0.35964,1.47405,0.35964,All
62.3426,0.360639,1.47533,0.360639,All
62.4374,0.361638,1.49373,0.361638,All
62.456,0.362637,1.49472,0.362637,All
62.5128,0.363636,1.49688,0.363636,All
62.5742,0.364635,1.4969,0.364635,All
62.7142,0.365634,1.50876,0.365634,All
62.8728,0.366633,1.5098,0.366633,All
62.9505,0.367632,1.51585,0.367632,All
62.951,0.368631,1.51745,0.368631,All
62.9666,0.36963,1.51793,0.36963,All
62.9925,0.370629,1.52075,0.370629,All
63.0024,0.371628,1.52545,0.371628,All
63.0582,0.372627,1.52571,0.372627,All
63.0592,0.373626,1.52722,0.373626,All
63.2069,0.374625,1.53095,0.374625,All
63.2587,0.375624,1.53184,0.375624,All
63.3494,0.376623,1.53601,0.376623,All
63.3568,0.377622,1.53968,0.377622,All
63.4587,0.378621,1.54039,0.378621,All
63.573,0.37962,1.54329,0.37962,All
63.6482,0.380619,1.54407,0.380619,All
63.6791,0.381618,1.54815,0.381618,All
63.6827,0.382617,1.55177,0.382617,All
63.7306,0.383616,1.55319,0.383616,All
63.9535,0.384615,1.55423,0.384615,All
64.0164,0.385614,1.55499,0.385614,All
64.0224,0.386613,1.55674,0.386613,All
64.0527,0.387612,1.56233,0.387612,All
64.0893,0.388611,1.56241,0.388611,All
64.1356,0.38961,1.56736,0.38961,All
64.1472,0.390609,1.57471,0.390609,All
64.1665,0.391608,1.57915,0.391608,All
64.1997,0.392607,1.57932,0.392607,All
64.3852,0.393606,1.58148,0.393606,All
64.4414,0.394605,1.58386,0.394605,All
64.5618,0.395604,1.58871,0.395604,All
64.607,0.396603,1.58897,0.396603,All
64.6847,0.397602,1.59011,0.397602,All
64.7965,0.398601,1.5933,0.398601,All
64.9558,0.3996,1.59493,0.3996,All
64.9986,0.400599,1.59902,0.400599,All
65.0378,0.401598,1.6023,0.401598,All
65.0508,0.402597,1.60435,0.402597,All
65.129,0.403596,1.60515,0.403596,All
65.1367,0.404595,1.60665,0.404595,All
65.2242,0.405594,1.60994,0.405594,All
65.2749,0.406593,1.61003,0.406593,All
65.3524,0.407592,1.61577,0.407592,All
65.419,0.408591,1.61992,0.408591,All
65.433,0.40959,1.62066,0.40959,All
65.4348,0.410589,1.62647,0.410589,All
65.4504,0.411588,1.6274,0.411588,All
65.4925,0.412587,1.62786,0.412587,All
65.5794,0.413586,1.62814,0.413586,All
65.692,0.414585,1.63578,0.414585,All
65.7326,0.415584,1.63666,0.415584,All
65.7479,0.416583,1.64665,0.416583,All
65.7798,0.417582,1.65006,0.417582,All
65.8228,0.418581,1.65331,0.418581,All
65.8826,0.41958,1.65804,0.41958,All
65.8912,0.420579,1.66082,0.420579,All
65.989,0.421578,1.6615,0.421578,All
65.9988,0.422577,1.67017,0.422577,All
66.1677,0.423576,1.6722,0.423576,All
66.2299,0.424575,1.67533,0.424575,All
66.3178,0.425574,1.68102,0.425574,All
66.3276,0.426573,1.68173,0.426573,All
66.3465,0.427572,1.68549,0.427572,All
66.381,0.428571,1.68768,0.428571,All
66.4784,0.42957,1.68987,0.42957,All
66.5287,0.430569,1.69438,0.430569,All
66.5487,0.431568,1.69511,0.431568,All
66.5578,0.432567,1.70731,0.432567,All
66.6666,0.433566,1.71044,0.433566,All
66.6907,0.434565,1.71542,0.434565,All
66.7228,0.435564,1.71683,0.435564,All
66.8667,0.436563,1.72302,0.436563,All
66.8754,0.437562,1.72433,0.437562,All
66.8996,0.438561,1.73077,0.438561,All
67.0923,0.43956,1.73187,0.43956,All
67.1,0.440559,1.73584,0.440559,All
67.1334,0.441558,1.74076,0.441558,All
67.3317,0.442557,1.74102,0.442557,All
67.335,0.443556,1.74168,0.443556,All
67.3439,0.444555,1.7516,0.444555,All
67.3724,0.445554,1.75702,0.445554,All
67.4215,0.446553,1.76236,0.446553,All
67.5389,0.447552,1.7772,0.447552,All
67.5763,0.448551,1.77973,0.448551,All
67.5831,0.44955,1.77994,0.44955,All
67.5958,0.450549,1.78028,0.450549,All
67.6371,0.451548,1.79364,0.451548,All
67.6632,0.452547,1.79507,0.452547,All
67.7059,0.453546,1.79671,0.453546,All
67.7217,0.454545,1.79843,0.454545,All
67.7777,0.455544,1.80243,0.455544,All
67.7849,0.456543,1.81029,0.456543,All
67.7859,0.457542,1.81648,0.457542,All
67.8123,0.458541,1.81833,0.458541,All
67.8188,0.45954,1.82651,0.45954,All
67.8763,0.460539,1.82723,0.460539,All
67.9233,0.461538,1.82745,0.461538,All
67.9379,0.462537,1.83083,0.462537,All
67.9928,0.463536,1.83136,0.463536,All
68.0826,0.464535,1.83991,0.464535,All
68.0837,0.465534,1.84068,0.465534,All
68.1497,0.466533,1.84154,0.466533,All
68.2202,0.467532,1.84929,0.467532,All
68.2206,0.468531,1.85681,0.468531,All
68.2901,0.46953,1.85983,0.46953,All
68.4286,0.470529,1.8674,0.470529,All
68.5073,0.471528,1.88881,0.471528,All
68.5086,0.472527,1.89343,0.472527,All
68.5557,0.473526,1.89587,0.473526,All
68.8706,0.474525,1.89604,0.474525,All
68.875,0.475524,1.8965,0.475524,All
68.9878,0.476523,1.89891,0.476523,All
69.128,0.477522,1.9012,0.477522,All
69.1529,0.478521,1.9037,0.478521,All
69.1985,0.47952,1.90634,0.47952,All
69.2395,0.480519,1.90725,0.480519,All
69.2686,0.481518,1.90885,0.481518,All
69.3017,0.482517,1.91025,0.482517,All
69.3121,0.483516,1.9259,0.483516,All
69.474,0.484515,1.9355,0.484515,All
69.5615,0.485514,1.93597,0.485514,All
69.6817,0.486513,1.94032,0.486513,All
69.7384,0.487512,1.94036,0.487512,All
69.8454,0.488511,1.94069,0.488511,All
69.8504,0.48951,1.94247,0.48951,All
69.8684,0.490509,1.95037,0.490509,All
69.909,0.491508,1.95142,0.491508,All
69.966,0.492507,1.9538,0.492507,All
70.0265,0.493506,1.95722,0.493506,All
70.1114,0.494505,1.96508,0.494505,All
70.1776,0.495504,1.97249,0.495504,All
70.2466,0.496503,1.97493,0.496503,All
70.2724,0.497502,1.97597,0.497502,All
70.3112,0.498501,1.97979,0.498501,All
70.3985,0.4995,1.9844,0.4995,All
70.4601,0.5005,1.98911,0.5005,All
70.4696,0.501499,1.99109,0.501499,All
70.6098,0.502498,2.0022,0.502498,All
70.6485,0.503497,2.00686,0.503497,All
70.7218,0.504496,2.00711,0.504496,All
70.7314,0.505495,2.01721,0.505495,All
70.7404,0.506494,2.02597,0.506494,All
70.7688,0.507493,2.02855,0.507493,All
70.7882,0.508492,2.03019,0.508492,All
70.7931,0.509491,2.03476,0.509491,All
70.8479,0.51049,2.03647,0.51049,All
70.9228,0.511489,2.0412,0.511489,All
70.9229,0.512488,2.0443,0.512488,All
70.9296,0.513487,2.054,0.513487,All
70.9713,0.514486,2.05668,0.514486,All
70.9803,0.515485,2.05822,0.515485,All
71.0929,0.516484,2.06392,0.516484,All
71.1044,0.517483,2.06429,0.517483,All
71.1044,0.518482,2.06431,0.518482,All
71.1139,0.519481,2.06603,0.519481,All
71.1256,0.52048,2.07485,0.52048,All
71.1561,0.521479,2.07844,0.521479,All
71.1731,0.522478,2.0909,0.522478,All
71.2371,0.523477,2.10271,0.523477,All
71.3184,0.524476,2.10393,0.524476,All
71.3275,0.525475,2.10594,0.525475,All
71.3373,0.526474,2.10958,0.526474,All
71.353,0.527473,2.11107,0.527473,All
71.4542,0.528472,2.11426,0.528472,All
71.5634,0.529471,2.11493,0.529471,All
71.661,0.53047,2.12066,0.53047,All
71.742,0.531469,2.1213,0.531469,All
71.7476,0.532468,2.13436,0.532468,All
71.7952,0.533467,2.13632,0.533467,All
71.8106,0.534466,2.13771,0.534466,All
71.8873,0.535465,2.14479,0.535465,All
71.957,0.536464,2.14592,0.536464,All
72.005,0.537463,2.14793,0.537463,All
72.0139,0.538462,2.16131,0.538462,All
72.0668,0.539461,2.17001,0.539461,All
72.1888,0.54046,2.17702,0.54046,All
72.2362,0.541459,2.17831,0.541459,All
72.5692,0.542458,2.18063,0.542458,All
72.739,0.543457,2.18176,0.543457,All
72.7611,0.544456,2.18296,0.544456,All
72.7765,0.545455,2.18505,0.545455,All
72.7791,0.546454,2.18532,0.546454,All
72.8055,0.547453,2.18664,0.547453,All
72.8526,0.548452,2.18759,0.548452,All
72.8614,0.549451,2.1882,0.549451,All
72.8994,0.55045,2.19553,0.55045,All
73.033,0.551449,2.20109,0.551449,All
73.0547,0.552448,2.20546,0.552448,All
73.1964,0.553447,2.20576,0.553447,All
73.228,0.554446,2.20798,0.554446,All
73.3444,0.555445,2.20892,0.555445,All
73.3772,0.556444,2.2106,0.556444,All
73.3834,0.557443,2.21238,0.557443,All
73.4348,0.558442,2.21567,0.558442,All
73.4687,0.559441,2.21747,0.559441,All
73.5373,0.56044,2.22489,0.56044,All
73.5704,0.561439,2.22863,0.561439,All
73.6375,0.562438,2.2327,0.562438,All
73.7155,0.563437,2.23362,0.563437,All
73.7633,0.564436,2.23852,0.564436,All
73.941,0.565435,2.2397,0.565435,All
74.0164,0.566434,2.24133,0.566434,All
74.1301,0.567433,2.24994,0.567433,All
74.1509,0.568432,2.25306,0.568432,All
74.2186,0.569431,2.2601,0.569431,All
74.2977,0.57043,2.26376,0.57043,All
74.3483,0.571429,2.26582,0.571429,All
74.3538,0.572428,2.26692,0.572428,All
74.3792,0.573427,2.26769,0.573427,All
74.449,0.574426,2.27022,0.574426,All
74.4871,0.575425,2.27165,0.575425,All
74.5138,0.576424,2.27744,0.576424,All
74.5212,0.577423,2.2833,0.577423,All
74.5745,0.578422,2.28445,0.578422,All
74.6164,0.579421,2.28646,0.579421,All
74.633,0.58042,2.28875,0.58042,All
74.6832,0.581419,2.2976,0.581419,All
74.6842,0.582418,2.30238,0.582418,All
74.8636,0.583417,2.30586,0.583417,All
74.9196,0.584416,2.30813,0.584416,All
74.9243,0.585415,2.31067,0.585415,All
74.9253,0.586414,2.31104,0.586414,All
74.9952,0.587413,2.31343,0.587413,All
75.0256,0.588412,2.31693,0.588412,All
75.0649,0.589411,2.33746,0.589411,All
75.1197,0.59041,2.34815,0.59041,All
75.1402,0.591409,2.34839,0.591409,All
75.1692,0.592408,2.35787,0.592408,All
75.173,0.593407,2.36682,0.593407,All
75.3478,0.594406,2.37982,0.594406,All
75.3556,0.595405,2.3806,0.595405,All
75.4043,0.596404,2.38157,0.596404,All
75.4059,0.597403,2.38782,0.597403,All
75.4471,0.598402,2.38864,0.598402,All
75.4899,0.599401,2.39162,0.599401,All
75.5077,0.6004,2.39561,0.6004,All
75.6614,0.601399,2.39594,0.601399,All
75.8679,0.602398,2.40185,0.602398,All
76.0788,0.603397,2.40471,0.603397,All
76.1667,0.604396,2.40919,0.604396,All
76.1731,0.605395,2.41118,0.605395,All
76.1767,0.606394,2.42779,0.606394,All
76.2292,0.607393,2.43369,0.607393,All
76.2653,0.608392,2.44003,0.608392,All
76.3066,0.609391,2.44014,0.609391,All
76.4795,0.61039,2.44158,0.61039,All
76.6062,0.611389,2.44373,0.611389,All
76.6216,0.612388,2.44543,0.612388,All
76.8102,0.613387,2.45174,0.613387,All
76.9426,0.614386,2.45777,0.614386,All
76.9837,0.615385,2.48398,0.615385,All
76.9985,0.616384,2.48699,0.616384,All
77.1378,0.617383,2.51555,0.617383,All
77.1652,0.618382,2.521,0.618382,All
77.1723,0.619381,2.52605,0.619381,All
77.1959,0.62038,2.54562,0.62038,All
77.1973,0.621379,2.54735,0.621379,All
77.2269,0.622378,2.55502,0.622378,All
77.2475,0.623377,2.55981,0.623377,All
77.3048,0.624376,2.56271,0.624376,All
77.3332,0.625375,2.56467,0.625375,All
77.3546,0.626374,2.5697,0.626374,All
77.3638,0.627373,2.57611,0.627373,All
77.6926,0.628372,2.58063,0.628372,All
77.7472,0.629371,2.58956,0.629371,All
77.8052,0.63037,2.6074,0.63037,All
77.8338,0.631369,2.60826,0.631369,All
77.9447,0.632368,2.60827,0.632368,All
78.1522,0.633367,2.6199,0.633367,All
78.3795,0.634366,2.62187,0.634366,All
78.4494,0.635365,2.63403,0.635365,All
78.5032,0.636364,2.64372,0.636364,All
78.5355,0.637363,2.64884,0.637363,All
78.5997,0.638362,2.65241,0.638362,All
78.6128,0.639361,2.65867,0.639361,All
78.6648,0.64036,2.66016,0.64036,All
78.6942,0.641359,2.66386,0.641359,All
78.7003,0.642358,2.67132,0.642358,All
78.7565,0.643357,2.67949,0.643357,All
78.7962,0.644356,2.68176,0.644356,All
78.855,0.645355,2.69314,0.645355,All
78.9143,0.646354,2.70269,0.646354,All
78.9327,0.647353,2.71255,0.647353,All
79.0845,0.648352,2.73001,0.648352,All
79.2144,0.649351,2.7542,0.649351,All
79.2157,0.65035,2.75445,0.65035,All
79.2395,0.651349,2.75794,0.651349,All
79.4413,0.652348,2.77059,0.652348,All
79.443,0.653347,2.77794,0.653347,All
79.7938,0.654346,2.78151,0.654346,All
79.8708,0.655345,2.79956,0.655345,All
79.8826,0.656344,2.80673,0.656344,All
79.9626,0.657343,2.80689,0.657343,All
79.9659,0.658342,2.81101,0.658342,All
79.9861,0.659341,2.81822,0.659341,All
80.0965,0.66034,2.82143,0.66034,All
80.1141,0.661339,2.8307,0.661339,All
80.1204,0.662338,2.83208,0.662338,All
80.2755,0.663337,2.83775,0.663337,All
80.4649,0.664336,2.84719,0.664336,All
80.4651,0.665335,2.86087,0.665335,All
80.5167,0.666334,2.87903,0.666334,All
80.5948,0.667333,2.88217,0.667333,All
80.6068,0.668332,2.89081,0.668332,All
80.6249,0.669331,2.8948,0.669331,All
80.7327,0.67033,2.8998,0.67033,All
80.8511,0.671329,2.9029,0.671329,All
80.9261,0.672328,2.91227,0.672328,All
81.0863,0.673327,2.91271,0.673327,All
81.0958,0.674326,2.91382,0.674326,All
81.1793,0.675325,2.91425,0.675325,All
81.2606,0.676324,2.91458,0.676324,All
81.3033,0.677323,2.91498,0.677323,All
81.4383,0.678322,2.91749,0.678322,All
81.507,0.679321,2.9229,0.679321,All
81.5772,0.68032,2.9232,0.68032,All
81.606,0.681319,2.9242,0.681319,All
81.7155,0.682318,2.9325,0.682318,All
81.8154,0.683317,2.93716,0.683317,All
81.9625,0.684316,2.94322,0.684316,All
82.0346,0.685315,2.94495,0.685315,All
82.131,0.686314,2.9462,0.686314,All
82.1772,0.687313,2.95156,0.687313,All
82.1867,0.688312,2.95488,0.688312,All
82.2465,0.689311,2.97292,0.689311,All
82.3078,0.69031,3.00799,0.69031,All
82.4613,0.691309,3.01025,0.691309,All
82.5371,0.692308,3.01071,0.692308,All
82.6342,0.693307,3.01173,0.693307,All
82.6804,0.694306,3.01216,0.694306,All
82.8301,0.695305,3.0129,0.695305,All
82.9295,0.696304,3.01637,0.696304,All
82.9446,0.697303,3.03611,0.697303,All
82.9475,0.698302,3.03643,0.698302,All
82.9611,0.699301,3.05898,0.699301,All
82.9792,0.7003,3.0688,0.7003,All
83.0064,0.701299,3.06982,0.701299,All
83.0558,0.702298,3.07536,0.702298,All
83.0622,0.703297,3.07631,0.703297,All
83.3296,0.704296,3.09501,0.704296,All
83.5249,0.705295,3.09973,0.705295,All
83.6752,0.706294,3.10367,0.706294,All
83.739,0.707293,3.10487,0.707293,All
83.8937,0.708292,3.10572,0.708292,All
83.9656,0.709291,3.12722,0.709291,All
84.0086,0.71029,3.12734,0.71029,All
84.1338,0.711289,3.16626,0.711289,All
84.2587,0.712288,3.16822,0.712288,All
84.3043,0.713287,3.17625,0.713287,All
84.3481,0.714286,3.19139,0.714286,All
84.4005,0.715285,3.19932,0.715285,All
84.4402,0.716284,3.20321,0.716284,All
84.4787,0.717283,3.2147,0.717283,All
84.5828,0.718282,3.22211,0.718282,All
84.7406,0.719281,3.22463,0.719281,All
85.0564,0.72028,3.2311,0.72028,All
85.1914,0.721279,3.23255,0.721279,All
85.2236,0.722278,3.23617,0.722278,All
85.2296,0.723277,3.24845,0.723277,All
85.5138,0.724276,3.25488,0.724276,All
85.5315,0.725275,3.25628,0.725275,All
85.5889,0.726274,3.2748,0.726274,All
85.9424,0.727273,3.28647,0.727273,All
85.9743,0.728272,3.28698,0.728272,All
86.0292,0.729271,3.29368,0.729271,All
86.2241,0.73027,3.29645,0.73027,All
86.3899,0.731269,3.29681,0.731269,All
86.4421,0.732268,3.30026,0.732268,All
86.569,0.733267,3.3219,0.733267,All
86.6652,0.734266,3.33755,0.734266,All
86.8035,0.735265,3.34484,0.735265,All
87.3026,0.736264,3.35111,0.736264,All
87.3522,0.737263,3.3562,0.737263,All
87.4505,0.738262,3.36077,0.738262,All
87.521,0.739261,3.38453,0.739261,All
87.5883,0.74026,3.38545,0.74026,All
87.8198,0.741259,3.40678,0.741259,All
87.8878,0.742258,3.40977,0.742258,All
87.9684,0.743257,3.417,0.743257,All
88.0038,0.744256,3.42109,0.744256,All
88.2478,0.745255,3.42218,0.745255,All
88.3309,0.746254,3.43005,0.746254,All
88.5507,0.747253,3.44986,0.747253,All
88.6288,0.748252,3.48005,0.748252,All
88.8017,0.749251,3.48175,0.749251,All
88.8635,0.75025,3.48354,0.75025,All
88.9506,0.751249,3.48396,0.751249,All
89.0746,0.752248,3.48945,0.752248,All
89.2288,0.753247,3.49194,0.753247,All
89.3208,0.754246,3.49502,0.754246,All
89.5346,0.755245,3.51111,0.755245,All
89.5847,0.756244,3.52176,0.756244,All
89.7509,0.757243,3.52184,0.757243,All
89.7622,0.758242,3.52558,0.758242,All
89.874,0.759241,3.52768,0.759241,All
89.9036,0.76024,3.53338,0.76024,All
90.0034,0.761239,3.55846,0.761239,All
90.0972,0.762238,3.56488,0.762238,All
90.2498,0.763237,3.58334,0.763237,All
90.465,0.764236,3.60406,0.764236,All
90.4913,0.765235,3.639,0.765235,All
90.5271,0.766234,3.64161,0.766234,All
90.5507,0.767233,3.64899,0.767233,All
90.704,0.768232,3.65077,0.768232,All
90.7337,0.769231,3.65284,0.769231,All
90.7481,0.77023,3.66354,0.77023,All
91.0124,0.771229,3.67258,0.771229,All
91.0331,0.772228,3.68566,0.772228,All
91.3481,0.773227,3.68913,0.773227,All
91.416,0.774226,3.69387,0.774226,All
91.4453,0.775225,3.71642,0.775225,All
91.467,0.776224,3.72889,0.776224,All
91.5601,0.777223,3.73659,0.777223,All
91.9568,0.778222,3.74023,0.778222,All
91.9863,0.779221,3.74755,0.779221,All
92.141,0.78022,3.75075,0.78022,All
92.2139,0.781219,3.75876,0.781219,All
92.5417,0.782218,3.76327,0.782218,All
92.5949,0.783217,3.82822,0.783217,All
92.7035,0.784216,3.86425,0.784216,All
92.8517,0.785215,3.8747,0.785215,All
93.2121,0.786214,3.88468,0.786214,All
93.2644,0.787213,3.88751,0.787213,All
93.4006,0.788212,3.88781,0.788212,All
93.5111,0.789211,3.88911,0.789211,All
93.5617,0.79021,3.89443,0.79021,All
93.7065,0.791209,3.91208,0.791209,All
94.0454,0.792208,3.91989,0.792208,All
94.0868,0.793207,3.92921,0.793207,All
94.2868,0.794206,3.95273,0.794206,All
94.3586,0.795205,3.9595,0.795205,All
94.9518,0.796204,3.96563,0.796204,All
94.9626,0.797203,3.97368,0.797203,All
95.1797,0.798202,3.97895,0.798202,All
95.4663,0.799201,4.00644,0.799201,All
95.8324,0.8002,4.04359,0.8002,All
95.8824,0.801199,4.04485,0.801199,All
95.9266,0.802198,4.05528,0.802198,All
95.9485,0.803197,4.06296,0.803197,All
96.0768,0.804196,4.06782,0.804196,All
96.1128,0.805195,4.07438,0.805195,All
96.3628,0.806194,4.07554,0.806194,All
96.7326,0.807193,4.08965,0.807193,All
96.8486,0.808192,4.09285,0.808192,All
96.8528,0.809191,4.09725,0.809191,All
96.8981,0.81019,4.10614,0.81019,All
97.0164,0.811189,4.12045,0.811189,All
97.2176,0.812188,4.1328,0.812188,All
97.2441,0.813187,4.1408,0.813187,All
97.301,0.814186,4.14843,0.814186,All
97.5242,0.815185,4.16523,0.815185,All
97.7632,0.816184,4.17262,0.816184,All
97.8896,0.817183,4.1747,0.817183,All
98.0435,0.818182,4.24204,0.818182,All
98.1546,0.819181,4.26315,0.819181,All
98.2067,0.82018,4.26398,0.82018,All
98.3255,0.821179,4.27876,0.821179,All
98.4903,0.822178,4.32531,0.822178,All
98.5664,0.823177,4.32729,0.823177,All
98.7798,0.824176,4.33449,0.824176,All
98.7944,0.825175,4.35439,0.825175,All
98.9676,0.826174,4.36653,0.826174,All
99.1165,0.827173,4.38709,0.827173,All
99.4281,0.828172,4.39808,0.828172,All
99.5145,0.829171,4.4097,0.829171,All
99.5488,0.83017,4.42046,0.83017,All
99.6424,0.831169,4.43296,0.831169,All
100.298,0.832168,4.44588,0.832168,All
100.564,0.833167,4.46236,0.833167,All
100.584,0.834166,4.46587,0.834166,All
100.612,0.835165,4.46958,0.835165,All
100.674,0.836164,4.477,0.836164,All
100.763,0.837163,4.4883,0.837163,All
100.833,0.838162,4.49278,0.838162,All
100.836,0.839161,4.4977,0.839161,All
100.857,0.84016,4.53621,0.84016,All
101.271,0.841159,4.55721,0.841159,All
101.879,0.842158,4.56647,0.842158,All
101.927,0.843157,4.61834,0.843157,All
101.95,0.844156,4.63037,0.844156,All
102.51,0.845155,4.65586,0.845155,All
102.986,0.846154,4.65892,0.846154,All
103.057,0.847153,4.71728,0.847153,All
103.272,0.848152,4.72063,0.848152,All
104.043,0.849151,4.72334,0.849151,All
104.058,0.85015,4.74578,0.85015,All
104.569,0.851149,4.7783,0.851149,All
104.582,0.852148,4.80984,0.852148,All
104.684,0.853147,4.81352,0.853147,All
105.103,0.854146,4.85379,0.854146,All
105.184,0.855145,4.86887,0.855145,All
105.257,0.856144,4.89344,0.856144,All
105.661,0.857143,4.90868,0.857143,All
105.905,0.858142,4.91863,0.858142,All
105.908,0.859141,4.92216,0.859141,All
106.383,0.86014,4.92627,0.86014,All
106.482,0.861139,4.93802,0.861139,All
106.523,0.862138,4.93894,0.862138,All
106.838,0.863137,4.98049,0.863137,All
107.629,0.864136,5.08311,0.864136,All
108.034,0.865135,5.10307,0.865135,All
108.532,0.866134,5.19849,0.866134,All
108.896,0.867133,5.20877,0.867133,All
109.133,0.868132,5.22616,0.868132,All
109.268,0.869131,5.24004,0.869131,All
109.377,0.87013,5.24117,0.87013,All
110.337,0.871129,5.26009,0.871129,All
110.5,0.872128,5.26485,0.872128,All
110.507,0.873127,5.29718,0.873127,All
110.896,0.874126,5.30628,0.874126,All
110.924,0.875125,5.3202,0.875125,All
111.808,0.876124,5.34552,0.876124,All
111.864,0.877123,5.34956,0.877123,All
111.984,0.878122,5.36589,0.878122,All
112.012,0.879121,5.37114,0.879121,All
112.887,0.88012,5.38687,0.88012,All
112.891,0.881119,5.45254,0.881119,All
112.895,0.882118,5.46541,0.882118,All
113.087,0.883117,5.49627,0.883117,All
113.321,0.884116,5.50015,0.884116,All
113.662,0.885115,5.5027,0.885115,All
113.974,0.886114,5.53027,0.886114,All
113.989,0.887113,5.53809,0.887113,All
114.07,0.888112,5.54384,0.888112,All
114.743,0.889111,5.5845,0.889111,All
114.778,0.89011,5.59212,0.89011,All
114.822,0.891109,5.5957,0.891109,All
114.83,0.892108,5.6425,0.892108,All
115.06,0.893107,5.67264,0.893107,All
115.208,0.894106,5.70397,0.894106,All
115.746,0.895105,5.70492,0.895105,All
116.272,0.896104,5.71225,0.896104,All
117.034,0.897103,5.72805,0.897103,All
117.128,0.898102,5.75667,0.898102,All
117.388,0.899101,5.80977,0.899101,All
117.511,0.9001,5.8157,0.9001,All
117.591,0.901099,5.83286,0.901099,All
117.792,0.902098,5.85411,0.902098,All
117.828,0.903097,5.86065,0.903097,All
119.175,0.904096,5.88402,0.904096,All
119.724,0.905095,5.92149,0.905095,All
120.295,0.906094,5.9381,0.906094,All
120.947,0.907093,5.94883,0.907093,All
122.003,0.908092,5.95503,0.908092,All
122.95,0.909091,5.97381,0.909091,All
123.127,0.91009,6.02436,0.91009,All
123.493,0.911089,6.03553,0.911089,All
123.955,0.912088,6.03559,0.912088,All
124.075,0.913087,6.05157,0.913087,All
124.202,0.914086,6.09973,0.914086,All
124.839,0.915085,6.11394,0.915085,All
124.912,0.916084,6.13695,0.916084,All
125.089,0.917083,6.14026,0.917083,All
125.755,0.918082,6.17062,0.918082,All
126.072,0.919081,6.22697,0.919081,All
126.123,0.92008,6.23468,0.92008,All
126.827,0.921079,6.23678,0.921079,All
127.131,0.922078,6.25733,0.922078,All
128.204,0.923077,6.27043,0.923077,All
128.556,0.924076,6.28661,0.924076,All
128.912,0.925075,6.28939,0.925075,All
129.378,0.926074,6.29042,0.926074,All
129.842,0.927073,6.34539,0.927073,All
130.328,0.928072,6.39939,0.928072,All
130.426,0.929071,6.51336,0.929071,All
130.541,0.93007,6.5432,0.93007,All
130.549,0.931069,6.59135,0.931069,All
132.394,0.932068,6.66418,0.932068,All
133.182,0.933067,6.68831,0.933067,All
134.969,0.934066,6.69687,0.934066,All
135.193,0.935065,6.777,0.935065,All
135.248,0.936064,6.80872,0.936064,All
135.925,0.937063,6.80963,0.937063,All
136.489,0.938062,6.87197,0.938062,All
137.281,0.939061,6.95211,0.939061,All
138.633,0.94006,6.9649,0.94006,All
139.837,0.941059,7.00229,0.941059,All
140.275,0.942058,7.03569,0.942058,All
141.086,0.943057,7.0643,0.943057,All
141.137,0.944056,7.09101,0.944056,All
142.951,0.945055,7.09315,0.945055,All
144.498,0.946054,7.13408,0.946054,All
144.57,0.947053,7.1353,0.947053,All
144.884,0.948052,7.21056,0.948052,All
145.221,0.949051,7.25558,0.949051,All
147.781,0.95005,7.28345,0.95005,All
148.618,0.951049,7.39704,0.951049,All
150.878,0.952048,7.46678,0.952048,All
150.91,0.953047,7.53935,0.953047,All
150.929,0.954046,7.571,0.954046,All
151.845,0.955045,7.62475,0.955045,All
155.063,0.956044,7.64015,0.956044,All
157.338,0.957043,7.64629,0.957043,All
158.57,0.958042,7.64993,0.958042,All
159.771,0.959041,7.6889,0.959041,All
161.023,0.96004,7.72769,0.96004,All
162.255,0.961039,7.75561,0.961039,All
162.333,0.962038,7.77909,0.962038,All
163.541,0.963037,7.79473,0.963037,All
167.113,0.964036,7.8059,0.964036,All
167.126,0.965035,7.89922,0.965035,All
167.488,0.966034,7.90172,0.966034,All
167.589,0.967033,7.90593,0.967033,All
167.665,0.968032,7.92889,0.968032,All
168.006,0.969031,7.93803,0.969031,All
168.335,0.97003,7.95463,0.97003,All
172.362,0.971029,8.09221,0.971029,All
173.636,0.972028,8.1267,0.972028,All
174.493,0.973027,8.37699,0.973027,All
175.38,0.974026,8.4766,0.974026,All
175.466,0.975025,8.52055,0.975025,All
175.629,0.976024,8.54682,0.976024,All
179.155,0.977023,8.55622,0.977023,All
180.194,0.978022,8.73803,0.978022,All
184.918,0.979021,8.82786,0.979021,All
187.462,0.98002,8.88087,0.98002,All
188.129,0.981019,8.92914,0.981019,All
192.558,0.982018,9.00231,0.982018,All
193.872,0.983017,9.21604,0.983017,All
194.477,0.984016,9.43379,0.984016,All
195.122,0.985015,9.49583,0.985015,All
195.374,0.986014,9.6063,0.986014,All
195.658,0.987013,9.66622,0.987013,All
198.648,0.988012,9.70486,0.988012,All
210.955,0.989011,9.80853,0.989011,All
213.419,0.99001,9.964,0.99001,All
217.319,0.991009,10.0161,0.991009,All
217.883,0.992008,10.0298,0.992008,All
229.184,0.993007,10.102,0.993007,All
231.335,0.994006,10.1083,0.994006,All
239.722,0.995005,10.1396,0.995005,All
263.813,0.996004,10.2183,0.996004,All
264.809,0.997003,10.3522,0.997003,All
286.705,0.998002,10.9773,0.998002,All
297.916,0.999001,11.3917,0.999001,All
362.114,1,12.0317,1,All
600.107,1,55.9404,1,All
