V_abscissa,V_pdf,V_cdf,Cl_abscissa,Cl_pdf,Cl_cdf,split
8.128,2.86872e-05,3.0832e-05,0.0495998,0.00335143,3.41366e-05,All
14.1076,0.000541781,0.00128307,0.614154,0.379529,0.12368,All
20.0872,0.00214744,0.00876723,1.17871,0.357694,0.341052,All
26.0667,0.00457005,0.0286204,1.74326,0.262293,0.515929,All
32.0463,0.00709213,0.0636036,2.30782,0.184927,0.640975,All
38.0259,0.00916825,0.112525,2.87237,0.130986,0.729182,All
44.0055,0.010567,0.171883,3.43692,0.0942801,0.792107,All
49.9851,0.0112846,0.237533,4.00148,0.0691237,0.837796,All
55.9647,0.011431,0.305697,4.56603,0.0515989,0.871583,All
61.9442,0.0111512,0.373389,5.13058,0.039162,0.897008,All
67.9238,0.0105831,0.438483,5.69514,0.0301727,0.916446,All
73.9034,0.00984081,0.499609,6.25969,0.0235629,0.931522,All
79.883,0.00901113,0.555998,6.82425,0.0186255,0.943365,All
85.8626,0.00815579,0.607324,7.3888,0.0148839,0.952776,All
91.8422,0.00731629,0.653567,7.95335,0.0120113,0.960333,All
97.8217,0.00651875,0.694906,8.51791,0.00977972,0.966459,All
103.801,0.00577811,0.73164,9.08246,0.00802727,0.971466,All
109.781,0.0051015,0.764135,9.64701,0.00663754,0.97559,All
115.76,0.00449086,0.792781,10.2116,0.00552554,0.979012,All
121.74,0.00394474,0.817971,10.7761,0.00462842,0.98187,All
127.72,0.00345966,0.840079,11.3407,0.00389917,0.98427,All
133.699,0.00303105,0.859458,11.9052,0.00330223,0.986297,All
139.679,0.00265382,0.87643,12.4698,0.00281044,0.988018,All
145.658,0.00232279,0.891287,13.0343,0.00240285,0.989486,All
151.638,0.00203294,0.904291,13.5989,0.00206316,0.990744,All
157.618,0.00177955,0.915672,14.1634,0.00177858,0.991826,All
163.597,0.00155826,0.925637,14.728,0.00153901,0.992761,All
169.577,0.00136515,0.934364,15.2926,0.00133641,0.993571,All
175.556,0.00119669,0.942012,15.8571,0.00116435,0.994275,All
181.536,0.00104975,0.948718,16.4217,0.00101763,0.99489,All
187.515,0.000921561,0.954603,16.9862,0.000892041,0.995428,All
193.495,0.000809701,0.959772,17.5508,0.000784159,0.995901,All
199.475,0.000712049,0.964315,18.1153,0.00069117,0.996316,All
205.454,0.000626754,0.968312,18.6799,0.00061076,0.996683,All
211.434,0.000552203,0.971832,19.2444,0.000541014,0.997008,All
217.413,0.000486997,0.974934,19.809,0.000480342,0.997296,All
223.393,0.000429919,0.977672,20.3735,0.000427416,0.997552,All
229.373,0.000379913,0.98009,20.9381,0.000381125,0.99778,All
235.352,0.000336066,0.982228,21.5026,0.000340536,0.997983,All
241.332,0.000297583,0.98412,22.0672,0.000304859,0.998165,All
247.311,0.000263777,0.985796,22.6318,0.000273429,0.998328,All
253.291,0.00023405,0.987282,23.1963,0.000245677,0.998475,All
259.27,0.000207885,0.988602,23.7609,0.000221121,0.998606,All
265.25,0.000184832,0.989775,24.3254,0.000199349,0.998725,All
271.23,0.0001645,0.990818,24.89,0.000180007,0.998832,All
277.209,0.000146552,0.991747,25.4545,0.000162791,0.998928,All
283.189,0.000130691,0.992575,26.0191,0.00014744,0.999016,All
289.168,0.000116661,0.993313,26.5836,0.000133728,0.999095,All
295.148,0.000104238,0.993973,27.1482,0.000121459,0.999167,All
301.128,9.32265e-05,0.994563,27.7127,0.000110463,0.999233,All
307.107,8.34575e-05,0.995091,28.2773,0.000100592,0.999292,All
313.087,7.4782e-05,0.995563,28.8418,9.1718e-05,0.999346,All
319.066,6.70701e-05,0.995987,29.4064,8.37284e-05,0.999396,All
325.046,6.02082e-05,0.996367,29.971,7.65247e-05,0.999441,All
331.025,5.40968e-05,0.996708,30.5355,7.00206e-05,0.999482,All
337.005,4.86486e-05,0.997015,31.1001,6.41403e-05,0.99952,All
342.985,4.37873e-05,0.997291,31.6646,5.88169e-05,0.999555,All
348.964,3.94456e-05,0.99754,32.2292,5.39917e-05,0.999587,All
354.944,3.55645e-05,0.997764,32.7937,4.96127e-05,0.999616,All
360.923,3.20919e-05,0.997966,33.3583,4.56339e-05,0.999643,All
366.903,2.89822e-05,0.998148,33.9228,4.20144e-05,0.999668,All
372.883,2.6195e-05,0.998313,34.4874,3.87183e-05,0.99969,All
378.862,2.36947e-05,0.998462,35.0519,3.57131e-05,0.999711,All
384.842,2.14498e-05,0.998597,35.6165,3.29705e-05,0.999731,All
390.821,1.94326e-05,0.998719,36.181,3.04648e-05,0.999749,All
396.801,1.76185e-05,0.99883,36.7456,2.81732e-05,0.999765,All
402.78,1.59857e-05,0.99893,37.3102,2.60754e-05,0.99978,All
408.76,1.45149e-05,0.999021,37.8747,2.41532e-05,0.999795,All
414.74,1.3189e-05,0.999104,38.4393,2.23902e-05,0.999808,All
420.719,1.19928e-05,0.999179,39.0038,2.07717e-05,0.99982,All
426.699,1.09127e-05,0.999248,39.5684,1.92846e-05,0.999831,All
432.678,9.93683e-06,0.99931,40.1329,1.79171e-05,0.999842,All
438.658,9.05438e-06,0.999367,40.6975,1.66583e-05,0.999851,All
444.638,8.25584e-06,0.999419,41.262,1.54988e-05,0.999861,All
450.617,7.53271e-06,0.999466,41.8266,1.44298e-05,0.999869,All
456.597,6.8774e-06,0.999509,42.3911,1.34435e-05,0.999877,All
462.576,6.28313e-06,0.999548,42.9557,1.25328e-05,0.999884,All
468.556,5.74384e-06,0.999584,43.5202,1.16912e-05,0.999891,All
474.535,5.25412e-06,0.999617,44.0848,1.0913e-05,0.999897,All
480.515,4.8091e-06,0.999647,44.6494,1.01927e-05,0.999903,All
486.495,4.40443e-06,0.999675,45.2139,9.52576e-06,0.999909,All
492.474,4.03622e-06,0.9997,45.7785,8.90765e-06,0.999914,All
498.454,3.70097e-06,0.999723,46.343,8.33444e-06,0.999919,All
504.433,3.39553e-06,0.999744,46.9076,7.80251e-06,0.999924,All
510.413,3.11707e-06,0.999764,47.4721,7.30857e-06,0.999928,All
516.393,2.86306e-06,0.999781,48.0367,6.84961e-06,0.999932,All
522.372,2.6312e-06,0.999798,48.6012,6.42289e-06,0.999936,All
528.352,2.41944e-06,0.999813,49.1658,6.02589e-06,0.999939,All
534.331,2.22593e-06,0.999827,49.7303,5.65632e-06,0.999942,All
540.311,2.04898e-06,0.99984,50.2949,5.31208e-06,0.999945,All
546.29,1.88708e-06,0.999851,50.8594,4.99126e-06,0.999948,All
552.27,1.73887e-06,0.999862,51.424,4.69208e-06,0.999951,All
558.25,1.60312e-06,0.999872,51.9886,4.41293e-06,0.999954,All
564.229,1.47871e-06,0.999881,52.5531,4.15233e-06,0.999956,All
570.209,1.36463e-06,0.99989,53.1177,3.90891e-06,0.999958,All
576.188,1.25997e-06,0.999898,53.6822,3.68142e-06,0.999961,All
582.168,1.16389e-06,0.999905,54.2468,3.46871e-06,0.999963,All
588.148,1.07566e-06,0.999912,54.8113,3.26971e-06,0.999964,All
594.127,9.94574e-07,0.999918,55.3759,3.08344e-06,0.999966,All
600.107,9.2003e-07,0.999924,55.9404,2.90902e-06,0.999968,All
