id,importanceSampling
1,6.010130
2,9.423757
3,6.623979
4,14.327883
5,14.490971
6,6.638187
7,7.558286
8,7.641230
9,5.201641
10,15.675567
11,14.235448
12,4.940170
13,6.111609
14,10.751754
15,10.887067
16,10.699240
17,11.253141
18,12.997334
19,12.170973
20,6.769552
21,12.701094
22,8.427124
23,6.273205
24,6.571780
25,6.491345
26,7.092129
27,6.503301
28,11.633349
29,4.956114
30,16.160315
31,6.175990
32,6.819976
33,4.961978
34,6.423044
35,10.914229
36,6.392988
37,15.339787
38,6.114839
39,5.120513
40,18.951225
41,14.202135
42,8.584773
43,24.477986
44,8.144203
45,5.241381
46,7.330666
47,4.996396
48,5.821366
49,12.839812
50,5.657488
51,13.539392
52,6.794327
53,26.209334
54,26.373780
55,6.628517
56,4.757358
57,15.079427
58,11.607027
59,8.135830
60,5.226502
61,11.745801
62,6.115406
63,16.842188
64,6.772396
65,6.097164
66,12.490406
67,7.946836
68,17.550194
69,12.895131
70,12.862262
71,6.582848
72,22.216281
73,6.069904
74,6.303531
75,20.815098
76,21.607250
77,6.881679
78,6.743304
79,6.992582
80,24.295669
81,12.275359
82,5.315656
83,6.061300
84,21.253799
85,5.710902
86,6.625671
87,11.158261
88,13.958261
89,8.625279
90,7.661122
91,12.664146
92,6.431134
93,10.650552
94,5.127109
95,6.122541
96,23.081111
97,5.821813
98,7.436659
99,4.967084
100,8.954606
101,10.941612
102,20.855881
103,21.825530
104,18.425419
105,16.945986
106,11.598957
107,10.887707
108,8.835648
109,6.951119
110,7.681578
111,13.926239
112,11.648002
113,12.212790
114,4.863418
115,18.454090
116,6.770849
117,6.513808
118,7.284772
119,11.316517
120,6.898269
121,11.727412
122,6.416543
123,18.516640
124,4.354247
125,10.938685
126,5.861359
127,8.433453
128,6.255784
129,9.570243
130,5.833265
131,20.384343
132,6.933689
133,6.905938
134,12.354870
135,11.869268
136,10.354939
137,5.856461
138,7.335266
139,18.477092
140,5.838767
141,13.731383
142,17.847086
143,17.976029
144,13.630872
145,7.202287
146,20.963748
147,18.920210
148,11.838083
149,6.798941
150,15.250274
151,20.253132
152,14.856201
153,14.381930
154,6.145460
155,6.723833
156,11.163300
157,13.084110
158,11.345631
159,7.420881
160,6.738156
161,14.220170
162,7.419761
163,6.702850
164,5.575119
165,6.480462
166,6.366361
167,9.494101
168,8.163947
169,5.412855
170,13.311814
171,5.876851
172,9.371241
173,6.693766
174,7.921334
175,5.755918
176,10.727148
177,4.685088
178,6.531278
179,11.332444
180,13.869788
181,8.600428
182,5.922026
183,7.499761
184,11.921242
185,6.618118
186,6.411814
187,5.877918
188,6.775551
189,6.309656
190,5.731640
191,17.541130
192,13.472800
193,6.195922
194,4.110356
195,8.214142
196,14.919453
197,4.974659
198,17.538652
199,5.548825
200,5.926096
201,7.068403
202,5.651984
203,5.948298
204,13.909348
205,13.716594
206,7.657964
207,13.177737
208,5.819740
209,5.510633
210,11.532412
211,17.523025
212,9.521435
213,8.975032
214,13.400352
215,6.896143
216,13.648375
217,10.224231
218,14.975306
219,8.827282
220,10.686162
221,12.831002
222,4.575032
223,6.393207
224,5.565164
225,19.100614
226,6.681753
227,8.817037
228,7.078087
229,4.953716
230,5.181750
231,6.780024
232,16.902582
233,16.055462
234,4.675522
235,5.644965
236,13.030052
237,21.473594
238,26.843831
239,15.014660
240,11.864663
241,6.937881
242,5.594172
243,7.022964
244,19.832484
245,6.376317
246,7.158323
247,5.477648
248,11.556607
249,17.043926
250,5.815522
251,8.417875
252,7.127673
253,6.361186
254,5.370907
255,12.830964
256,6.365872
257,19.309912
258,5.812146
259,16.857006
260,7.700482
261,18.064790
262,17.940903
263,6.296545
264,13.986070
265,5.949044
266,15.842267
267,4.449767
268,6.452894
269,7.129438
270,6.898126
271,9.465966
272,11.745449
273,19.657830
274,5.327834
275,6.370216
276,23.728994
277,11.998332
278,6.860333
279,7.210941
280,6.243913
281,5.180613
282,20.510873
283,17.576691
284,7.593386
285,6.462438
286,11.716457
287,5.294664
288,13.957169
289,18.198072
290,10.451701
291,25.601252
292,27.344891
293,5.575987
294,5.359856
295,8.338524
296,11.740471
297,4.712541
298,6.436217
299,7.668963
300,10.489163
301,19.812816
302,4.994173
303,9.946302
304,14.999557
305,34.398119
306,10.019791
307,6.834912
308,27.753217
309,24.332484
310,11.116249
311,11.654775
312,4.711568
313,11.796834
314,12.989972
315,6.192915
316,4.886294
317,14.772462
318,15.701807
319,13.358250
320,18.486240
321,25.561255
322,8.475805
323,13.551199
324,9.959056
325,31.397648
326,4.302019
327,4.767971
328,12.345290
329,11.537326
330,18.699211
331,14.138805
332,13.607986
333,5.636563
334,5.874337
335,9.061210
336,7.412091
337,9.094046
338,4.973817
339,6.555475
340,20.517997
341,12.064279
342,5.787574
343,6.120126
344,5.025787
345,4.091117
346,6.937507
347,9.183671
348,5.704078
349,27.625271
350,6.186005
351,5.380474
352,6.627501
353,5.584447
354,6.963491
355,5.215450
356,7.154517
357,6.980110
358,5.733732
359,15.185649
360,11.094020
361,25.547549
362,13.395375
363,6.521997
364,5.305706
365,30.427959
366,5.667868
367,12.596805
368,6.245735
369,8.315447
370,13.223855
371,12.400600
372,6.952494
373,14.395410
374,7.843308
375,6.667613
376,6.561490
377,6.571882
378,12.552754
379,6.551832
380,6.530374
381,14.406082
382,7.459956
383,6.230428
384,11.762354
385,13.239004
386,7.867370
387,6.811072
388,4.610745
389,11.305972
390,4.551622
391,6.141715
392,20.107301
393,21.512283
394,14.787876
395,13.247111
396,6.826467
397,6.051179
398,4.507119
399,6.336956
400,5.228188
401,6.553514
402,15.224003
403,6.245636
404,13.684674
405,13.361821
406,7.279954
407,17.104710
408,6.385040
409,5.260578
410,7.028492
411,6.341382
412,4.937520
413,9.010016
414,13.115083
415,7.370211
416,6.258977
417,5.740942
418,14.491652
419,15.504918
420,5.586330
421,4.254663
422,11.351260
423,18.483158
424,19.466124
425,19.426187
426,6.858089
427,20.695367
428,5.092531
429,5.912157
430,4.148469
431,6.193345
432,14.095676
433,13.283441
434,8.789199
435,11.328475
436,31.220181
437,5.637257
438,9.875488
439,10.698681
440,14.047502
441,13.438799
442,6.217533
443,9.305272
444,7.263610
445,10.689000
446,6.691621
447,6.369047
448,22.225823
449,5.514219
450,6.637362
451,25.157721
452,6.179501
453,10.509768
454,6.636500
455,12.861667
456,10.070354
457,18.023812
458,6.148246
459,6.831492
460,6.772359
461,10.261259
462,12.375418
463,22.107376
464,13.323773
465,6.705568
466,5.896447
467,10.942096
468,16.935624
469,14.463173
470,13.178640
471,5.376519
472,14.702374
473,17.443928
474,5.963381
475,18.717287
476,6.920547
477,6.318230
478,6.746217
479,8.735580
480,14.969647
482,5.553165
483,16.355120
484,7.095160
485,6.034637
486,14.945752
487,7.581475
488,13.816831
489,5.605532
490,10.692191
491,7.179890
492,8.975995
493,13.223353
494,4.956102
495,13.999165
496,10.022176
497,5.352279
498,8.001047
499,12.210483
500,6.478834
501,22.177785
502,14.245777
503,19.457742
504,7.499793
505,6.457400
506,27.087343
507,6.286654
508,7.975960
509,6.785903
510,7.085887
511,16.514300
512,7.735365
513,35.123490
514,11.955354
515,7.019571
516,12.465287
517,12.647326
518,11.894376
519,12.633896
520,8.096451
521,6.847186
522,12.006801
523,10.477936
524,6.788910
525,6.972913
526,18.051859
527,7.608470
528,6.402670
529,5.590664
530,6.172457
531,6.778940
532,5.969012
533,15.567000
534,5.063077
535,11.977632
536,15.670704
537,4.439196
538,17.302345
539,16.452023
540,7.088802
541,8.175855
542,9.459067
543,7.693455
544,11.541809
545,16.556139
546,6.572211
547,67.391595
548,9.975486
549,19.682265
550,8.836403
551,15.384420
552,6.894481
553,20.403865
554,16.418855
555,15.412347
556,5.520477
557,8.439917
558,11.413063
559,28.955012
560,10.551014
561,6.431616
562,14.936118
563,7.044250
564,5.426068
565,13.758594
566,5.178983
567,13.395396
568,6.550401
569,5.763146
570,7.182984
571,16.596793
572,6.086846
573,11.706363
574,6.132427
575,7.165851
576,6.431718
577,20.951460
578,6.300849
579,8.320651
580,6.862118
581,4.450994
582,4.457347
583,21.160963
584,6.980355
585,14.745012
586,5.094566
587,5.685413
588,8.334090
589,5.746224
590,13.032188
591,6.404227
592,4.842169
593,6.217677
594,6.668887
595,4.479755
596,18.095677
597,10.169995
598,8.115527
599,6.496797
600,9.848819
601,6.084422
602,13.144808
603,6.111659
604,9.431523
605,5.993732
606,5.978994
607,21.478979
608,6.948105
609,16.091524
610,19.482367
611,5.997037
612,12.337624
613,7.848310
614,7.022314
615,7.077257
616,14.628847
617,7.302601
618,14.899792
619,13.135855
620,6.401445
621,17.157585
622,4.888543
623,13.098566
624,5.380076
625,26.687047
626,5.704169
627,7.122035
628,5.518788
629,13.027511
630,5.837195
631,5.601697
632,19.900740
633,12.046870
634,14.207128
635,5.478729
636,7.157361
637,10.318959
638,8.508423
639,6.254791
640,21.126435
641,7.847061
642,6.915422
643,8.235803
644,11.785095
645,14.446635
646,5.327153
647,12.240936
648,13.899869
649,6.622144
650,11.080925
651,5.910808
652,13.953226
653,6.242327
654,14.805096
655,8.514259
656,4.588762
657,6.132726
658,7.849969
659,5.780735
660,5.421287
661,16.427929
662,6.262542
663,5.655256
664,11.670234
665,7.766715
666,6.680131
667,4.570846
668,12.903973
669,12.004948
670,9.857793
671,8.691316
672,8.371329
673,12.689737
674,5.493014
675,19.899203
676,6.287272
677,7.202979
678,7.538842
679,7.365920
680,6.752643
681,13.117543
682,14.928425
683,10.397256
684,9.730221
685,5.607825
686,6.212935
687,12.707653
688,14.985575
689,20.218397
690,6.802727
691,7.355380
692,5.559463
693,7.212127
694,12.665636
695,18.757139
696,6.671882
697,6.430396
698,13.914900
699,7.208285
700,23.083072
701,14.080994
702,5.019722
703,4.061566
704,13.431074
705,8.934366
706,11.623170
707,12.472200
708,9.770781
709,7.017038
710,14.284032
711,6.940817
712,6.185624
713,18.996271
714,6.741971
715,36.186593
716,6.783425
717,5.540468
718,15.129017
719,5.459809
720,21.003738
721,9.645628
722,7.168645
723,6.087343
724,15.130965
725,6.464198
726,6.589504
727,9.172648
728,21.927768
729,6.853504
730,10.222864
731,4.400985
732,5.881296
733,5.670075
734,13.046024
735,19.175076
736,13.069306
737,9.362609
738,6.967577
739,5.094638
740,17.756446
741,4.462751
742,5.822535
743,35.600641
744,5.361115
745,15.095762
746,17.658187
747,5.136286
748,14.054411
749,5.870708
750,31.346183
751,9.099182
752,6.709010
753,12.825382
754,15.957974
755,36.549205
756,6.046182
757,7.235515
758,8.039442
759,5.001976
760,6.526372
761,6.444974
762,4.041831
763,6.219983
764,14.936180
765,14.940815
766,14.401941
767,14.693502
768,12.980857
769,19.029704
770,5.982554
771,14.579588
772,8.333076
773,19.983344
774,6.893063
775,9.250795
776,7.523491
777,8.117810
778,5.096123
779,5.426316
780,18.454615
781,6.220687
782,5.679342
783,6.437420
784,17.451004
785,12.442635
786,6.497884
787,7.819669
788,17.223545
789,7.808786
790,6.175887
791,28.976261
792,5.821098
793,6.525693
794,6.300390
795,28.045816
796,9.387179
797,6.508871
798,5.976366
799,7.761117
800,7.162901
801,14.354462
802,12.889781
803,15.385155
804,5.247740
805,40.879601
806,7.469115
807,6.389871
808,5.933768
809,6.721715
810,8.059577
811,4.225433
812,15.124082
813,6.585535
814,14.595734
815,7.317394
816,7.350494
817,6.164742
818,4.754055
819,10.931647
820,7.039634
821,16.092971
822,7.120430
823,45.624229
824,6.627987
825,5.392933
826,6.027355
827,12.377541
828,6.360629
829,7.050839
830,7.060103
831,23.311567
832,5.633259
833,4.694143
834,9.808606
835,6.836222
836,7.299844
837,8.061133
838,4.907750
839,5.381978
840,6.136884
841,6.774288
842,6.093999
843,19.408172
844,6.062030
845,10.456454
846,6.108775
847,5.232985
848,5.673803
849,13.345559
850,11.932327
851,6.195170
852,17.406973
853,6.802951
854,17.306089
855,26.335094
856,15.343604
857,13.790778
858,6.355983
859,23.667985
860,16.468828
861,4.385753
862,7.854354
863,5.879415
864,15.402175
865,6.738141
866,13.287948
867,11.461249
868,8.386127
869,6.297636
870,5.742820
871,7.100103
872,11.239177
873,16.368368
874,13.290194
875,12.497892
876,16.392104
877,14.565282
878,11.064721
879,7.106459
880,7.534143
881,5.273038
882,25.560762
883,14.447124
884,12.935365
886,17.771649
887,30.478946
888,14.117739
889,5.669461
890,7.175449
891,6.813135
892,16.950425
893,17.173779
894,6.887415
895,13.343971
896,14.216908
897,7.060010
898,24.137555
899,6.364990
900,10.837395
901,12.616292
902,6.389728
903,6.177843
904,18.213727
905,7.045072
906,12.767652
907,4.077631
908,12.303813
909,19.187873
910,6.821725
911,5.096512
912,14.919096
913,5.430472
914,6.456848
915,11.069749
916,6.913567
917,6.028423
918,10.789124
919,6.161475
920,11.323044
921,4.377723
922,6.377294
923,6.585856
924,17.337595
925,4.992467
926,6.163691
927,6.523421
928,5.663623
929,13.090196
930,12.133058
931,13.107053
932,13.085054
933,10.445705
934,14.214335
935,6.492520
936,11.130124
937,6.209749
938,13.634943
939,12.505343
940,19.632831
941,24.235307
942,6.831997
943,5.264046
944,14.078829
945,6.248454
946,14.201345
947,8.434061
948,9.394890
949,7.062767
950,5.745403
951,5.187551
952,6.582262
953,13.543343
954,7.429730
955,11.513719
956,7.879233
957,5.791415
958,12.402475
959,6.079617
960,6.527369
961,14.961556
962,19.363967
963,11.928342
964,17.984780
965,4.627592
966,21.287338
967,12.028039
968,22.010095
969,5.674909
970,5.792783
971,19.864317
972,5.024803
973,12.362843
974,8.946513
975,6.055804
976,6.543911
977,15.484352
978,7.223271
979,6.858132
980,15.196101
981,6.632803
982,6.415072
983,13.427845
984,21.290046
985,11.709648
987,7.579107
988,14.352975
989,11.623422
990,6.373279
991,12.621942
992,6.137772
993,15.206496
994,14.574099
995,6.436109
996,7.014422
997,12.850765
998,14.275474
999,9.818106
1000,4.743829
1001,12.187019
1002,12.402751
1003,8.934570
1004,6.928609
